state_name,lga_name,ward_name,name,pu_code,document,uploaded_at,has_old_documents,json_url
ZAMFARA,ANKA,BAGEGA,BAGEGA ASIBITI,36/01/01/015,,,false,https://raw.githubusercontent.com/mykeels/inec-presidential-elections-2023/master/results/37-zamfara\3863-anka\26187-bagega\polling-units.json
ZAMFARA,ANKA,BAGEGA,BAGEGA I/KANWURI,36/01/01/001,,,false,https://raw.githubusercontent.com/mykeels/inec-presidential-elections-2023/master/results/37-zamfara\3863-anka\26187-bagega\polling-units.json
ZAMFARA,ANKA,BAGEGA,BAGEGA II/MAKARANTA,36/01/01/002,,,false,https://raw.githubusercontent.com/mykeels/inec-presidential-elections-2023/master/results/37-zamfara\3863-anka\26187-bagega\polling-units.json
ZAMFARA,ANKA,BAGEGA,DANGAZAU/PRI. SCH,36/01/01/009,,,false,https://raw.githubusercontent.com/mykeels/inec-presidential-elections-2023/master/results/37-zamfara\3863-anka\26187-bagega\polling-units.json
ZAMFARA,ANKA,BAGEGA,DAWON -JIYA/KANWURI,36/01/01/007,,,false,https://raw.githubusercontent.com/mykeels/inec-presidential-elections-2023/master/results/37-zamfara\3863-anka\26187-bagega\polling-units.json
ZAMFARA,ANKA,BAGEGA,DUTSI/GARKA,36/01/01/010,,,false,https://raw.githubusercontent.com/mykeels/inec-presidential-elections-2023/master/results/37-zamfara\3863-anka\26187-bagega\polling-units.json
ZAMFARA,ANKA,BAGEGA,DUZA/PRI. SCH,36/01/01/008,https://docs.inecelectionresults.net/elections_prod/1292/state/1/lga/3863/ward/26187/pu/118567/118567-1677514667.pdf,2023-02-27T16:30:10.926Z,false,https://raw.githubusercontent.com/mykeels/inec-presidential-elections-2023/master/results/37-zamfara\3863-anka\26187-bagega\polling-units.json
ZAMFARA,ANKA,BAGEGA,GARKAR AJIYA BAKIN KASUWA,36/01/01/014,,,false,https://raw.githubusercontent.com/mykeels/inec-presidential-elections-2023/master/results/37-zamfara\3863-anka\26187-bagega\polling-units.json
ZAMFARA,ANKA,BAGEGA,KASUMKA/PRI. SCHOOL,36/01/01/012,,,false,https://raw.githubusercontent.com/mykeels/inec-presidential-elections-2023/master/results/37-zamfara\3863-anka\26187-bagega\polling-units.json
ZAMFARA,ANKA,BAGEGA,KAWAYE  II/KANWURI,36/01/01/006,,,false,https://raw.githubusercontent.com/mykeels/inec-presidential-elections-2023/master/results/37-zamfara\3863-anka\26187-bagega\polling-units.json
ZAMFARA,ANKA,BAGEGA,KAWAYE ASIBITI,36/01/01/017,,,false,https://raw.githubusercontent.com/mykeels/inec-presidential-elections-2023/master/results/37-zamfara\3863-anka\26187-bagega\polling-units.json
ZAMFARA,ANKA,BAGEGA,KAWAYE I /MAKARANTA,36/01/01/005,,,false,https://raw.githubusercontent.com/mykeels/inec-presidential-elections-2023/master/results/37-zamfara\3863-anka\26187-bagega\polling-units.json
ZAMFARA,ANKA,BAGEGA,MAKAKARI G/HAKIMI,36/01/01/022,,,false,https://raw.githubusercontent.com/mykeels/inec-presidential-elections-2023/master/results/37-zamfara\3863-anka\26187-bagega\polling-units.json
ZAMFARA,ANKA,BAGEGA,MAKAKARI/PRI. SCHOOL,36/01/01/013,,,false,https://raw.githubusercontent.com/mykeels/inec-presidential-elections-2023/master/results/37-zamfara\3863-anka\26187-bagega\polling-units.json
ZAMFARA,ANKA,BAGEGA,MALLAMAWA/PRI. SCH.,36/01/01/004,https://docs.inecelectionresults.net/elections_prod/1292/state/01/lga/01/ward/01/pu/004/004-1677369571.pdf,2023-02-26T00:00:04.468Z,false,https://raw.githubusercontent.com/mykeels/inec-presidential-elections-2023/master/results/37-zamfara\3863-anka\26187-bagega\polling-units.json
ZAMFARA,ANKA,BAGEGA,SHIYAR LIMAN,36/01/01/018,,,false,https://raw.githubusercontent.com/mykeels/inec-presidential-elections-2023/master/results/37-zamfara\3863-anka\26187-bagega\polling-units.json
ZAMFARA,ANKA,BAGEGA,SUMKE G/HAKIMI,36/01/01/021,,,false,https://raw.githubusercontent.com/mykeels/inec-presidential-elections-2023/master/results/37-zamfara\3863-anka\26187-bagega\polling-units.json
ZAMFARA,ANKA,BAGEGA,TUBUKI MAKARANTA,36/01/01/016,,,false,https://raw.githubusercontent.com/mykeels/inec-presidential-elections-2023/master/results/37-zamfara\3863-anka\26187-bagega\polling-units.json
ZAMFARA,ANKA,BAGEGA,TUBUKI/GARKA,36/01/01/003,https://docs.inecelectionresults.net/elections_prod/1292/state/01/lga/01/ward/01/pu/003/003-1677368462.pdf,2023-02-25T23:42:00.697Z,false,https://raw.githubusercontent.com/mykeels/inec-presidential-elections-2023/master/results/37-zamfara\3863-anka\26187-bagega\polling-units.json
ZAMFARA,ANKA,BAGEGA,TUNGAR DAJI P S,36/01/01/019,,,false,https://raw.githubusercontent.com/mykeels/inec-presidential-elections-2023/master/results/37-zamfara\3863-anka\26187-bagega\polling-units.json
ZAMFARA,ANKA,BAGEGA,TUNTAJIYA PRI SCH,36/01/01/020,,,false,https://raw.githubusercontent.com/mykeels/inec-presidential-elections-2023/master/results/37-zamfara\3863-anka\26187-bagega\polling-units.json
ZAMFARA,ANKA,BAGEGA,ZAMFARAWA/PRI. SCHOOL,36/01/01/011,,,false,https://raw.githubusercontent.com/mykeels/inec-presidential-elections-2023/master/results/37-zamfara\3863-anka\26187-bagega\polling-units.json
ZAMFARA,ANKA,BARAYAR-ZAKI,BARAYAR-ZAKI/KANWURI,36/01/02/001,https://docs.inecelectionresults.net/elections_prod/1292/state/01/lga/01/ward/02/pu/001/001-1677419812.pdf,2023-02-26T13:57:01.277Z,false,https://raw.githubusercontent.com/mykeels/inec-presidential-elections-2023/master/results/37-zamfara\3863-anka\26188-barayar-zaki\polling-units.json
ZAMFARA,ANKA,BARAYAR-ZAKI,BARDI/KANWURI,36/01/02/008,https://docs.inecelectionresults.net/elections_prod/1292/state/01/lga/01/ward/02/pu/008/008-1677419988.pdf,2023-02-26T14:00:02.395Z,false,https://raw.githubusercontent.com/mykeels/inec-presidential-elections-2023/master/results/37-zamfara\3863-anka\26188-barayar-zaki\polling-units.json
ZAMFARA,ANKA,BARAYAR-ZAKI,DUTSIN DAN - AJIYA/G/ HAKIMI,36/01/02/005,https://docs.inecelectionresults.net/elections_prod/1292/state/01/lga/01/ward/02/pu/005/005-1677421744.pdf,2023-02-26T15:20:32.165Z,false,https://raw.githubusercontent.com/mykeels/inec-presidential-elections-2023/master/results/37-zamfara\3863-anka\26188-barayar-zaki\polling-units.json
ZAMFARA,ANKA,BARAYAR-ZAKI,JIGAWA/KANWURI,36/01/02/007,https://docs.inecelectionresults.net/elections_prod/1292/state/01/lga/01/ward/02/pu/007/007-1677422108.pdf,2023-02-26T15:20:45.445Z,false,https://raw.githubusercontent.com/mykeels/inec-presidential-elections-2023/master/results/37-zamfara\3863-anka\26188-barayar-zaki\polling-units.json
ZAMFARA,ANKA,BARAYAR-ZAKI,LAHO/LAHO,36/01/02/010,https://docs.inecelectionresults.net/elections_prod/1292/state/01/lga/01/ward/02/pu/010/010-1677415595.pdf,2023-02-26T12:47:02.733Z,false,https://raw.githubusercontent.com/mykeels/inec-presidential-elections-2023/master/results/37-zamfara\3863-anka\26188-barayar-zaki\polling-units.json
ZAMFARA,ANKA,BARAYAR-ZAKI,MALLAMAWA/PRI. SCH.,36/01/02/009,https://docs.inecelectionresults.net/elections_prod/1292/state/01/lga/01/ward/02/pu/009/009-1677422869.pdf,2023-02-26T15:22:04.435Z,false,https://raw.githubusercontent.com/mykeels/inec-presidential-elections-2023/master/results/37-zamfara\3863-anka\26188-barayar-zaki\polling-units.json
ZAMFARA,ANKA,BARAYAR-ZAKI,RAFIN-GERO/KANWURI,36/01/02/002,https://docs.inecelectionresults.net/elections_prod/1292/state/01/lga/01/ward/02/pu/002/002-1677422468.pdf,2023-02-26T15:20:58.064Z,false,https://raw.githubusercontent.com/mykeels/inec-presidential-elections-2023/master/results/37-zamfara\3863-anka\26188-barayar-zaki\polling-units.json
ZAMFARA,ANKA,BARAYAR-ZAKI,RAIYA/KANWURI,36/01/02/006,https://docs.inecelectionresults.net/elections_prod/1292/state/01/lga/01/ward/02/pu/006/006-1677422527.pdf,2023-02-26T15:20:59.695Z,false,https://raw.githubusercontent.com/mykeels/inec-presidential-elections-2023/master/results/37-zamfara\3863-anka\26188-barayar-zaki\polling-units.json
ZAMFARA,ANKA,BARAYAR-ZAKI,S / GARIN TIGALLA/TIGALLA,36/01/02/017,https://docs.inecelectionresults.net/elections_prod/1292/state/01/lga/01/ward/02/pu/017/017-1677419337.pdf,2023-02-26T13:49:02.914Z,false,https://raw.githubusercontent.com/mykeels/inec-presidential-elections-2023/master/results/37-zamfara\3863-anka\26188-barayar-zaki\polling-units.json
ZAMFARA,ANKA,BARAYAR-ZAKI,S/GARI SALA/S/ GARI,36/01/02/015,https://docs.inecelectionresults.net/elections_prod/1292/state/01/lga/01/ward/02/pu/015/015-1677420514.pdf,2023-02-26T14:09:01.568Z,false,https://raw.githubusercontent.com/mykeels/inec-presidential-elections-2023/master/results/37-zamfara\3863-anka\26188-barayar-zaki\polling-units.json
ZAMFARA,ANKA,BARAYAR-ZAKI,SALLAH/PRI SCHOOL,36/01/02/011,https://docs.inecelectionresults.net/elections_prod/1292/state/01/lga/01/ward/02/pu/011/011-1677421725.pdf,2023-02-26T15:20:31.678Z,false,https://raw.githubusercontent.com/mykeels/inec-presidential-elections-2023/master/results/37-zamfara\3863-anka\26188-barayar-zaki\polling-units.json
ZAMFARA,ANKA,BARAYAR-ZAKI,SHIYAR - LIMAN/LIMANCHI,36/01/02/012,https://docs.inecelectionresults.net/elections_prod/1292/state/01/lga/01/ward/02/pu/012/012-1677422168.pdf,2023-02-26T15:20:47.004Z,false,https://raw.githubusercontent.com/mykeels/inec-presidential-elections-2023/master/results/37-zamfara\3863-anka\26188-barayar-zaki\polling-units.json
ZAMFARA,ANKA,BARAYAR-ZAKI,SHIYAR S/GARI/SABON GARI,36/01/02/013,https://docs.inecelectionresults.net/elections_prod/1292/state/01/lga/01/ward/02/pu/013/013-1677421747.pdf,2023-02-26T15:20:32.358Z,false,https://raw.githubusercontent.com/mykeels/inec-presidential-elections-2023/master/results/37-zamfara\3863-anka\26188-barayar-zaki\polling-units.json
ZAMFARA,ANKA,BARAYAR-ZAKI,TUNGAR DANGIDO/TUNGA,36/01/02/014,https://docs.inecelectionresults.net/elections_prod/1292/state/1/lga/3863/ward/26188/pu/118586/118586-1677512633.pdf,2023-02-27T15:44:01.319Z,false,https://raw.githubusercontent.com/mykeels/inec-presidential-elections-2023/master/results/37-zamfara\3863-anka\26188-barayar-zaki\polling-units.json
ZAMFARA,ANKA,BARAYAR-ZAKI,TUNGAR GEZA/GEZA,36/01/02/016,https://docs.inecelectionresults.net/elections_prod/1292/state/01/lga/01/ward/02/pu/016/016-1677420189.pdf,2023-02-26T14:04:01.086Z,false,https://raw.githubusercontent.com/mykeels/inec-presidential-elections-2023/master/results/37-zamfara\3863-anka\26188-barayar-zaki\polling-units.json
ZAMFARA,ANKA,BARAYAR-ZAKI,TUNGAR GODAI/GIDAN HAKIMI,36/01/02/003,https://docs.inecelectionresults.net/elections_prod/1292/state/01/lga/01/ward/02/pu/003/003-1677421911.pdf,2023-02-26T15:20:38.388Z,false,https://raw.githubusercontent.com/mykeels/inec-presidential-elections-2023/master/results/37-zamfara\3863-anka\26188-barayar-zaki\polling-units.json
ZAMFARA,ANKA,BARAYAR-ZAKI,TUNGAR NAMORE/G/HAKIMI,36/01/02/004,https://docs.inecelectionresults.net/elections_prod/1292/state/01/lga/01/ward/02/pu/004/004-1677420241.pdf,2023-02-26T14:04:59.873Z,false,https://raw.githubusercontent.com/mykeels/inec-presidential-elections-2023/master/results/37-zamfara\3863-anka\26188-barayar-zaki\polling-units.json
ZAMFARA,ANKA,DAN GALADIMA,ALH. KANTI/GIDAN ALH. KANTI,36/01/03/003,https://docs.inecelectionresults.net/elections_prod/1292/state/1/lga/3863/ward/26189/pu/118592/118592-1677508335.pdf,2023-02-27T14:33:01.209Z,false,https://raw.githubusercontent.com/mykeels/inec-presidential-elections-2023/master/results/37-zamfara\3863-anka\26189-dan-galadima\polling-units.json
ZAMFARA,ANKA,DAN GALADIMA,DANDAMBE/GARKAR DANDAMBE,36/01/03/002,https://docs.inecelectionresults.net/elections_prod/1292/state/01/lga/01/ward/03/pu/002/002-1677358712.pdf,2023-02-25T21:13:18.015Z,false,https://raw.githubusercontent.com/mykeels/inec-presidential-elections-2023/master/results/37-zamfara\3863-anka\26189-dan-galadima\polling-units.json
ZAMFARA,ANKA,DAN GALADIMA,G.S.S./SECONDARY SCHOOL,36/01/03/004,https://docs.inecelectionresults.net/elections_prod/1292/state/1/lga/3863/ward/26189/pu/118593/118593-1677513833.pdf,2023-02-27T16:05:03.118Z,false,https://raw.githubusercontent.com/mykeels/inec-presidential-elections-2023/master/results/37-zamfara\3863-anka\26189-dan-galadima\polling-units.json
ZAMFARA,ANKA,DAN GALADIMA,GARGAM II/ PRIMARY SCHOOL,36/01/03/011,,,false,https://raw.githubusercontent.com/mykeels/inec-presidential-elections-2023/master/results/37-zamfara\3863-anka\26189-dan-galadima\polling-units.json
ZAMFARA,ANKA,DAN GALADIMA,GARGAM/GARKAR HAKIMI,36/01/03/005,https://docs.inecelectionresults.net/elections_prod/1292/state/1/lga/3863/ward/26189/pu/118594/118594-1677509463.pdf,2023-02-27T14:55:01.087Z,false,https://raw.githubusercontent.com/mykeels/inec-presidential-elections-2023/master/results/37-zamfara\3863-anka\26189-dan-galadima\polling-units.json
ZAMFARA,ANKA,DAN GALADIMA,HAYIN BANKI,36/01/03/010,https://docs.inecelectionresults.net/elections_prod/1292/state/1/lga/3863/ward/26189/pu/177635/177635-1677511343.pdf,2023-02-27T15:23:16.371Z,false,https://raw.githubusercontent.com/mykeels/inec-presidential-elections-2023/master/results/37-zamfara\3863-anka\26189-dan-galadima\polling-units.json
ZAMFARA,ANKA,DAN GALADIMA,J.N.I./PRIMARY SCHOOL,36/01/03/001,https://docs.inecelectionresults.net/elections_prod/1292/state/1/lga/3863/ward/26189/pu/118590/118590-1677514166.pdf,2023-02-27T16:10:01.203Z,false,https://raw.githubusercontent.com/mykeels/inec-presidential-elections-2023/master/results/37-zamfara\3863-anka\26189-dan-galadima\polling-units.json
ZAMFARA,ANKA,DAN GALADIMA,JNI PRI SCH II,36/01/03/008,https://docs.inecelectionresults.net/elections_prod/1292/state/1/lga/3863/ward/26189/pu/177633/177633-1677510904.pdf,2023-02-27T15:23:01.042Z,false,https://raw.githubusercontent.com/mykeels/inec-presidential-elections-2023/master/results/37-zamfara\3863-anka\26189-dan-galadima\polling-units.json
ZAMFARA,ANKA,DAN GALADIMA,KASUWAR DAJI,36/01/03/009,,,false,https://raw.githubusercontent.com/mykeels/inec-presidential-elections-2023/master/results/37-zamfara\3863-anka\26189-dan-galadima\polling-units.json
ZAMFARA,ANKA,DAN GALADIMA,MODEL PRI SCH II,36/01/03/012,https://docs.inecelectionresults.net/elections_prod/1292/state/01/lga/01/ward/03/pu/012/012-1677369029.pdf,2023-02-25T23:51:01.375Z,false,https://raw.githubusercontent.com/mykeels/inec-presidential-elections-2023/master/results/37-zamfara\3863-anka\26189-dan-galadima\polling-units.json
ZAMFARA,ANKA,DAN GALADIMA,MODEL PRI. SCH./PRIMARY SCHOOL,36/01/03/007,https://docs.inecelectionresults.net/elections_prod/1292/state/01/lga/01/ward/03/pu/007/007-1677368976.pdf,2023-02-25T23:50:02.000Z,false,https://raw.githubusercontent.com/mykeels/inec-presidential-elections-2023/master/results/37-zamfara\3863-anka\26189-dan-galadima\polling-units.json
ZAMFARA,ANKA,DAN GALADIMA,TUNGAR DAN GALADIMA/GARKAR HAKIMI,36/01/03/006,https://docs.inecelectionresults.net/elections_prod/1292/state/01/lga/01/ward/03/pu/006/006-1677419858.pdf,2023-02-26T13:58:01.962Z,false,https://raw.githubusercontent.com/mykeels/inec-presidential-elections-2023/master/results/37-zamfara\3863-anka\26189-dan-galadima\polling-units.json
ZAMFARA,ANKA,GALADIMA,ANKA I PRI SCH,36/01/04/012,,,false,https://raw.githubusercontent.com/mykeels/inec-presidential-elections-2023/master/results/37-zamfara\3863-anka\26190-galadima\polling-units.json
ZAMFARA,ANKA,GALADIMA,BABBAN BAYE/BABBAN BAYE,36/01/04/005,,,false,https://raw.githubusercontent.com/mykeels/inec-presidential-elections-2023/master/results/37-zamfara\3863-anka\26190-galadima\polling-units.json
ZAMFARA,ANKA,GALADIMA,INWALA/KANWURI,36/01/04/007,https://docs.inecelectionresults.net/elections_prod/1292/state/01/lga/01/ward/04/pu/007/007-1677413627.pdf,2023-02-26T12:45:22.377Z,false,https://raw.githubusercontent.com/mykeels/inec-presidential-elections-2023/master/results/37-zamfara\3863-anka\26190-galadima\polling-units.json
ZAMFARA,ANKA,GALADIMA,KADADDABA DISPENSARY,36/01/04/011,https://docs.inecelectionresults.net/elections_prod/1292/state/01/lga/01/ward/04/pu/011/011-1677414026.pdf,2023-02-26T12:45:38.411Z,false,https://raw.githubusercontent.com/mykeels/inec-presidential-elections-2023/master/results/37-zamfara\3863-anka\26190-galadima\polling-units.json
ZAMFARA,ANKA,GALADIMA,KADADDABA/PRI. SCH.,36/01/04/002,,,false,https://raw.githubusercontent.com/mykeels/inec-presidential-elections-2023/master/results/37-zamfara\3863-anka\26190-galadima\polling-units.json
ZAMFARA,ANKA,GALADIMA,KANWURI/PALACE,36/01/04/003,,,false,https://raw.githubusercontent.com/mykeels/inec-presidential-elections-2023/master/results/37-zamfara\3863-anka\26190-galadima\polling-units.json
ZAMFARA,ANKA,GALADIMA,KHADI BALARABE ISL.SCH,36/01/04/014,https://docs.inecelectionresults.net/elections_prod/1292/state/01/lga/01/ward/04/pu/014/014-1677370014.pdf,2023-02-26T00:07:01.250Z,false,https://raw.githubusercontent.com/mykeels/inec-presidential-elections-2023/master/results/37-zamfara\3863-anka\26190-galadima\polling-units.json
ZAMFARA,ANKA,GALADIMA,LALLAHO/KANWURI,36/01/04/006,https://docs.inecelectionresults.net/elections_prod/1292/state/01/lga/01/ward/04/pu/006/006-1677372402.pdf,2023-02-26T00:47:02.741Z,false,https://raw.githubusercontent.com/mykeels/inec-presidential-elections-2023/master/results/37-zamfara\3863-anka\26190-galadima\polling-units.json
ZAMFARA,ANKA,GALADIMA,LIMANCI/BAKIN MASALLACHI,36/01/04/008,https://docs.inecelectionresults.net/elections_prod/1292/state/01/lga/01/ward/04/pu/008/008-1677413501.pdf,2023-02-26T12:45:17.775Z,false,https://raw.githubusercontent.com/mykeels/inec-presidential-elections-2023/master/results/37-zamfara\3863-anka\26190-galadima\polling-units.json
ZAMFARA,ANKA,GALADIMA,MASALLACIN MINISTA,36/01/04/010,https://docs.inecelectionresults.net/elections_prod/1292/state/01/lga/01/ward/04/pu/010/010-1677362080.pdf,2023-02-25T21:55:02.259Z,false,https://raw.githubusercontent.com/mykeels/inec-presidential-elections-2023/master/results/37-zamfara\3863-anka\26190-galadima\polling-units.json
ZAMFARA,ANKA,GALADIMA,PHC GALADANCI,36/01/04/013,https://docs.inecelectionresults.net/elections_prod/1292/state/01/lga/01/ward/04/pu/013/013-1677365667.pdf,2023-02-25T22:55:01.815Z,false,https://raw.githubusercontent.com/mykeels/inec-presidential-elections-2023/master/results/37-zamfara\3863-anka\26190-galadima\polling-units.json
ZAMFARA,ANKA,GALADIMA,RUWANKAI/G/HAKIMI,36/01/04/009,https://docs.inecelectionresults.net/elections_prod/1292/state/01/lga/01/ward/04/pu/009/009-1677413799.pdf,2023-02-26T12:45:29.506Z,false,https://raw.githubusercontent.com/mykeels/inec-presidential-elections-2023/master/results/37-zamfara\3863-anka\26190-galadima\polling-units.json
ZAMFARA,ANKA,GALADIMA,SHIYAR -YARI/GIDAN YARI,36/01/04/001,https://docs.inecelectionresults.net/elections_prod/1292/state/01/lga/01/ward/04/pu/001/001-1677369925.pdf,2023-02-26T00:06:01.865Z,false,https://raw.githubusercontent.com/mykeels/inec-presidential-elections-2023/master/results/37-zamfara\3863-anka\26190-galadima\polling-units.json
ZAMFARA,ANKA,GALADIMA,SHIYAR SARKIN RUWA/GARKAR SARKIN RUWA,36/01/04/004,https://docs.inecelectionresults.net/elections_prod/1292/state/01/lga/01/ward/04/pu/004/004-1677369377.pdf,2023-02-25T23:57:00.851Z,false,https://raw.githubusercontent.com/mykeels/inec-presidential-elections-2023/master/results/37-zamfara\3863-anka\26190-galadima\polling-units.json
ZAMFARA,ANKA,MAGAJI,ABARE ASIBITI,36/01/05/018,,,false,https://raw.githubusercontent.com/mykeels/inec-presidential-elections-2023/master/results/37-zamfara\3863-anka\26191-magaji\polling-units.json
ZAMFARA,ANKA,MAGAJI,ABARE/PRI. SCH.,36/01/05/007,https://docs.inecelectionresults.net/elections_prod/1292/state/01/lga/01/ward/05/pu/007/007-1677415408.pdf,2023-02-26T12:46:32.322Z,false,https://raw.githubusercontent.com/mykeels/inec-presidential-elections-2023/master/results/37-zamfara\3863-anka\26191-magaji\polling-units.json
ZAMFARA,ANKA,MAGAJI,ASIBITIN MARAYU,36/01/05/014,https://docs.inecelectionresults.net/elections_prod/1292/state/01/lga/01/ward/05/pu/014/014-1677418275.pdf,2023-02-26T13:32:01.215Z,false,https://raw.githubusercontent.com/mykeels/inec-presidential-elections-2023/master/results/37-zamfara\3863-anka\26191-magaji\polling-units.json
ZAMFARA,ANKA,MAGAJI,BANBARAN/KANWURI,36/01/05/004,https://docs.inecelectionresults.net/elections_prod/1292/state/01/lga/01/ward/05/pu/004/004-1677417757.pdf,2023-02-26T13:23:01.750Z,false,https://raw.githubusercontent.com/mykeels/inec-presidential-elections-2023/master/results/37-zamfara\3863-anka\26191-magaji\polling-units.json
ZAMFARA,ANKA,MAGAJI,DARETA/PRI. SCHOOL,36/01/05/002,https://docs.inecelectionresults.net/elections_prod/1292/state/01/lga/01/ward/05/pu/002/002-1677419086.pdf,2023-02-26T13:45:01.337Z,false,https://raw.githubusercontent.com/mykeels/inec-presidential-elections-2023/master/results/37-zamfara\3863-anka\26191-magaji\polling-units.json
ZAMFARA,ANKA,MAGAJI,GARKAR ALIN KILO/GIDAN ALH. ALI KILO,36/01/05/006,https://docs.inecelectionresults.net/elections_prod/1292/state/01/lga/01/ward/05/pu/006/006-1677418681.pdf,2023-02-26T13:38:59.793Z,false,https://raw.githubusercontent.com/mykeels/inec-presidential-elections-2023/master/results/37-zamfara\3863-anka\26191-magaji\polling-units.json
ZAMFARA,ANKA,MAGAJI,GARKAR MAGAJI/GARKAR MAGAJI,36/01/05/003,https://docs.inecelectionresults.net/elections_prod/1292/state/01/lga/01/ward/05/pu/003/003-1677414789.pdf,2023-02-26T12:46:09.611Z,false,https://raw.githubusercontent.com/mykeels/inec-presidential-elections-2023/master/results/37-zamfara\3863-anka\26191-magaji\polling-units.json
ZAMFARA,ANKA,MAGAJI,GDSS ANKA,36/01/05/013,https://docs.inecelectionresults.net/elections_prod/1292/state/01/lga/01/ward/05/pu/013/013-1677415720.pdf,2023-02-26T12:49:01.724Z,false,https://raw.githubusercontent.com/mykeels/inec-presidential-elections-2023/master/results/37-zamfara\3863-anka\26191-magaji\polling-units.json
ZAMFARA,ANKA,MAGAJI,GIDAN RUWA,36/01/05/011,https://docs.inecelectionresults.net/elections_prod/1292/state/01/lga/01/ward/05/pu/011/011-1677418338.pdf,2023-02-26T13:33:01.855Z,false,https://raw.githubusercontent.com/mykeels/inec-presidential-elections-2023/master/results/37-zamfara\3863-anka\26191-magaji\polling-units.json
ZAMFARA,ANKA,MAGAJI,KARIMA/KARIMA GUEST INN,36/01/05/008,https://docs.inecelectionresults.net/elections_prod/1292/state/01/lga/01/ward/05/pu/008/008-1677418148.pdf,2023-02-26T13:30:01.164Z,false,https://raw.githubusercontent.com/mykeels/inec-presidential-elections-2023/master/results/37-zamfara\3863-anka\26191-magaji\polling-units.json
ZAMFARA,ANKA,MAGAJI,MAKARANTAR MAL.ADAM,36/01/05/012,https://docs.inecelectionresults.net/elections_prod/1292/state/01/lga/01/ward/05/pu/012/012-1677419174.pdf,2023-02-26T13:47:00.884Z,false,https://raw.githubusercontent.com/mykeels/inec-presidential-elections-2023/master/results/37-zamfara\3863-anka\26191-magaji\polling-units.json
ZAMFARA,ANKA,MAGAJI,MAKARANTAR MZ,36/01/05/016,https://docs.inecelectionresults.net/elections_prod/1292/state/01/lga/01/ward/05/pu/016/016-1677414376.pdf,2023-02-26T12:45:52.427Z,false,https://raw.githubusercontent.com/mykeels/inec-presidential-elections-2023/master/results/37-zamfara\3863-anka\26191-magaji\polling-units.json
ZAMFARA,ANKA,MAGAJI,MASALLACIN BAKIN BASHA,36/01/05/015,,,false,https://raw.githubusercontent.com/mykeels/inec-presidential-elections-2023/master/results/37-zamfara\3863-anka\26191-magaji\polling-units.json
ZAMFARA,ANKA,MAGAJI,NEW MODEL PRI SCH,36/01/05/017,https://docs.inecelectionresults.net/elections_prod/1292/state/01/lga/01/ward/05/pu/017/017-1677418598.pdf,2023-02-26T13:37:02.199Z,false,https://raw.githubusercontent.com/mykeels/inec-presidential-elections-2023/master/results/37-zamfara\3863-anka\26191-magaji\polling-units.json
ZAMFARA,ANKA,MAGAJI,SAKATARIYA/SECRETARIAT,36/01/05/005,https://docs.inecelectionresults.net/elections_prod/1292/state/01/lga/01/ward/05/pu/005/005-1677418085.pdf,2023-02-26T13:29:00.764Z,false,https://raw.githubusercontent.com/mykeels/inec-presidential-elections-2023/master/results/37-zamfara\3863-anka\26191-magaji\polling-units.json
ZAMFARA,ANKA,MAGAJI,SARDAUNA/GARKAR SARDAUNA,36/01/05/010,https://docs.inecelectionresults.net/elections_prod/1292/state/01/lga/01/ward/05/pu/010/010-1677415959.pdf,2023-02-26T12:53:01.884Z,false,https://raw.githubusercontent.com/mykeels/inec-presidential-elections-2023/master/results/37-zamfara\3863-anka\26191-magaji\polling-units.json
ZAMFARA,ANKA,MAGAJI,TUNGAR LIMAN/PRI. SCH.,36/01/05/001,https://docs.inecelectionresults.net/elections_prod/1292/state/01/lga/01/ward/05/pu/001/001-1677417587.pdf,2023-02-26T13:20:01.748Z,false,https://raw.githubusercontent.com/mykeels/inec-presidential-elections-2023/master/results/37-zamfara\3863-anka\26191-magaji\polling-units.json
ZAMFARA,ANKA,MAGAJI,TUNGAR MAI RAKUMI/GARKAR HAKIM,36/01/05/009,,,false,https://raw.githubusercontent.com/mykeels/inec-presidential-elections-2023/master/results/37-zamfara\3863-anka\26191-magaji\polling-units.json
ZAMFARA,ANKA,MATSERI,BABBAN BAYE/G/HAKIMI,36/01/06/012,https://docs.inecelectionresults.net/elections_prod/1292/state/1/lga/3863/ward/26192/pu/118627/118627-1677511320.pdf,2023-02-27T15:23:16.064Z,false,https://raw.githubusercontent.com/mykeels/inec-presidential-elections-2023/master/results/37-zamfara\3863-anka\26192-matseri\polling-units.json
ZAMFARA,ANKA,MATSERI,GADAR- MANYA/KANWURI,36/01/06/010,https://docs.inecelectionresults.net/elections_prod/1292/state/1/lga/3863/ward/26192/pu/118625/118625-1677508205.pdf,2023-02-27T14:31:01.374Z,false,https://raw.githubusercontent.com/mykeels/inec-presidential-elections-2023/master/results/37-zamfara\3863-anka\26192-matseri\polling-units.json
ZAMFARA,ANKA,MATSERI,GEBEN DAN BA'U - KANWURI,36/01/06/013,https://docs.inecelectionresults.net/elections_prod/1292/state/1/lga/3863/ward/26192/pu/118628/118628-1677509849.pdf,2023-02-27T14:58:01.564Z,false,https://raw.githubusercontent.com/mykeels/inec-presidential-elections-2023/master/results/37-zamfara\3863-anka\26192-matseri\polling-units.json
ZAMFARA,ANKA,MATSERI,GIMA I/PRI. SCH,36/01/06/001,https://docs.inecelectionresults.net/elections_prod/1292/state/1/lga/3863/ward/26192/pu/118616/118616-1677508779.pdf,2023-02-27T14:40:01.594Z,false,https://raw.githubusercontent.com/mykeels/inec-presidential-elections-2023/master/results/37-zamfara\3863-anka\26192-matseri\polling-units.json
ZAMFARA,ANKA,MATSERI,GIMA II/DAN BEDI,36/01/06/014,https://docs.inecelectionresults.net/elections_prod/1292/state/1/lga/3863/ward/26192/pu/118629/118629-1677589747.pdf,2023-02-28T13:28:17.775Z,true,https://raw.githubusercontent.com/mykeels/inec-presidential-elections-2023/master/results/37-zamfara\3863-anka\26192-matseri\polling-units.json
ZAMFARA,ANKA,MATSERI,GIMA III/GARKA,36/01/06/015,https://docs.inecelectionresults.net/elections_prod/1292/state/1/lga/3863/ward/26192/pu/118630/118630-1677511524.pdf,2023-02-27T15:26:01.819Z,false,https://raw.githubusercontent.com/mykeels/inec-presidential-elections-2023/master/results/37-zamfara\3863-anka\26192-matseri\polling-units.json
ZAMFARA,ANKA,MATSERI,GIRKAU/KANWURI,36/01/06/004,https://docs.inecelectionresults.net/elections_prod/1292/state/1/lga/3863/ward/26192/pu/118619/118619-1677510818.pdf,2023-02-27T15:15:02.299Z,false,https://raw.githubusercontent.com/mykeels/inec-presidential-elections-2023/master/results/37-zamfara\3863-anka\26192-matseri\polling-units.json
ZAMFARA,ANKA,MATSERI,KANGON GIRKAU/GIRKAU,36/01/06/016,,,false,https://raw.githubusercontent.com/mykeels/inec-presidential-elections-2023/master/results/37-zamfara\3863-anka\26192-matseri\polling-units.json
ZAMFARA,ANKA,MATSERI,KATUMBURE/KATUNBURE,36/01/06/020,https://docs.inecelectionresults.net/elections_prod/1292/state/1/lga/3863/ward/26192/pu/118635/118635-1677511086.pdf,2023-02-27T15:23:06.732Z,false,https://raw.githubusercontent.com/mykeels/inec-presidential-elections-2023/master/results/37-zamfara\3863-anka\26192-matseri\polling-units.json
ZAMFARA,ANKA,MATSERI,KWANAR - MAJE II/DISPENSARY,36/01/06/003,https://docs.inecelectionresults.net/elections_prod/1292/state/1/lga/3863/ward/26192/pu/118618/118618-1677590511.pdf,2023-02-28T13:28:45.006Z,true,https://raw.githubusercontent.com/mykeels/inec-presidential-elections-2023/master/results/37-zamfara\3863-anka\26192-matseri\polling-units.json
ZAMFARA,ANKA,MATSERI,KWANAR MAJE I/PRI. SCH.,36/01/06/002,https://docs.inecelectionresults.net/elections_prod/1292/state/1/lga/3863/ward/26192/pu/118617/118617-1677591831.pdf,2023-02-28T13:44:01.843Z,false,https://raw.githubusercontent.com/mykeels/inec-presidential-elections-2023/master/results/37-zamfara\3863-anka\26192-matseri\polling-units.json
ZAMFARA,ANKA,MATSERI,MAHUTA/GIDAN HAKIMI,36/01/06/009,https://docs.inecelectionresults.net/elections_prod/1292/state/1/lga/3863/ward/26192/pu/118624/118624-1677613422.pdf,2023-02-28T19:44:00.405Z,false,https://raw.githubusercontent.com/mykeels/inec-presidential-elections-2023/master/results/37-zamfara\3863-anka\26192-matseri\polling-units.json
ZAMFARA,ANKA,MATSERI,MAIDUMA/KANWURI,36/01/06/008,,,false,https://raw.githubusercontent.com/mykeels/inec-presidential-elections-2023/master/results/37-zamfara\3863-anka\26192-matseri\polling-units.json
ZAMFARA,ANKA,MATSERI,MANYA GALI/PRI. SCHOOL,36/01/06/011,https://docs.inecelectionresults.net/elections_prod/1292/state/01/lga/01/ward/06/pu/011/011-1677404359.pdf,2023-02-26T09:40:01.870Z,false,https://raw.githubusercontent.com/mykeels/inec-presidential-elections-2023/master/results/37-zamfara\3863-anka\26192-matseri\polling-units.json
ZAMFARA,ANKA,MATSERI,MANYA/MANYA  GARKA,36/01/06/018,https://docs.inecelectionresults.net/elections_prod/1292/state/1/lga/3863/ward/26192/pu/118633/118633-1677592800.pdf,2023-02-28T14:13:17.471Z,true,https://raw.githubusercontent.com/mykeels/inec-presidential-elections-2023/master/results/37-zamfara\3863-anka\26192-matseri\polling-units.json
ZAMFARA,ANKA,MATSERI,MATSERI/PRI. SCH.,36/01/06/007,https://docs.inecelectionresults.net/elections_prod/1292/state/1/lga/3863/ward/26192/pu/118622/118622-1677613392.pdf,2023-02-28T19:44:00.105Z,false,https://raw.githubusercontent.com/mykeels/inec-presidential-elections-2023/master/results/37-zamfara\3863-anka\26192-matseri\polling-units.json
ZAMFARA,ANKA,MATSERI,MATSERIN FILLANI/MATSERIN FULANI,36/01/06/019,,,false,https://raw.githubusercontent.com/mykeels/inec-presidential-elections-2023/master/results/37-zamfara\3863-anka\26192-matseri\polling-units.json
ZAMFARA,ANKA,MATSERI,TUDUN ROGO/GIDAN HAKIMI,36/01/06/005,https://docs.inecelectionresults.net/elections_prod/1292/state/1/lga/3863/ward/26192/pu/118620/118620-1677510723.pdf,2023-02-27T15:13:01.071Z,false,https://raw.githubusercontent.com/mykeels/inec-presidential-elections-2023/master/results/37-zamfara\3863-anka\26192-matseri\polling-units.json
ZAMFARA,ANKA,MATSERI,TUMBA/KANWURI,36/01/06/006,https://docs.inecelectionresults.net/elections_prod/1292/state/1/lga/3863/ward/26192/pu/118621/118621-1677590741.pdf,2023-02-28T13:28:54.028Z,true,https://raw.githubusercontent.com/mykeels/inec-presidential-elections-2023/master/results/37-zamfara\3863-anka\26192-matseri\polling-units.json
ZAMFARA,ANKA,MATSERI,ZAGA/ZAGA,36/01/06/017,https://docs.inecelectionresults.net/elections_prod/1292/state/1/lga/3863/ward/26192/pu/118632/118632-1677509331.pdf,2023-02-27T14:49:01.632Z,false,https://raw.githubusercontent.com/mykeels/inec-presidential-elections-2023/master/results/37-zamfara\3863-anka\26192-matseri\polling-units.json
ZAMFARA,ANKA,SABON BIRINI,AKUZO/GIDAN HAKIMI,36/01/07/014,https://docs.inecelectionresults.net/elections_prod/1292/state/01/lga/01/ward/07/pu/014/014-1677426803.pdf,2023-02-26T15:54:00.608Z,false,https://raw.githubusercontent.com/mykeels/inec-presidential-elections-2023/master/results/37-zamfara\3863-anka\26193-sabon-birini\polling-units.json
ZAMFARA,ANKA,SABON BIRINI,BAUDI PRI./SCHOOL,36/01/07/004,https://docs.inecelectionresults.net/elections_prod/1292/state/01/lga/01/ward/07/pu/004/004-1677419738.pdf,2023-02-26T13:56:01.669Z,false,https://raw.githubusercontent.com/mykeels/inec-presidential-elections-2023/master/results/37-zamfara\3863-anka\26193-sabon-birini\polling-units.json
ZAMFARA,ANKA,SABON BIRINI,BAWAR DAJI/PRI. SCH.,36/01/07/007,https://docs.inecelectionresults.net/elections_prod/1292/state/01/lga/01/ward/07/pu/007/007-1677417371.pdf,2023-02-26T13:19:10.457Z,false,https://raw.githubusercontent.com/mykeels/inec-presidential-elections-2023/master/results/37-zamfara\3863-anka\26193-sabon-birini\polling-units.json
ZAMFARA,ANKA,SABON BIRINI,D/KIRUNGU/PRI. SCH.,36/01/07/005,https://docs.inecelectionresults.net/elections_prod/1292/state/01/lga/01/ward/07/pu/005/005-1677418122.pdf,2023-02-26T13:29:02.210Z,false,https://raw.githubusercontent.com/mykeels/inec-presidential-elections-2023/master/results/37-zamfara\3863-anka\26193-sabon-birini\polling-units.json
ZAMFARA,ANKA,SABON BIRINI,D/KURYA/GIDAN HAKIMI,36/01/07/013,https://docs.inecelectionresults.net/elections_prod/1292/state/1/lga/3863/ward/26193/pu/118648/118648-1677514834.pdf,2023-02-27T16:30:16.700Z,false,https://raw.githubusercontent.com/mykeels/inec-presidential-elections-2023/master/results/37-zamfara\3863-anka\26193-sabon-birini\polling-units.json
ZAMFARA,ANKA,SABON BIRINI,D/SAULAWA KANWURI,36/01/07/016,https://docs.inecelectionresults.net/elections_prod/1292/state/1/lga/3863/ward/26193/pu/177652/177652-1677510555.pdf,2023-02-27T15:10:01.518Z,false,https://raw.githubusercontent.com/mykeels/inec-presidential-elections-2023/master/results/37-zamfara\3863-anka\26193-sabon-birini\polling-units.json
ZAMFARA,ANKA,SABON BIRINI,D/SAULAWA/PRI. SCHOOL,36/01/07/003,https://docs.inecelectionresults.net/elections_prod/1292/state/01/lga/01/ward/07/pu/003/003-1677424812.pdf,2023-02-26T15:24:05.934Z,false,https://raw.githubusercontent.com/mykeels/inec-presidential-elections-2023/master/results/37-zamfara\3863-anka\26193-sabon-birini\polling-units.json
ZAMFARA,ANKA,SABON BIRINI,DOKA/GIDAN HAKIMI,36/01/07/008,https://docs.inecelectionresults.net/elections_prod/1292/state/1/lga/3863/ward/26193/pu/118643/118643-1677510874.pdf,2023-02-27T15:15:03.282Z,false,https://raw.githubusercontent.com/mykeels/inec-presidential-elections-2023/master/results/37-zamfara\3863-anka\26193-sabon-birini\polling-units.json
ZAMFARA,ANKA,SABON BIRINI,FARAR KASA/PRI. SCH.,36/01/07/010,https://docs.inecelectionresults.net/elections_prod/1292/state/01/lga/01/ward/07/pu/010/010-1677423219.pdf,2023-02-26T15:22:16.540Z,false,https://raw.githubusercontent.com/mykeels/inec-presidential-elections-2023/master/results/37-zamfara\3863-anka\26193-sabon-birini\polling-units.json
ZAMFARA,ANKA,SABON BIRINI,GOBIRAWA/PRI. SCH.,36/01/07/006,https://docs.inecelectionresults.net/elections_prod/1292/state/01/lga/01/ward/07/pu/006/006-1677418848.pdf,2023-02-26T13:41:03.286Z,false,https://raw.githubusercontent.com/mykeels/inec-presidential-elections-2023/master/results/37-zamfara\3863-anka\26193-sabon-birini\polling-units.json
ZAMFARA,ANKA,SABON BIRINI,HAYIN BAWA/PRIMARY SCHOOL,36/01/07/011,https://docs.inecelectionresults.net/elections_prod/1292/state/01/lga/01/ward/07/pu/011/011-1677426013.pdf,2023-02-26T15:41:01.151Z,false,https://raw.githubusercontent.com/mykeels/inec-presidential-elections-2023/master/results/37-zamfara\3863-anka\26193-sabon-birini\polling-units.json
ZAMFARA,ANKA,SABON BIRINI,MATANKARI/GIDAN  HAKIMI,36/01/07/009,https://docs.inecelectionresults.net/elections_prod/1292/state/01/lga/01/ward/07/pu/009/009-1677425126.pdf,2023-02-26T15:26:01.284Z,false,https://raw.githubusercontent.com/mykeels/inec-presidential-elections-2023/master/results/37-zamfara\3863-anka\26193-sabon-birini\polling-units.json
ZAMFARA,ANKA,SABON BIRINI,SHIYAR GALADIMA/GIDAN GALADIMA,36/01/07/002,https://docs.inecelectionresults.net/elections_prod/1292/state/01/lga/01/ward/07/pu/002/002-1677424603.pdf,2023-02-26T15:23:05.359Z,false,https://raw.githubusercontent.com/mykeels/inec-presidential-elections-2023/master/results/37-zamfara\3863-anka\26193-sabon-birini\polling-units.json
ZAMFARA,ANKA,SABON BIRINI,SHIYAR MAGAJI - GIDAN HAKIMI,36/01/07/001,,,false,https://raw.githubusercontent.com/mykeels/inec-presidential-elections-2023/master/results/37-zamfara\3863-anka\26193-sabon-birini\polling-units.json
ZAMFARA,ANKA,SABON BIRINI,UNGUWAR DAKARKARI,36/01/07/015,https://docs.inecelectionresults.net/elections_prod/1292/state/1/lga/3863/ward/26193/pu/177651/177651-1677509125.pdf,2023-02-27T14:47:01.517Z,false,https://raw.githubusercontent.com/mykeels/inec-presidential-elections-2023/master/results/37-zamfara\3863-anka\26193-sabon-birini\polling-units.json
ZAMFARA,ANKA,SABON BIRINI,ZANOKA/GARKAR BAWA,36/01/07/012,https://docs.inecelectionresults.net/elections_prod/1292/state/1/lga/3863/ward/26193/pu/118647/118647-1677509913.pdf,2023-02-27T14:59:02.222Z,false,https://raw.githubusercontent.com/mykeels/inec-presidential-elections-2023/master/results/37-zamfara\3863-anka\26193-sabon-birini\polling-units.json
ZAMFARA,ANKA,WARAMU,BIRNIN TUDU GARKA,36/01/08/015,https://docs.inecelectionresults.net/elections_prod/1292/state/01/lga/01/ward/08/pu/015/015-1677415491.pdf,2023-02-26T12:46:35.514Z,false,https://raw.githubusercontent.com/mykeels/inec-presidential-elections-2023/master/results/37-zamfara\3863-anka\26194-waramu\polling-units.json
ZAMFARA,ANKA,WARAMU,BIRNIN-TUDU/PRI. SCH.,36/01/08/003,https://docs.inecelectionresults.net/elections_prod/1292/state/01/lga/01/ward/08/pu/003/003-1677416175.pdf,2023-02-26T12:57:01.887Z,false,https://raw.githubusercontent.com/mykeels/inec-presidential-elections-2023/master/results/37-zamfara\3863-anka\26194-waramu\polling-units.json
ZAMFARA,ANKA,WARAMU,CIKIN GULBI/BAKIN GULBI,36/01/08/013,https://docs.inecelectionresults.net/elections_prod/1292/state/01/lga/01/ward/08/pu/013/013-1677416015.pdf,2023-02-26T12:54:01.592Z,false,https://raw.githubusercontent.com/mykeels/inec-presidential-elections-2023/master/results/37-zamfara\3863-anka\26194-waramu\polling-units.json
ZAMFARA,ANKA,WARAMU,KEYA/GIDAN HAKIMI,36/01/08/004,https://docs.inecelectionresults.net/elections_prod/1292/state/01/lga/01/ward/08/pu/004/004-1677414125.pdf,2023-02-26T12:45:42.502Z,false,https://raw.githubusercontent.com/mykeels/inec-presidential-elections-2023/master/results/37-zamfara\3863-anka\26194-waramu\polling-units.json
ZAMFARA,ANKA,WARAMU,MODA/PRI. SCH.,36/01/08/002,https://docs.inecelectionresults.net/elections_prod/1292/state/01/lga/01/ward/08/pu/002/002-1677416292.pdf,2023-02-26T12:59:01.721Z,false,https://raw.githubusercontent.com/mykeels/inec-presidential-elections-2023/master/results/37-zamfara\3863-anka\26194-waramu\polling-units.json
ZAMFARA,ANKA,WARAMU,SHABLI NASARAWA/G/HAKIMI,36/01/08/005,https://docs.inecelectionresults.net/elections_prod/1292/state/01/lga/01/ward/08/pu/005/005-1677415642.pdf,2023-02-26T12:48:02.050Z,false,https://raw.githubusercontent.com/mykeels/inec-presidential-elections-2023/master/results/37-zamfara\3863-anka\26194-waramu\polling-units.json
ZAMFARA,ANKA,WARAMU,SHABLI/PRIMARY SCHOOL,36/01/08/006,https://docs.inecelectionresults.net/elections_prod/1292/state/01/lga/01/ward/08/pu/006/006-1677413806.pdf,2023-02-26T12:45:29.868Z,false,https://raw.githubusercontent.com/mykeels/inec-presidential-elections-2023/master/results/37-zamfara\3863-anka\26194-waramu\polling-units.json
ZAMFARA,ANKA,WARAMU,SHAMDAM KWARE/KWARE,36/01/08/014,https://docs.inecelectionresults.net/elections_prod/1292/state/01/lga/01/ward/08/pu/014/014-1677415756.pdf,2023-02-26T12:50:01.348Z,false,https://raw.githubusercontent.com/mykeels/inec-presidential-elections-2023/master/results/37-zamfara\3863-anka\26194-waramu\polling-units.json
ZAMFARA,ANKA,WARAMU,SHIYAR LIMAN/GARKAR LIMAN,36/01/08/012,https://docs.inecelectionresults.net/elections_prod/1292/state/01/lga/01/ward/08/pu/012/012-1677414286.pdf,2023-02-26T12:45:48.631Z,false,https://raw.githubusercontent.com/mykeels/inec-presidential-elections-2023/master/results/37-zamfara\3863-anka\26194-waramu\polling-units.json
ZAMFARA,ANKA,WARAMU,SHIYAR TUDU PRIMARY SCHOOL,36/01/08/011,https://docs.inecelectionresults.net/elections_prod/1292/state/01/lga/01/ward/08/pu/011/011-1677415280.pdf,2023-02-26T12:46:27.666Z,false,https://raw.githubusercontent.com/mykeels/inec-presidential-elections-2023/master/results/37-zamfara\3863-anka\26194-waramu\polling-units.json
ZAMFARA,ANKA,WARAMU,TUNGAR DANGAYA/G/HAKIMI,36/01/08/010,https://docs.inecelectionresults.net/elections_prod/1292/state/01/lga/01/ward/08/pu/010/010-1677414962.pdf,2023-02-26T12:46:15.588Z,false,https://raw.githubusercontent.com/mykeels/inec-presidential-elections-2023/master/results/37-zamfara\3863-anka\26194-waramu\polling-units.json
ZAMFARA,ANKA,WARAMU,TUNGAR DUTSI/G/HAKIMI,36/01/08/008,https://docs.inecelectionresults.net/elections_prod/1292/state/01/lga/01/ward/08/pu/008/008-1677414697.pdf,2023-02-26T12:46:05.814Z,false,https://raw.githubusercontent.com/mykeels/inec-presidential-elections-2023/master/results/37-zamfara\3863-anka\26194-waramu\polling-units.json
ZAMFARA,ANKA,WARAMU,TUNGAR-TSAKA/PRI. SCH.,36/01/08/007,https://docs.inecelectionresults.net/elections_prod/1292/state/01/lga/01/ward/08/pu/007/007-1677414414.pdf,2023-02-26T12:45:53.753Z,false,https://raw.githubusercontent.com/mykeels/inec-presidential-elections-2023/master/results/37-zamfara\3863-anka\26194-waramu\polling-units.json
ZAMFARA,ANKA,WARAMU,WANO/G/HAKIMI,36/01/08/009,https://docs.inecelectionresults.net/elections_prod/1292/state/01/lga/01/ward/08/pu/009/009-1677415168.pdf,2023-02-26T12:46:23.205Z,false,https://raw.githubusercontent.com/mykeels/inec-presidential-elections-2023/master/results/37-zamfara\3863-anka\26194-waramu\polling-units.json
ZAMFARA,ANKA,WARAMU,WARAMU/PRI. SCH.,36/01/08/001,https://docs.inecelectionresults.net/elections_prod/1292/state/01/lga/01/ward/08/pu/001/001-1677416447.pdf,2023-02-26T13:01:02.207Z,false,https://raw.githubusercontent.com/mykeels/inec-presidential-elections-2023/master/results/37-zamfara\3863-anka\26194-waramu\polling-units.json
ZAMFARA,ANKA,WUYA,ASIBITIN KUTARE/G/HAKIMI I,36/01/09/001,https://docs.inecelectionresults.net/elections_prod/1292/state/01/lga/01/ward/09/pu/001/001-1677420696.pdf,2023-02-26T14:12:01.945Z,false,https://raw.githubusercontent.com/mykeels/inec-presidential-elections-2023/master/results/37-zamfara\3863-anka\26195-wuya\polling-units.json
ZAMFARA,ANKA,WUYA,ASIBITIN MUTANE/G/HAKIMI II,36/01/09/002,https://docs.inecelectionresults.net/elections_prod/1292/state/01/lga/01/ward/09/pu/002/002-1677421816.pdf,2023-02-26T15:20:34.823Z,false,https://raw.githubusercontent.com/mykeels/inec-presidential-elections-2023/master/results/37-zamfara\3863-anka\26195-wuya\polling-units.json
ZAMFARA,ANKA,WUYA,DAN MAI GANGA/G/ HAKIMI,36/01/09/004,https://docs.inecelectionresults.net/elections_prod/1292/state/01/lga/01/ward/09/pu/004/004-1677421532.pdf,2023-02-26T15:20:23.021Z,false,https://raw.githubusercontent.com/mykeels/inec-presidential-elections-2023/master/results/37-zamfara\3863-anka\26195-wuya\polling-units.json
ZAMFARA,ANKA,WUYA,DOKA/G/ HAKIMI,36/01/09/005,https://docs.inecelectionresults.net/elections_prod/1292/state/01/lga/01/ward/09/pu/005/005-1677421668.pdf,2023-02-26T15:20:29.305Z,false,https://raw.githubusercontent.com/mykeels/inec-presidential-elections-2023/master/results/37-zamfara\3863-anka\26195-wuya\polling-units.json
ZAMFARA,ANKA,WUYA,G/NABARAU/KAN WURI,36/01/09/007,https://docs.inecelectionresults.net/elections_prod/1292/state/01/lga/01/ward/09/pu/007/007-1677421174.pdf,2023-02-26T15:20:10.073Z,false,https://raw.githubusercontent.com/mykeels/inec-presidential-elections-2023/master/results/37-zamfara\3863-anka\26195-wuya\polling-units.json
ZAMFARA,ANKA,WUYA,GIDAN JA'O/KAN WURI,36/01/09/012,https://docs.inecelectionresults.net/elections_prod/1292/state/01/lga/01/ward/09/pu/012/012-1677421950.pdf,2023-02-26T15:20:40.233Z,false,https://raw.githubusercontent.com/mykeels/inec-presidential-elections-2023/master/results/37-zamfara\3863-anka\26195-wuya\polling-units.json
ZAMFARA,ANKA,WUYA,INDUMBULA/KAN WURI,36/01/09/010,https://docs.inecelectionresults.net/elections_prod/1292/state/01/lga/01/ward/09/pu/010/010-1677419653.pdf,2023-02-26T13:55:01.292Z,false,https://raw.githubusercontent.com/mykeels/inec-presidential-elections-2023/master/results/37-zamfara\3863-anka\26195-wuya\polling-units.json
ZAMFARA,ANKA,WUYA,JARKUKA/PRI. SCHOOL,36/01/09/006,https://docs.inecelectionresults.net/elections_prod/1292/state/01/lga/01/ward/09/pu/006/006-1677421325.pdf,2023-02-26T15:20:15.533Z,false,https://raw.githubusercontent.com/mykeels/inec-presidential-elections-2023/master/results/37-zamfara\3863-anka\26195-wuya\polling-units.json
ZAMFARA,ANKA,WUYA,KAYA,36/01/09/017,,,false,https://raw.githubusercontent.com/mykeels/inec-presidential-elections-2023/master/results/37-zamfara\3863-anka\26195-wuya\polling-units.json
ZAMFARA,ANKA,WUYA,MAKARANTA/PRI. SCH.,36/01/09/003,https://docs.inecelectionresults.net/elections_prod/1292/state/01/lga/01/ward/09/pu/003/003-1677420624.pdf,2023-02-26T14:11:01.545Z,false,https://raw.githubusercontent.com/mykeels/inec-presidential-elections-2023/master/results/37-zamfara\3863-anka\26195-wuya\polling-units.json
ZAMFARA,ANKA,WUYA,RUMU/RUMU,36/01/09/009,https://docs.inecelectionresults.net/elections_prod/1292/state/01/lga/01/ward/09/pu/009/009-1677420479.pdf,2023-02-26T14:08:59.705Z,false,https://raw.githubusercontent.com/mykeels/inec-presidential-elections-2023/master/results/37-zamfara\3863-anka\26195-wuya\polling-units.json
ZAMFARA,ANKA,WUYA,SABONGARI PRI.SCH,36/01/09/013,https://docs.inecelectionresults.net/elections_prod/1292/state/01/lga/01/ward/09/pu/013/013-1677420839.pdf,2023-02-26T14:14:59.825Z,false,https://raw.githubusercontent.com/mykeels/inec-presidential-elections-2023/master/results/37-zamfara\3863-anka\26195-wuya\polling-units.json
ZAMFARA,ANKA,WUYA,SHIYAR MAGAJI,36/01/09/016,https://docs.inecelectionresults.net/elections_prod/1292/state/01/lga/01/ward/09/pu/016/016-1677421079.pdf,2023-02-26T15:20:06.899Z,false,https://raw.githubusercontent.com/mykeels/inec-presidential-elections-2023/master/results/37-zamfara\3863-anka\26195-wuya\polling-units.json
ZAMFARA,ANKA,WUYA,T/SHEHU/GIDAN HAKIMI,36/01/09/011,https://docs.inecelectionresults.net/elections_prod/1292/state/01/lga/01/ward/09/pu/011/011-1677423405.pdf,2023-02-26T15:22:22.562Z,false,https://raw.githubusercontent.com/mykeels/inec-presidential-elections-2023/master/results/37-zamfara\3863-anka\26195-wuya\polling-units.json
ZAMFARA,ANKA,WUYA,TAMGARAM/PRI. SCHOOL,36/01/09/008,https://docs.inecelectionresults.net/elections_prod/1292/state/01/lga/01/ward/09/pu/008/008-1677421736.pdf,2023-02-26T15:20:32.059Z,false,https://raw.githubusercontent.com/mykeels/inec-presidential-elections-2023/master/results/37-zamfara\3863-anka\26195-wuya\polling-units.json
ZAMFARA,ANKA,WUYA,TANDODI,36/01/09/014,https://docs.inecelectionresults.net/elections_prod/1292/state/01/lga/01/ward/09/pu/014/014-1677422221.pdf,2023-02-26T15:20:48.827Z,false,https://raw.githubusercontent.com/mykeels/inec-presidential-elections-2023/master/results/37-zamfara\3863-anka\26195-wuya\polling-units.json
ZAMFARA,ANKA,WUYA,YAR CHEDIYA G/HAKIMI,36/01/09/015,,,false,https://raw.githubusercontent.com/mykeels/inec-presidential-elections-2023/master/results/37-zamfara\3863-anka\26195-wuya\polling-units.json
ZAMFARA,ANKA,YAR'SABAYA,AWALA/AWALA,36/01/10/007,,,false,https://raw.githubusercontent.com/mykeels/inec-presidential-elections-2023/master/results/37-zamfara\3863-anka\26196-yar-sabaya\polling-units.json
ZAMFARA,ANKA,YAR'SABAYA,BAGADA/GARKA,36/01/10/005,,,false,https://raw.githubusercontent.com/mykeels/inec-presidential-elections-2023/master/results/37-zamfara\3863-anka\26196-yar-sabaya\polling-units.json
ZAMFARA,ANKA,YAR'SABAYA,BARDOKI/DANBEDI,36/01/10/001,,,false,https://raw.githubusercontent.com/mykeels/inec-presidential-elections-2023/master/results/37-zamfara\3863-anka\26196-yar-sabaya\polling-units.json
ZAMFARA,ANKA,YAR'SABAYA,HIYA HIYA WATER BOARD,36/01/10/013,,,false,https://raw.githubusercontent.com/mykeels/inec-presidential-elections-2023/master/results/37-zamfara\3863-anka\26196-yar-sabaya\polling-units.json
ZAMFARA,ANKA,YAR'SABAYA,KAMFANI/DAN HILI,36/01/10/009,,,false,https://raw.githubusercontent.com/mykeels/inec-presidential-elections-2023/master/results/37-zamfara\3863-anka\26196-yar-sabaya\polling-units.json
ZAMFARA,ANKA,YAR'SABAYA,KITO/KITO CENTRE,36/01/10/008,https://docs.inecelectionresults.net/elections_prod/1292/state/01/lga/01/ward/10/pu/008/008-1677421423.pdf,2023-02-26T15:20:18.956Z,false,https://raw.githubusercontent.com/mykeels/inec-presidential-elections-2023/master/results/37-zamfara\3863-anka\26196-yar-sabaya\polling-units.json
ZAMFARA,ANKA,YAR'SABAYA,MATUKUDA/GIDAN HAKIMI,36/01/10/006,,,false,https://raw.githubusercontent.com/mykeels/inec-presidential-elections-2023/master/results/37-zamfara\3863-anka\26196-yar-sabaya\polling-units.json
ZAMFARA,ANKA,YAR'SABAYA,RUWAN ZABO/GARKA,36/01/10/011,,,false,https://raw.githubusercontent.com/mykeels/inec-presidential-elections-2023/master/results/37-zamfara\3863-anka\26196-yar-sabaya\polling-units.json
ZAMFARA,ANKA,YAR'SABAYA,YAR MATANKARI/PRI. SCHOOL,36/01/10/004,,,false,https://raw.githubusercontent.com/mykeels/inec-presidential-elections-2023/master/results/37-zamfara\3863-anka\26196-yar-sabaya\polling-units.json
ZAMFARA,ANKA,YAR'SABAYA,YAR SABAYA PHC,36/01/10/012,,,false,https://raw.githubusercontent.com/mykeels/inec-presidential-elections-2023/master/results/37-zamfara\3863-anka\26196-yar-sabaya\polling-units.json
ZAMFARA,ANKA,YAR'SABAYA,YAR SABAYA/PRI. SCHOOL,36/01/10/002,,,false,https://raw.githubusercontent.com/mykeels/inec-presidential-elections-2023/master/results/37-zamfara\3863-anka\26196-yar-sabaya\polling-units.json
ZAMFARA,ANKA,YAR'SABAYA,YAR TASHA/YAR TASHA,36/01/10/003,,,false,https://raw.githubusercontent.com/mykeels/inec-presidential-elections-2023/master/results/37-zamfara\3863-anka\26196-yar-sabaya\polling-units.json
ZAMFARA,ANKA,YAR'SABAYA,YARGABA/DANBEDI,36/01/10/010,https://docs.inecelectionresults.net/elections_prod/1292/state/01/lga/01/ward/10/pu/010/010-1677371813.pdf,2023-02-26T00:37:01.845Z,false,https://raw.githubusercontent.com/mykeels/inec-presidential-elections-2023/master/results/37-zamfara\3863-anka\26196-yar-sabaya\polling-units.json
ZAMFARA,BAKURA,BAKURA,DAN FILI  I/VET CLINIC,36/02/01/010,https://docs.inecelectionresults.net/elections_prod/1292/state/1/lga/3864/ward/26197/pu/118696/118696-1677495961.pdf,2023-02-27T11:06:59.822Z,false,https://raw.githubusercontent.com/mykeels/inec-presidential-elections-2023/master/results/37-zamfara\3864-bakura\26197-bakura\polling-units.json
ZAMFARA,BAKURA,BAKURA,DAN FILI II/DAN FILI,36/02/01/019,https://docs.inecelectionresults.net/elections_prod/1292/state/1/lga/3864/ward/26197/pu/118705/118705-1677490820.pdf,2023-02-27T09:41:00.486Z,false,https://raw.githubusercontent.com/mykeels/inec-presidential-elections-2023/master/results/37-zamfara\3864-bakura\26197-bakura\polling-units.json
ZAMFARA,BAKURA,BAKURA,DAN GARGE/ADULT EDU. CLASS,36/02/01/004,https://docs.inecelectionresults.net/elections_prod/1292/state/1/lga/3864/ward/26197/pu/118690/118690-1677503336.pdf,2023-02-27T13:09:59.838Z,false,https://raw.githubusercontent.com/mykeels/inec-presidential-elections-2023/master/results/37-zamfara\3864-bakura\26197-bakura\polling-units.json
ZAMFARA,BAKURA,BAKURA,DAN GARGE/BOYE KAI,36/02/01/037,https://docs.inecelectionresults.net/elections_prod/1292/state/1/lga/3864/ward/26197/pu/177675/177675-1677503893.pdf,2023-02-27T13:19:01.489Z,false,https://raw.githubusercontent.com/mykeels/inec-presidential-elections-2023/master/results/37-zamfara\3864-bakura\26197-bakura\polling-units.json
ZAMFARA,BAKURA,BAKURA,DANFILI MARNA,36/02/01/026,https://docs.inecelectionresults.net/elections_prod/1292/state/1/lga/3864/ward/26197/pu/177664/177664-1677495469.pdf,2023-02-27T10:58:01.077Z,false,https://raw.githubusercontent.com/mykeels/inec-presidential-elections-2023/master/results/37-zamfara\3864-bakura\26197-bakura\polling-units.json
ZAMFARA,BAKURA,BAKURA,DAWAKAWA/ MAJEMA,36/02/01/035,https://docs.inecelectionresults.net/elections_prod/1292/state/1/lga/3864/ward/26197/pu/177673/177673-1677484738.pdf,2023-02-27T07:59:59.818Z,false,https://raw.githubusercontent.com/mykeels/inec-presidential-elections-2023/master/results/37-zamfara\3864-bakura\26197-bakura\polling-units.json
ZAMFARA,BAKURA,BAKURA,FADAMANA/GARKA FADAMA,36/02/01/008,https://docs.inecelectionresults.net/elections_prod/1292/state/1/lga/3864/ward/26197/pu/118694/118694-1677488948.pdf,2023-02-27T09:10:00.953Z,false,https://raw.githubusercontent.com/mykeels/inec-presidential-elections-2023/master/results/37-zamfara\3864-bakura\26197-bakura\polling-units.json
ZAMFARA,BAKURA,BAKURA,FORMER INEC OFFICE,36/02/01/023,https://docs.inecelectionresults.net/elections_prod/1292/state/1/lga/3864/ward/26197/pu/177661/177661-1677500610.pdf,2023-02-27T12:24:00.934Z,false,https://raw.githubusercontent.com/mykeels/inec-presidential-elections-2023/master/results/37-zamfara\3864-bakura\26197-bakura\polling-units.json
ZAMFARA,BAKURA,BAKURA,FORMER LGEA OFFICE,36/02/01/034,https://docs.inecelectionresults.net/elections_prod/1292/state/1/lga/3864/ward/26197/pu/177672/177672-1677509778.pdf,2023-02-27T14:57:01.698Z,false,https://raw.githubusercontent.com/mykeels/inec-presidential-elections-2023/master/results/37-zamfara\3864-bakura\26197-bakura\polling-units.json
ZAMFARA,BAKURA,BAKURA,GIDAN BALA I/WOMEN CENTRE,36/02/01/001,https://docs.inecelectionresults.net/elections_prod/1292/state/1/lga/3864/ward/26197/pu/118687/118687-1677508106.pdf,2023-02-27T14:29:02.150Z,false,https://raw.githubusercontent.com/mykeels/inec-presidential-elections-2023/master/results/37-zamfara\3864-bakura\26197-bakura\polling-units.json
ZAMFARA,BAKURA,BAKURA,GIDAN BALA II/DAN FILI,36/02/01/022,https://docs.inecelectionresults.net/elections_prod/1292/state/1/lga/3864/ward/26197/pu/118708/118708-1677510257.pdf,2023-02-27T15:05:01.711Z,false,https://raw.githubusercontent.com/mykeels/inec-presidential-elections-2023/master/results/37-zamfara\3864-bakura\26197-bakura\polling-units.json
ZAMFARA,BAKURA,BAKURA,GIDAN BUNU/VET CLINIC,36/02/01/006,https://docs.inecelectionresults.net/elections_prod/1292/state/1/lga/3864/ward/26197/pu/118692/118692-1677499185.pdf,2023-02-27T12:00:00.976Z,false,https://raw.githubusercontent.com/mykeels/inec-presidential-elections-2023/master/results/37-zamfara\3864-bakura\26197-bakura\polling-units.json
ZAMFARA,BAKURA,BAKURA,GIDAN RIJIYA TASHAR KORE,36/02/01/027,,,true,https://raw.githubusercontent.com/mykeels/inec-presidential-elections-2023/master/results/37-zamfara\3864-bakura\26197-bakura\polling-units.json
ZAMFARA,BAKURA,BAKURA,GIDAN RIJIYA/ADULT CLASS,36/02/01/011,https://docs.inecelectionresults.net/elections_prod/1292/state/1/lga/3864/ward/26197/pu/118697/118697-1677495473.pdf,2023-02-27T10:58:01.118Z,false,https://raw.githubusercontent.com/mykeels/inec-presidential-elections-2023/master/results/37-zamfara\3864-bakura\26197-bakura\polling-units.json
ZAMFARA,BAKURA,BAKURA,GIDAN TAMBARI/ASIBITIN KUTARE,36/02/01/012,https://docs.inecelectionresults.net/elections_prod/1292/state/1/lga/3864/ward/26197/pu/118698/118698-1677498244.pdf,2023-02-27T11:44:59.898Z,false,https://raw.githubusercontent.com/mykeels/inec-presidential-elections-2023/master/results/37-zamfara\3864-bakura\26197-bakura\polling-units.json
ZAMFARA,BAKURA,BAKURA,J. N. I./ISLAMIYA SCHOOL,36/02/01/002,https://docs.inecelectionresults.net/elections_prod/1292/state/1/lga/3864/ward/26197/pu/118688/118688-1677502615.pdf,2023-02-27T12:57:01.025Z,false,https://raw.githubusercontent.com/mykeels/inec-presidential-elections-2023/master/results/37-zamfara\3864-bakura\26197-bakura\polling-units.json
ZAMFARA,BAKURA,BAKURA,K/DAJI /MAIN MARKET,36/02/01/031,https://docs.inecelectionresults.net/elections_prod/1292/state/01/lga/02/ward/01/pu/031/031-1677365753.pdf,2023-02-25T22:56:02.600Z,false,https://raw.githubusercontent.com/mykeels/inec-presidential-elections-2023/master/results/37-zamfara\3864-bakura\26197-bakura\polling-units.json
ZAMFARA,BAKURA,BAKURA,K/DAJI II/OLD MOTOR PARK,36/02/01/020,https://docs.inecelectionresults.net/elections_prod/1292/state/1/lga/3864/ward/26197/pu/118706/118706-1677486171.pdf,2023-02-27T08:23:00.526Z,false,https://raw.githubusercontent.com/mykeels/inec-presidential-elections-2023/master/results/37-zamfara\3864-bakura\26197-bakura\polling-units.json
ZAMFARA,BAKURA,BAKURA,KANWURI  I/DISTRICT HEAD OFFICE,36/02/01/007,https://docs.inecelectionresults.net/elections_prod/1292/state/1/lga/3864/ward/26197/pu/118693/118693-1677500235.pdf,2023-02-27T12:18:01.055Z,false,https://raw.githubusercontent.com/mykeels/inec-presidential-elections-2023/master/results/37-zamfara\3864-bakura\26197-bakura\polling-units.json
ZAMFARA,BAKURA,BAKURA,KANWURI / GIJIYA,36/02/01/025,https://docs.inecelectionresults.net/elections_prod/1292/state/1/lga/3864/ward/26197/pu/177663/177663-1677499992.pdf,2023-02-27T12:14:00.275Z,false,https://raw.githubusercontent.com/mykeels/inec-presidential-elections-2023/master/results/37-zamfara\3864-bakura\26197-bakura\polling-units.json
ZAMFARA,BAKURA,BAKURA,KANWURI II/AREA COURT ROOM,36/02/01/021,https://docs.inecelectionresults.net/elections_prod/1292/state/1/lga/3864/ward/26197/pu/118707/118707-1677493295.pdf,2023-02-27T10:22:00.670Z,false,https://raw.githubusercontent.com/mykeels/inec-presidential-elections-2023/master/results/37-zamfara\3864-bakura\26197-bakura\polling-units.json
ZAMFARA,BAKURA,BAKURA,KASUWAR DAJI I/UNION OFFICE,36/02/01/016,https://docs.inecelectionresults.net/elections_prod/1292/state/1/lga/3864/ward/26197/pu/118702/118702-1677509336.pdf,2023-02-27T14:49:01.803Z,false,https://raw.githubusercontent.com/mykeels/inec-presidential-elections-2023/master/results/37-zamfara\3864-bakura\26197-bakura\polling-units.json
ZAMFARA,BAKURA,BAKURA,KOFAR BAI / KANI KAWA,36/02/01/030,https://docs.inecelectionresults.net/elections_prod/1292/state/1/lga/3864/ward/26197/pu/177668/177668-1677499458.pdf,2023-02-27T12:05:01.274Z,false,https://raw.githubusercontent.com/mykeels/inec-presidential-elections-2023/master/results/37-zamfara\3864-bakura\26197-bakura\polling-units.json
ZAMFARA,BAKURA,BAKURA,KOFAR BAI/BAITI,36/02/01/015,https://docs.inecelectionresults.net/elections_prod/1292/state/1/lga/3864/ward/26197/pu/118701/118701-1677488179.pdf,2023-02-27T08:57:00.876Z,false,https://raw.githubusercontent.com/mykeels/inec-presidential-elections-2023/master/results/37-zamfara\3864-bakura\26197-bakura\polling-units.json
ZAMFARA,BAKURA,BAKURA,MARADI / RIJIYA NPN,36/02/01/028,https://docs.inecelectionresults.net/elections_prod/1292/state/1/lga/3864/ward/26197/pu/177666/177666-1677510976.pdf,2023-02-27T15:23:03.765Z,false,https://raw.githubusercontent.com/mykeels/inec-presidential-elections-2023/master/results/37-zamfara\3864-bakura\26197-bakura\polling-units.json
ZAMFARA,BAKURA,BAKURA,MARADI/VILLAGE HEAD OFFICE,36/02/01/013,https://docs.inecelectionresults.net/elections_prod/1292/state/1/lga/3864/ward/26197/pu/118699/118699-1677498774.pdf,2023-02-27T11:54:02.403Z,false,https://raw.githubusercontent.com/mykeels/inec-presidential-elections-2023/master/results/37-zamfara\3864-bakura\26197-bakura\polling-units.json
ZAMFARA,BAKURA,BAKURA,MASHAYAR BAICI/MAKARANTA,36/02/01/033,https://inec-cvr-cache.s3.eu-west-1.amazonaws.com/cached/results/673720/result_64809_1677483378_thumb.jpg,2023-02-28T18:18:19.988Z,true,https://raw.githubusercontent.com/mykeels/inec-presidential-elections-2023/master/results/37-zamfara\3864-bakura\26197-bakura\polling-units.json
ZAMFARA,BAKURA,BAKURA,SABON GARI /SECONDARY SCHOOL,36/02/01/005,https://docs.inecelectionresults.net/elections_prod/1292/state/1/lga/3864/ward/26197/pu/118691/118691-1677499780.pdf,2023-02-27T12:10:00.840Z,false,https://raw.githubusercontent.com/mykeels/inec-presidential-elections-2023/master/results/37-zamfara\3864-bakura\26197-bakura\polling-units.json
ZAMFARA,BAKURA,BAKURA,SABON GARI PRI  SCHOOL,36/02/01/024,https://docs.inecelectionresults.net/elections_prod/1292/state/1/lga/3864/ward/26197/pu/177662/177662-1677486870.pdf,2023-02-27T08:35:00.204Z,false,https://raw.githubusercontent.com/mykeels/inec-presidential-elections-2023/master/results/37-zamfara\3864-bakura\26197-bakura\polling-units.json
ZAMFARA,BAKURA,BAKURA,SH/UBADAWAK/VILLAGE HEAD OFFICE,36/02/01/003,https://docs.inecelectionresults.net/elections_prod/1292/state/1/lga/3864/ward/26197/pu/118689/118689-1677499942.pdf,2023-02-27T12:13:00.480Z,false,https://raw.githubusercontent.com/mykeels/inec-presidential-elections-2023/master/results/37-zamfara\3864-bakura\26197-bakura\polling-units.json
ZAMFARA,BAKURA,BAKURA,SHIYAR TUDUN WADA/GAREJI,36/02/01/032,https://docs.inecelectionresults.net/elections_prod/1292/state/1/lga/3864/ward/26197/pu/177670/177670-1677511001.pdf,2023-02-27T15:23:04.615Z,false,https://raw.githubusercontent.com/mykeels/inec-presidential-elections-2023/master/results/37-zamfara\3864-bakura\26197-bakura\polling-units.json
ZAMFARA,BAKURA,BAKURA,SWALLI BAKIN TITI,36/02/01/036,https://docs.inecelectionresults.net/elections_prod/1292/state/1/lga/3864/ward/26197/pu/177674/177674-1677495732.pdf,2023-02-27T11:03:01.156Z,false,https://raw.githubusercontent.com/mykeels/inec-presidential-elections-2023/master/results/37-zamfara\3864-bakura\26197-bakura\polling-units.json
ZAMFARA,BAKURA,BAKURA,TULLUWA BANGAWA,36/02/01/029,https://docs.inecelectionresults.net/elections_prod/1292/state/1/lga/3864/ward/26197/pu/177667/177667-1677489890.pdf,2023-02-27T09:25:00.530Z,false,https://raw.githubusercontent.com/mykeels/inec-presidential-elections-2023/master/results/37-zamfara\3864-bakura\26197-bakura\polling-units.json
ZAMFARA,BAKURA,BAKURA,TULLUWA II/CENTRE,36/02/01/014,https://docs.inecelectionresults.net/elections_prod/1292/state/1/lga/3864/ward/26197/pu/118700/118700-1677495977.pdf,2023-02-27T11:07:01.130Z,false,https://raw.githubusercontent.com/mykeels/inec-presidential-elections-2023/master/results/37-zamfara\3864-bakura\26197-bakura\polling-units.json
ZAMFARA,BAKURA,BAKURA,TULLUWA III/CLINIC (JUNCTION),36/02/01/018,https://docs.inecelectionresults.net/elections_prod/1292/state/1/lga/3864/ward/26197/pu/118704/118704-1677508798.pdf,2023-02-27T14:40:02.083Z,false,https://raw.githubusercontent.com/mykeels/inec-presidential-elections-2023/master/results/37-zamfara\3864-bakura\26197-bakura\polling-units.json
ZAMFARA,BAKURA,BAKURA,YA'NHUDU/ADULT EDU. CLASS,36/02/01/009,https://docs.inecelectionresults.net/elections_prod/1292/state/1/lga/3864/ward/26197/pu/118695/118695-1677494177.pdf,2023-02-27T10:37:00.275Z,false,https://raw.githubusercontent.com/mykeels/inec-presidential-elections-2023/master/results/37-zamfara\3864-bakura\26197-bakura\polling-units.json
ZAMFARA,BAKURA,BAKURA,YAR SAUKI/ARABIC CLASS,36/02/01/017,https://docs.inecelectionresults.net/elections_prod/1292/state/1/lga/3864/ward/26197/pu/118703/118703-1677498089.pdf,2023-02-27T11:42:00.925Z,false,https://raw.githubusercontent.com/mykeels/inec-presidential-elections-2023/master/results/37-zamfara\3864-bakura\26197-bakura\polling-units.json
ZAMFARA,BAKURA,BIRNIN TUDU,B/TUDU/ADULT EDU. CLASS,36/02/02/011,https://inec-cvr-cache.s3.eu-west-1.amazonaws.com/cached/results/117619/result_64824_1677507257_thumb.jpg,2023-02-28T17:22:45.597Z,true,https://raw.githubusercontent.com/mykeels/inec-presidential-elections-2023/master/results/37-zamfara\3864-bakura\26198-birnin-tudu\polling-units.json
ZAMFARA,BAKURA,BIRNIN TUDU,BAKIN BEDIN YAN CACA,36/02/02/014,https://inec-cvr-cache.s3.eu-west-1.amazonaws.com/cached/results/673726/result_64827_1677507057_thumb.jpg,2023-02-28T20:30:23.981Z,true,https://raw.githubusercontent.com/mykeels/inec-presidential-elections-2023/master/results/37-zamfara\3864-bakura\26198-birnin-tudu\polling-units.json
ZAMFARA,BAKURA,BIRNIN TUDU,BIRNIN TUDU PRIMARY HEALTH CARE CENTER,36/02/02/015,https://inec-cvr-cache.s3.eu-west-1.amazonaws.com/cached/results/673727/result_64828_1677506959_thumb.jpg,2023-02-28T20:21:27.688Z,true,https://raw.githubusercontent.com/mykeels/inec-presidential-elections-2023/master/results/37-zamfara\3864-bakura\26198-birnin-tudu\polling-units.json
ZAMFARA,BAKURA,BIRNIN TUDU,DADA/ADULT EDU. CLASS,36/02/02/010,https://inec-cvr-cache.s3.eu-west-1.amazonaws.com/cached/results/117618/result_64823_1677506483_thumb.jpg,2023-02-28T20:25:28.612Z,true,https://raw.githubusercontent.com/mykeels/inec-presidential-elections-2023/master/results/37-zamfara\3864-bakura\26198-birnin-tudu\polling-units.json
ZAMFARA,BAKURA,BIRNIN TUDU,DANKAIWA DISPENSARY,36/02/02/016,https://inec-cvr-cache.s3.eu-west-1.amazonaws.com/cached/results/673728/result_64829_1677506882_thumb.jpg,2023-02-28T20:35:52.824Z,true,https://raw.githubusercontent.com/mykeels/inec-presidential-elections-2023/master/results/37-zamfara\3864-bakura\26198-birnin-tudu\polling-units.json
ZAMFARA,BAKURA,BIRNIN TUDU,G/GAGE/RIMA OFFICE,36/02/02/003,https://inec-cvr-cache.s3.eu-west-1.amazonaws.com/cached/results/117611/result_64816_1677505621_thumb.jpg,2023-02-28T17:39:48.238Z,true,https://raw.githubusercontent.com/mykeels/inec-presidential-elections-2023/master/results/37-zamfara\3864-bakura\26198-birnin-tudu\polling-units.json
ZAMFARA,BAKURA,BIRNIN TUDU,GIDAN MAFARA/ADULT EDU. CLASS,36/02/02/004,https://inec-cvr-cache.s3.eu-west-1.amazonaws.com/cached/results/117612/result_64817_1677507887_thumb.jpg,2023-02-28T21:38:40.858Z,true,https://raw.githubusercontent.com/mykeels/inec-presidential-elections-2023/master/results/37-zamfara\3864-bakura\26198-birnin-tudu\polling-units.json
ZAMFARA,BAKURA,BIRNIN TUDU,HILIN NA MARA,36/02/02/013,https://inec-cvr-cache.s3.eu-west-1.amazonaws.com/cached/results/673725/result_64826_1677506597_thumb.jpg,2023-02-28T21:23:08.375Z,true,https://raw.githubusercontent.com/mykeels/inec-presidential-elections-2023/master/results/37-zamfara\3864-bakura\26198-birnin-tudu\polling-units.json
ZAMFARA,BAKURA,BIRNIN TUDU,MAITAKO/ADULT EDUCATION CLASS,36/02/02/005,,,false,https://raw.githubusercontent.com/mykeels/inec-presidential-elections-2023/master/results/37-zamfara\3864-bakura\26198-birnin-tudu\polling-units.json
ZAMFARA,BAKURA,BIRNIN TUDU,MALLAMAWA/VILLAGE HEAD OFFICE,36/02/02/009,https://inec-cvr-cache.s3.eu-west-1.amazonaws.com/cached/results/117617/result_64822_1677507385_thumb.jpg,2023-02-28T21:26:51.825Z,true,https://raw.githubusercontent.com/mykeels/inec-presidential-elections-2023/master/results/37-zamfara\3864-bakura\26198-birnin-tudu\polling-units.json
ZAMFARA,BAKURA,BIRNIN TUDU,S/AJIYA II/VILLAGE HEAD OFFICE,36/02/02/012,https://inec-cvr-cache.s3.eu-west-1.amazonaws.com/cached/results/117620/result_64825_1677507148_thumb.jpg,2023-02-28T20:36:55.281Z,true,https://raw.githubusercontent.com/mykeels/inec-presidential-elections-2023/master/results/37-zamfara\3864-bakura\26198-birnin-tudu\polling-units.json
ZAMFARA,BAKURA,BIRNIN TUDU,S/MAGAJI/MODEL PRI. SCH.,36/02/02/008,https://inec-cvr-cache.s3.eu-west-1.amazonaws.com/cached/results/117616/result_64821_1677507463_thumb.jpg,2023-02-28T18:18:46.518Z,true,https://raw.githubusercontent.com/mykeels/inec-presidential-elections-2023/master/results/37-zamfara\3864-bakura\26198-birnin-tudu\polling-units.json
ZAMFARA,BAKURA,BIRNIN TUDU,SHIYAR AJIYA I/ADULT EDU. CLASS,36/02/02/002,,,false,https://raw.githubusercontent.com/mykeels/inec-presidential-elections-2023/master/results/37-zamfara\3864-bakura\26198-birnin-tudu\polling-units.json
ZAMFARA,BAKURA,BIRNIN TUDU,SHIYAR ILLO/ADULT EDU. CLASS,36/02/02/007,https://inec-cvr-cache.s3.eu-west-1.amazonaws.com/cached/results/117615/result_64820_1677507599_thumb.jpg,2023-02-28T18:26:02.539Z,true,https://raw.githubusercontent.com/mykeels/inec-presidential-elections-2023/master/results/37-zamfara\3864-bakura\26198-birnin-tudu\polling-units.json
ZAMFARA,BAKURA,BIRNIN TUDU,SHIYAR KODA BAKIN TITI,36/02/02/017,https://inec-cvr-cache.s3.eu-west-1.amazonaws.com/cached/results/673729/result_64830_1677506782_thumb.jpg,2023-02-28T21:44:54.560Z,true,https://raw.githubusercontent.com/mykeels/inec-presidential-elections-2023/master/results/37-zamfara\3864-bakura\26198-birnin-tudu\polling-units.json
ZAMFARA,BAKURA,BIRNIN TUDU,SHIYAR MADINA B/ TUDU,36/02/02/018,https://inec-cvr-cache.s3.eu-west-1.amazonaws.com/cached/results/673730/result_64831_1677506690_thumb.jpg,2023-02-28T20:26:38.354Z,true,https://raw.githubusercontent.com/mykeels/inec-presidential-elections-2023/master/results/37-zamfara\3864-bakura\26198-birnin-tudu\polling-units.json
ZAMFARA,BAKURA,BIRNIN TUDU,SHIYAR TUDU/PRIMARY SCHOOL,36/02/02/001,https://inec-cvr-cache.s3.eu-west-1.amazonaws.com/cached/results/117609/result_64814_1677508206_thumb.jpg,2023-02-28T18:24:19.516Z,true,https://raw.githubusercontent.com/mykeels/inec-presidential-elections-2023/master/results/37-zamfara\3864-bakura\26198-birnin-tudu\polling-units.json
ZAMFARA,BAKURA,BIRNIN TUDU,YAR DALA/PRI. SCH.,36/02/02/006,https://inec-cvr-cache.s3.eu-west-1.amazonaws.com/cached/results/117614/result_64819_1677507671_thumb.jpg,2023-02-28T20:38:19.190Z,true,https://raw.githubusercontent.com/mykeels/inec-presidential-elections-2023/master/results/37-zamfara\3864-bakura\26198-birnin-tudu\polling-units.json
ZAMFARA,BAKURA,DAKKO,BUTSA    /   ADULT EDU. CLASS,36/02/07/003,https://docs.inecelectionresults.net/elections_prod/1292/state/1/lga/3864/ward/26203/pu/118771/118771-1677514251.pdf,2023-02-27T16:11:01.517Z,false,https://raw.githubusercontent.com/mykeels/inec-presidential-elections-2023/master/results/37-zamfara\3864-bakura\26203-dakko\polling-units.json
ZAMFARA,BAKURA,DAKKO,DAKKO I    /  MODEL PRI. SCH.,36/02/07/001,https://docs.inecelectionresults.net/elections_prod/1292/state/01/lga/02/ward/07/pu/001/001-1677371331.pdf,2023-02-26T00:29:02.401Z,false,https://raw.githubusercontent.com/mykeels/inec-presidential-elections-2023/master/results/37-zamfara\3864-bakura\26203-dakko\polling-units.json
ZAMFARA,BAKURA,DAKKO,DAKKO II    /VILLAGE  HEAD OFFICE,36/02/07/002,https://docs.inecelectionresults.net/elections_prod/1292/state/01/lga/02/ward/07/pu/002/002-1677365413.pdf,2023-02-25T22:51:01.459Z,false,https://raw.githubusercontent.com/mykeels/inec-presidential-elections-2023/master/results/37-zamfara\3864-bakura\26203-dakko\polling-units.json
ZAMFARA,BAKURA,DAKKO,DOGON MADACCI    /  PRI. SCH.,36/02/07/010,https://docs.inecelectionresults.net/elections_prod/1292/state/1/lga/3864/ward/26203/pu/118778/118778-1677513754.pdf,2023-02-27T16:03:00.711Z,false,https://raw.githubusercontent.com/mykeels/inec-presidential-elections-2023/master/results/37-zamfara\3864-bakura\26203-dakko\polling-units.json
ZAMFARA,BAKURA,DAKKO,FAGAM   /   ADULT  EDU. CLASS,36/02/07/008,https://docs.inecelectionresults.net/elections_prod/1292/state/1/lga/3864/ward/26203/pu/118776/118776-1677515825.pdf,2023-02-27T17:13:04.657Z,false,https://raw.githubusercontent.com/mykeels/inec-presidential-elections-2023/master/results/37-zamfara\3864-bakura\26203-dakko\polling-units.json
ZAMFARA,BAKURA,DAKKO,K/MALAM  /  PRI. SCH.,36/02/07/007,https://docs.inecelectionresults.net/elections_prod/1292/state/1/lga/3864/ward/26203/pu/118775/118775-1677515365.pdf,2023-02-27T16:30:31.653Z,false,https://raw.githubusercontent.com/mykeels/inec-presidential-elections-2023/master/results/37-zamfara\3864-bakura\26203-dakko\polling-units.json
ZAMFARA,BAKURA,DAKKO,KWATSAMA   /   PRI. SCH.,36/02/07/005,https://docs.inecelectionresults.net/elections_prod/1292/state/1/lga/3864/ward/26203/pu/118773/118773-1677512807.pdf,2023-02-27T15:47:01.189Z,false,https://raw.githubusercontent.com/mykeels/inec-presidential-elections-2023/master/results/37-zamfara\3864-bakura\26203-dakko\polling-units.json
ZAMFARA,BAKURA,DAKKO,NAGARAWA    /    ADULT   EDU. CLASS,36/02/07/004,https://docs.inecelectionresults.net/elections_prod/1292/state/1/lga/3864/ward/26203/pu/118772/118772-1677692600.pdf,2023-03-01T17:44:00.156Z,false,https://raw.githubusercontent.com/mykeels/inec-presidential-elections-2023/master/results/37-zamfara\3864-bakura\26203-dakko\polling-units.json
ZAMFARA,BAKURA,DAKKO,SHIYAR KARAZUNTUN,36/02/07/011,https://docs.inecelectionresults.net/elections_prod/1292/state/1/lga/3864/ward/26203/pu/177720/177720-1677513542.pdf,2023-02-27T15:59:59.921Z,false,https://raw.githubusercontent.com/mykeels/inec-presidential-elections-2023/master/results/37-zamfara\3864-bakura\26203-dakko\polling-units.json
ZAMFARA,BAKURA,DAKKO,SHIYAR UBAN DOMA TSAMIYA,36/02/07/012,https://docs.inecelectionresults.net/elections_prod/1292/state/1/lga/3864/ward/26203/pu/177721/177721-1677516279.pdf,2023-02-27T17:13:15.927Z,false,https://raw.githubusercontent.com/mykeels/inec-presidential-elections-2023/master/results/37-zamfara\3864-bakura\26203-dakko\polling-units.json
ZAMFARA,BAKURA,DAKKO,T.ANGO DOGO   /  FOREST OFFICE,36/02/07/009,,,false,https://raw.githubusercontent.com/mykeels/inec-presidential-elections-2023/master/results/37-zamfara\3864-bakura\26203-dakko\polling-units.json
ZAMFARA,BAKURA,DAKKO,T.S.DAJI   /   ADULT EDU. CLASS,36/02/07/006,https://docs.inecelectionresults.net/elections_prod/1292/state/01/lga/02/ward/07/pu/006/006-1677360464.pdf,2023-02-25T21:28:01.790Z,false,https://raw.githubusercontent.com/mykeels/inec-presidential-elections-2023/master/results/37-zamfara\3864-bakura\26203-dakko\polling-units.json
ZAMFARA,BAKURA,DAMRI,CHIKARI/ADULT EDU. CLASS,36/02/03/005,https://inec-cvr-cache.s3.eu-west-1.amazonaws.com/cached/results/117625/result_64836_1677506992_thumb.jpg,2023-02-28T18:14:27.358Z,false,https://raw.githubusercontent.com/mykeels/inec-presidential-elections-2023/master/results/37-zamfara\3864-bakura\26199-damri\polling-units.json
ZAMFARA,BAKURA,DAMRI,D/D MAZAUDA/PRI. SCH.,36/02/03/006,https://inec-cvr-cache.s3.eu-west-1.amazonaws.com/cached/results/117626/result_64837_1677504792_thumb.jpg,2023-02-28T18:28:04.040Z,true,https://raw.githubusercontent.com/mykeels/inec-presidential-elections-2023/master/results/37-zamfara\3864-bakura\26199-damri\polling-units.json
ZAMFARA,BAKURA,DAMRI,DAMRI   I/MODEL PRIMARY SCHOOL,36/02/03/001,https://inec-cvr-cache.s3.eu-west-1.amazonaws.com/cached/results/117621/result_64832_1677506337_thumb.jpg,2023-02-28T18:09:20.317Z,true,https://raw.githubusercontent.com/mykeels/inec-presidential-elections-2023/master/results/37-zamfara\3864-bakura\26199-damri\polling-units.json
ZAMFARA,BAKURA,DAMRI,DAMRI II/VILLAGE HEAD OFFICE,36/02/03/002,https://inec-cvr-cache.s3.eu-west-1.amazonaws.com/cached/results/117622/result_64833_1677505915_thumb.jpg,2023-02-28T21:29:45.312Z,false,https://raw.githubusercontent.com/mykeels/inec-presidential-elections-2023/master/results/37-zamfara\3864-bakura\26199-damri\polling-units.json
ZAMFARA,BAKURA,DAMRI,DAMRI III/WOMEN CENTRE,36/02/03/010,https://inec-cvr-cache.s3.eu-west-1.amazonaws.com/cached/results/117630/result_64841_1677507288_thumb.jpg,2023-02-28T18:18:04.456Z,true,https://raw.githubusercontent.com/mykeels/inec-presidential-elections-2023/master/results/37-zamfara\3864-bakura\26199-damri\polling-units.json
ZAMFARA,BAKURA,DAMRI,FAKON DAMMA DAMRI,36/02/03/013,https://inec-cvr-cache.s3.eu-west-1.amazonaws.com/cached/results/673734/result_64844_1677507525_thumb.jpg,2023-02-28T18:22:00.317Z,true,https://raw.githubusercontent.com/mykeels/inec-presidential-elections-2023/master/results/37-zamfara\3864-bakura\26199-damri\polling-units.json
ZAMFARA,BAKURA,DAMRI,GIDAN MAIKIDI/ADULT EDU. CLASS,36/02/03/009,https://inec-cvr-cache.s3.eu-west-1.amazonaws.com/cached/results/117629/result_64840_1677505268_thumb.jpg,2023-02-28T17:36:41.609Z,true,https://raw.githubusercontent.com/mykeels/inec-presidential-elections-2023/master/results/37-zamfara\3864-bakura\26199-damri\polling-units.json
ZAMFARA,BAKURA,DAMRI,PRIMARY HEALTH CARE DAMRI,36/02/03/012,https://inec-cvr-cache.s3.eu-west-1.amazonaws.com/cached/results/673733/result_64843_1677505588_thumb.jpg,2023-02-28T18:11:25.168Z,false,https://raw.githubusercontent.com/mykeels/inec-presidential-elections-2023/master/results/37-zamfara\3864-bakura\26199-damri\polling-units.json
ZAMFARA,BAKURA,DAMRI,SABON GARI / PRIMARY SCHOOL,36/02/03/004,https://docs.inecelectionresults.net/elections_prod/1292/state/1/lga/3864/ward/26199/pu/118724/118724-1677691961.pdf,2023-03-01T17:33:00.366Z,false,https://raw.githubusercontent.com/mykeels/inec-presidential-elections-2023/master/results/37-zamfara\3864-bakura\26199-damri\polling-units.json
ZAMFARA,BAKURA,DAMRI,SABON GARI KASUWAR DAJI,36/02/03/014,https://docs.inecelectionresults.net/elections_prod/1292/state/1/lga/3864/ward/26199/pu/177684/177684-1677692329.pdf,2023-03-01T17:39:00.946Z,false,https://raw.githubusercontent.com/mykeels/inec-presidential-elections-2023/master/results/37-zamfara\3864-bakura\26199-damri\polling-units.json
ZAMFARA,BAKURA,DAMRI,SABON GARI/ADULT CLASS,36/02/03/007,https://docs.inecelectionresults.net/elections_prod/1292/state/1/lga/3864/ward/26199/pu/118727/118727-1677692048.pdf,2023-03-01T17:35:00.123Z,false,https://raw.githubusercontent.com/mykeels/inec-presidential-elections-2023/master/results/37-zamfara\3864-bakura\26199-damri\polling-units.json
ZAMFARA,BAKURA,DAMRI,SADE/PRI. SCH.,36/02/03/003,https://inec-cvr-cache.s3.eu-west-1.amazonaws.com/cached/results/117623/result_64834_1677506711_thumb.jpg,2023-02-28T20:18:16.219Z,true,https://raw.githubusercontent.com/mykeels/inec-presidential-elections-2023/master/results/37-zamfara\3864-bakura\26199-damri\polling-units.json
ZAMFARA,BAKURA,DAMRI,SATURU/VILLAGE HEAD OFFICE,36/02/03/008,https://inec-cvr-cache.s3.eu-west-1.amazonaws.com/cached/results/117628/result_64839_1677507375_thumb.jpg,2023-02-28T20:19:49.416Z,true,https://raw.githubusercontent.com/mykeels/inec-presidential-elections-2023/master/results/37-zamfara\3864-bakura\26199-damri\polling-units.json
ZAMFARA,BAKURA,DAMRI,SHIYAR KOFA YAR RIJIYA DAMRI,36/02/03/015,https://inec-cvr-cache.s3.eu-west-1.amazonaws.com/cached/results/673736/result_64846_1677507629_thumb.jpg,2023-02-28T20:28:55.159Z,true,https://raw.githubusercontent.com/mykeels/inec-presidential-elections-2023/master/results/37-zamfara\3864-bakura\26199-damri\polling-units.json
ZAMFARA,BAKURA,DAMRI,T/YAMMA II/ADULT EDU. CLASS,36/02/03/011,https://docs.inecelectionresults.net/elections_prod/1292/state/1/lga/3864/ward/26199/pu/118731/118731-1677691614.pdf,2023-03-01T17:27:00.598Z,false,https://raw.githubusercontent.com/mykeels/inec-presidential-elections-2023/master/results/37-zamfara\3864-bakura\26199-damri\polling-units.json
ZAMFARA,BAKURA,DAN MANAU,B/MASA    /  FOREST OFFICE,36/02/05/011,https://inec-cvr-cache.s3.eu-west-1.amazonaws.com/cached/results/117656/result_64880_1677486632_thumb.jpg,2023-02-28T20:38:33.889Z,true,https://raw.githubusercontent.com/mykeels/inec-presidential-elections-2023/master/results/37-zamfara\3864-bakura\26201-dan-manau\polling-units.json
ZAMFARA,BAKURA,DAN MANAU,BALGARE  /  PRI. SCH.,36/02/05/002,https://inec-cvr-cache.s3.eu-west-1.amazonaws.com/cached/results/117647/result_64871_1677484872_thumb.jpg,2023-02-28T18:26:26.534Z,false,https://raw.githubusercontent.com/mykeels/inec-presidential-elections-2023/master/results/37-zamfara\3864-bakura\26201-dan-manau\polling-units.json
ZAMFARA,BAKURA,DAN MANAU,DAN MANAU    /  MODEL PRI SCH.,36/02/05/005,https://inec-cvr-cache.s3.eu-west-1.amazonaws.com/cached/results/117650/result_64874_1677485696_thumb.jpg,2023-02-28T18:23:31.213Z,false,https://raw.githubusercontent.com/mykeels/inec-presidential-elections-2023/master/results/37-zamfara\3864-bakura\26201-dan-manau\polling-units.json
ZAMFARA,BAKURA,DAN MANAU,GAMJI    /  GAMJI PRI. SCH.,36/02/05/006,https://inec-cvr-cache.s3.eu-west-1.amazonaws.com/cached/results/117651/result_64875_1677485877_thumb.jpg,2023-02-28T20:32:19.944Z,false,https://raw.githubusercontent.com/mykeels/inec-presidential-elections-2023/master/results/37-zamfara\3864-bakura\26201-dan-manau\polling-units.json
ZAMFARA,BAKURA,DAN MANAU,GAMJI SEC. SCH,36/02/05/019,https://inec-cvr-cache.s3.eu-west-1.amazonaws.com/cached/results/673751/result_64888_1677488145_thumb.jpg,2023-02-28T20:41:23.583Z,true,https://raw.githubusercontent.com/mykeels/inec-presidential-elections-2023/master/results/37-zamfara\3864-bakura\26201-dan-manau\polling-units.json
ZAMFARA,BAKURA,DAN MANAU,GIDAN DIKKO   /   ADULT EDU. CLASS,36/02/05/010,https://inec-cvr-cache.s3.eu-west-1.amazonaws.com/cached/results/117655/result_64879_1677486518_thumb.jpg,2023-02-28T20:38:49.601Z,true,https://raw.githubusercontent.com/mykeels/inec-presidential-elections-2023/master/results/37-zamfara\3864-bakura\26201-dan-manau\polling-units.json
ZAMFARA,BAKURA,DAN MANAU,GWARGUWA RIJIYA DUMULLE,36/02/05/023,https://inec-cvr-cache.s3.eu-west-1.amazonaws.com/cached/results/673755/result_64892_1677490252_thumb.jpg,2023-02-28T18:07:23.955Z,false,https://raw.githubusercontent.com/mykeels/inec-presidential-elections-2023/master/results/37-zamfara\3864-bakura\26201-dan-manau\polling-units.json
ZAMFARA,BAKURA,DAN MANAU,HILIN TSAMIYA RAKUMA,36/02/05/025,https://inec-cvr-cache.s3.eu-west-1.amazonaws.com/cached/results/673757/result_64894_1677490907_thumb.jpg,2023-02-28T21:30:41.573Z,false,https://raw.githubusercontent.com/mykeels/inec-presidential-elections-2023/master/results/37-zamfara\3864-bakura\26201-dan-manau\polling-units.json
ZAMFARA,BAKURA,DAN MANAU,HUTSERE   /   ADULT EDU. CLASS,36/02/05/012,https://inec-cvr-cache.s3.eu-west-1.amazonaws.com/cached/results/117657/result_64881_1677486990_thumb.jpg,2023-02-28T20:26:33.356Z,true,https://raw.githubusercontent.com/mykeels/inec-presidential-elections-2023/master/results/37-zamfara\3864-bakura\26201-dan-manau\polling-units.json
ZAMFARA,BAKURA,DAN MANAU,K/KALGO    /  PRI. SCH.,36/02/05/008,https://inec-cvr-cache.s3.eu-west-1.amazonaws.com/cached/results/117653/result_64877_1677486240_thumb.jpg,2023-02-28T18:16:26.066Z,true,https://raw.githubusercontent.com/mykeels/inec-presidential-elections-2023/master/results/37-zamfara\3864-bakura\26201-dan-manau\polling-units.json
ZAMFARA,BAKURA,DAN MANAU,KABAWA   /   PRI. SCH.,36/02/05/001,https://inec-cvr-cache.s3.eu-west-1.amazonaws.com/cached/results/117646/result_64870_1677484611_thumb.jpg,2023-02-28T17:42:43.120Z,true,https://raw.githubusercontent.com/mykeels/inec-presidential-elections-2023/master/results/37-zamfara\3864-bakura\26201-dan-manau\polling-units.json
ZAMFARA,BAKURA,DAN MANAU,KASUWAR TSAYE RIJIYA BALGARE,36/02/05/014,https://inec-cvr-cache.s3.eu-west-1.amazonaws.com/cached/results/673746/result_64883_1677487330_thumb.jpg,2023-02-28T17:24:01.434Z,true,https://raw.githubusercontent.com/mykeels/inec-presidential-elections-2023/master/results/37-zamfara\3864-bakura\26201-dan-manau\polling-units.json
ZAMFARA,BAKURA,DAN MANAU,L/BAKURA    / PRI. SCH.,36/02/05/007,https://inec-cvr-cache.s3.eu-west-1.amazonaws.com/cached/results/117652/result_64876_1677486087_thumb.jpg,2023-02-28T20:21:19.955Z,false,https://raw.githubusercontent.com/mykeels/inec-presidential-elections-2023/master/results/37-zamfara\3864-bakura\26201-dan-manau\polling-units.json
ZAMFARA,BAKURA,DAN MANAU,LAMBAR BAKURA JUNCTOIN TRANSFORMER,36/02/05/021,https://inec-cvr-cache.s3.eu-west-1.amazonaws.com/cached/results/673753/result_64890_1677489509_thumb.jpg,2023-02-28T21:22:24.720Z,false,https://raw.githubusercontent.com/mykeels/inec-presidential-elections-2023/master/results/37-zamfara\3864-bakura\26201-dan-manau\polling-units.json
ZAMFARA,BAKURA,DAN MANAU,LAMBAR YAR ASIRI,36/02/05/020,https://inec-cvr-cache.s3.eu-west-1.amazonaws.com/cached/results/673752/result_64889_1677488579_thumb.jpg,2023-02-28T18:24:23.605Z,false,https://raw.githubusercontent.com/mykeels/inec-presidential-elections-2023/master/results/37-zamfara\3864-bakura\26201-dan-manau\polling-units.json
ZAMFARA,BAKURA,DAN MANAU,NAGARAWA    /  PRI. SCH.,36/02/05/004,https://inec-cvr-cache.s3.eu-west-1.amazonaws.com/cached/results/117649/result_64873_1677485481_thumb.jpg,2023-02-28T18:16:22.568Z,true,https://raw.githubusercontent.com/mykeels/inec-presidential-elections-2023/master/results/37-zamfara\3864-bakura\26201-dan-manau\polling-units.json
ZAMFARA,BAKURA,DAN MANAU,NAGARAWA KANWURI,36/02/05/015,https://inec-cvr-cache.s3.eu-west-1.amazonaws.com/cached/results/673747/result_64884_1677487517_thumb.jpg,2023-02-28T20:34:53.362Z,false,https://raw.githubusercontent.com/mykeels/inec-presidential-elections-2023/master/results/37-zamfara\3864-bakura\26201-dan-manau\polling-units.json
ZAMFARA,BAKURA,DAN MANAU,RAFIN DAN KURE PRI. SCH.,36/02/05/022,https://inec-cvr-cache.s3.eu-west-1.amazonaws.com/cached/results/673754/result_64891_1677489805_thumb.jpg,2023-02-28T17:43:55.904Z,false,https://raw.githubusercontent.com/mykeels/inec-presidential-elections-2023/master/results/37-zamfara\3864-bakura\26201-dan-manau\polling-units.json
ZAMFARA,BAKURA,DAN MANAU,RAKUMA   /   ADULT EDU. CLASS,36/02/05/009,https://inec-cvr-cache.s3.eu-west-1.amazonaws.com/cached/results/117654/result_64878_1677486351_thumb.jpg,2023-02-28T21:29:58.418Z,false,https://raw.githubusercontent.com/mykeels/inec-presidential-elections-2023/master/results/37-zamfara\3864-bakura\26201-dan-manau\polling-units.json
ZAMFARA,BAKURA,DAN MANAU,RAKUMA LUNGUN BEJI,36/02/05/024,https://inec-cvr-cache.s3.eu-west-1.amazonaws.com/cached/results/673756/result_64893_1677490423_thumb.jpg,2023-02-28T18:07:15.911Z,true,https://raw.githubusercontent.com/mykeels/inec-presidential-elections-2023/master/results/37-zamfara\3864-bakura\26201-dan-manau\polling-units.json
ZAMFARA,BAKURA,DAN MANAU,SHIYAR GABAS GAMJI,36/02/05/017,https://inec-cvr-cache.s3.eu-west-1.amazonaws.com/cached/results/673749/result_64886_1677487835_thumb.jpg,2023-02-28T18:22:58.109Z,true,https://raw.githubusercontent.com/mykeels/inec-presidential-elections-2023/master/results/37-zamfara\3864-bakura\26201-dan-manau\polling-units.json
ZAMFARA,BAKURA,DAN MANAU,SHIYAR MAYANCI GAMJI,36/02/05/018,https://inec-cvr-cache.s3.eu-west-1.amazonaws.com/cached/results/673750/result_64887_1677487997_thumb.jpg,2023-02-28T17:39:48.662Z,false,https://raw.githubusercontent.com/mykeels/inec-presidential-elections-2023/master/results/37-zamfara\3864-bakura\26201-dan-manau\polling-units.json
ZAMFARA,BAKURA,DAN MANAU,T/D/MANAU    /   ADULT CLASS,36/02/05/003,https://inec-cvr-cache.s3.eu-west-1.amazonaws.com/cached/results/117648/result_64872_1677485114_thumb.jpg,2023-02-28T21:26:56.172Z,true,https://raw.githubusercontent.com/mykeels/inec-presidential-elections-2023/master/results/37-zamfara\3864-bakura\26201-dan-manau\polling-units.json
ZAMFARA,BAKURA,DAN MANAU,TSAKIYAR KASUWA DAN MANAU,36/02/05/016,https://inec-cvr-cache.s3.eu-west-1.amazonaws.com/cached/results/673748/result_64885_1677487679_thumb.jpg,2023-02-28T21:36:39.366Z,false,https://raw.githubusercontent.com/mykeels/inec-presidential-elections-2023/master/results/37-zamfara\3864-bakura\26201-dan-manau\polling-units.json
ZAMFARA,BAKURA,DAN MANAU,TSAMIYAR DAN SISI GIDAN RUWA,36/02/05/026,https://inec-cvr-cache.s3.eu-west-1.amazonaws.com/cached/results/673758/result_64895_1677491079_thumb.jpg,2023-02-28T20:33:57.093Z,false,https://raw.githubusercontent.com/mykeels/inec-presidential-elections-2023/master/results/37-zamfara\3864-bakura\26201-dan-manau\polling-units.json
ZAMFARA,BAKURA,DAN MANAU,YAR RIMAYE   /   ADULT EDU. CLASS,36/02/05/013,https://inec-cvr-cache.s3.eu-west-1.amazonaws.com/cached/results/117658/result_64882_1677487164_thumb.jpg,2023-02-28T20:35:09.292Z,true,https://raw.githubusercontent.com/mykeels/inec-presidential-elections-2023/master/results/37-zamfara\3864-bakura\26201-dan-manau\polling-units.json
ZAMFARA,BAKURA,DANKADU,BADAMMA    /   BADAMMA PRI. SCH.,36/02/04/011,https://inec-cvr-cache.s3.eu-west-1.amazonaws.com/cached/results/117642/result_64857_1677508061_thumb.jpg,2023-02-28T21:25:23.560Z,true,https://raw.githubusercontent.com/mykeels/inec-presidential-elections-2023/master/results/37-zamfara\3864-bakura\26200-dankadu\polling-units.json
ZAMFARA,BAKURA,DANKADU,BARADE/ ADULT EDUCATION CLASS,36/02/04/014,https://inec-cvr-cache.s3.eu-west-1.amazonaws.com/cached/results/117645/result_64860_1677509236_thumb.jpg,2023-02-28T18:17:55.885Z,true,https://raw.githubusercontent.com/mykeels/inec-presidential-elections-2023/master/results/37-zamfara\3864-bakura\26200-dankadu\polling-units.json
ZAMFARA,BAKURA,DANKADU,DAMBO I/MODEL PRI. SCH.,36/02/04/006,https://inec-cvr-cache.s3.eu-west-1.amazonaws.com/cached/results/117637/result_64852_1677507531_thumb.jpg,2023-02-28T17:45:09.414Z,true,https://raw.githubusercontent.com/mykeels/inec-presidential-elections-2023/master/results/37-zamfara\3864-bakura\26200-dankadu\polling-units.json
ZAMFARA,BAKURA,DANKADU,DAMBO II  /  ADULT EDU. CLASS,36/02/04/007,https://inec-cvr-cache.s3.eu-west-1.amazonaws.com/cached/results/117638/result_64853_1677507665_thumb.jpg,2023-02-28T20:30:14.169Z,true,https://raw.githubusercontent.com/mykeels/inec-presidential-elections-2023/master/results/37-zamfara\3864-bakura\26200-dankadu\polling-units.json
ZAMFARA,BAKURA,DANKADU,DAMBO SHIYAR GALADIMA/KASUWA,36/02/04/020,https://inec-cvr-cache.s3.eu-west-1.amazonaws.com/cached/results/673742/result_64866_1677508095_thumb.jpg,2023-02-28T17:36:18.990Z,true,https://raw.githubusercontent.com/mykeels/inec-presidential-elections-2023/master/results/37-zamfara\3864-bakura\26200-dankadu\polling-units.json
ZAMFARA,BAKURA,DANKADU,DAN KADU/BEDIN SANDA,36/02/04/015,,,false,https://raw.githubusercontent.com/mykeels/inec-presidential-elections-2023/master/results/37-zamfara\3864-bakura\26200-dankadu\polling-units.json
ZAMFARA,BAKURA,DANKADU,DANBO RIJIYAR BARAWA,36/02/04/021,https://inec-cvr-cache.s3.eu-west-1.amazonaws.com/cached/results/673743/result_64867_1677507929_thumb.jpg,2023-02-28T20:20:49.557Z,true,https://raw.githubusercontent.com/mykeels/inec-presidential-elections-2023/master/results/37-zamfara\3864-bakura\26200-dankadu\polling-units.json
ZAMFARA,BAKURA,DANKADU,DANKADU I/MODEL PRI SCH.,36/02/04/001,,,false,https://raw.githubusercontent.com/mykeels/inec-presidential-elections-2023/master/results/37-zamfara\3864-bakura\26200-dankadu\polling-units.json
ZAMFARA,BAKURA,DANKADU,DANKADU II/VILLAGE HEAD OFFICE,36/02/04/002,,,false,https://raw.githubusercontent.com/mykeels/inec-presidential-elections-2023/master/results/37-zamfara\3864-bakura\26200-dankadu\polling-units.json
ZAMFARA,BAKURA,DANKADU,DANKADU KASUWA,36/02/04/016,https://inec-cvr-cache.s3.eu-west-1.amazonaws.com/cached/results/673738/result_64862_1677508701_thumb.jpg,2023-02-28T18:13:05.686Z,true,https://raw.githubusercontent.com/mykeels/inec-presidential-elections-2023/master/results/37-zamfara\3864-bakura\26200-dankadu\polling-units.json
ZAMFARA,BAKURA,DANKADU,FAGGE KASUWA,36/02/04/022,https://inec-cvr-cache.s3.eu-west-1.amazonaws.com/cached/results/673744/result_64868_1677507783_thumb.jpg,2023-02-28T21:43:33.484Z,true,https://raw.githubusercontent.com/mykeels/inec-presidential-elections-2023/master/results/37-zamfara\3864-bakura\26200-dankadu\polling-units.json
ZAMFARA,BAKURA,DANKADU,GWARGAWO  /   PRI. SCH.,36/02/04/012,https://inec-cvr-cache.s3.eu-west-1.amazonaws.com/cached/results/117643/result_64858_1677509481_thumb.jpg,2023-02-28T18:24:56.654Z,true,https://raw.githubusercontent.com/mykeels/inec-presidential-elections-2023/master/results/37-zamfara\3864-bakura\26200-dankadu\polling-units.json
ZAMFARA,BAKURA,DANKADU,KUHU KASUWA,36/02/04/023,https://inec-cvr-cache.s3.eu-west-1.amazonaws.com/cached/results/673745/result_64869_1677507612_thumb.jpg,2023-02-28T18:12:18.349Z,true,https://raw.githubusercontent.com/mykeels/inec-presidential-elections-2023/master/results/37-zamfara\3864-bakura\26200-dankadu\polling-units.json
ZAMFARA,BAKURA,DANKADU,LIMAWA MADACCI LIMAWA,36/02/04/017,https://inec-cvr-cache.s3.eu-west-1.amazonaws.com/cached/results/673739/result_64863_1677508491_thumb.jpg,2023-02-28T20:22:01.913Z,true,https://raw.githubusercontent.com/mykeels/inec-presidential-elections-2023/master/results/37-zamfara\3864-bakura\26200-dankadu\polling-units.json
ZAMFARA,BAKURA,DANKADU,MADACCI I/MODEL PRIMARY SCHOOL,36/02/04/003,https://inec-cvr-cache.s3.eu-west-1.amazonaws.com/cached/results/117634/result_64849_1677506964_thumb.jpg,2023-02-28T18:25:04.219Z,false,https://raw.githubusercontent.com/mykeels/inec-presidential-elections-2023/master/results/37-zamfara\3864-bakura\26200-dankadu\polling-units.json
ZAMFARA,BAKURA,DANKADU,MADACCI II/ADULT EDU. CLASS,36/02/04/004,https://inec-cvr-cache.s3.eu-west-1.amazonaws.com/cached/results/117635/result_64850_1677507248_thumb.jpg,2023-02-28T21:37:59.414Z,true,https://raw.githubusercontent.com/mykeels/inec-presidential-elections-2023/master/results/37-zamfara\3864-bakura\26200-dankadu\polling-units.json
ZAMFARA,BAKURA,DANKADU,RANE/ PRIMARY SCHOOL,36/02/04/013,https://inec-cvr-cache.s3.eu-west-1.amazonaws.com/cached/results/117644/result_64859_1677509355_thumb.jpg,2023-02-28T17:32:21.973Z,true,https://raw.githubusercontent.com/mykeels/inec-presidential-elections-2023/master/results/37-zamfara\3864-bakura\26200-dankadu\polling-units.json
ZAMFARA,BAKURA,DANKADU,ROGOJI  /   ADULT EDU. CLASS,36/02/04/009,https://inec-cvr-cache.s3.eu-west-1.amazonaws.com/cached/results/117640/result_64855_1677507825_thumb.jpg,2023-02-28T20:35:47.736Z,true,https://raw.githubusercontent.com/mykeels/inec-presidential-elections-2023/master/results/37-zamfara\3864-bakura\26200-dankadu\polling-units.json
ZAMFARA,BAKURA,DANKADU,RUMBA   /  ADULT EDU. CLASS,36/02/04/008,https://inec-cvr-cache.s3.eu-west-1.amazonaws.com/cached/results/117639/result_64854_1677507741_thumb.jpg,2023-02-28T20:19:54.711Z,true,https://raw.githubusercontent.com/mykeels/inec-presidential-elections-2023/master/results/37-zamfara\3864-bakura\26200-dankadu\polling-units.json
ZAMFARA,BAKURA,DANKADU,SHIYAR BUGAJE,36/02/04/018,https://inec-cvr-cache.s3.eu-west-1.amazonaws.com/cached/results/673740/result_64864_1677508346_thumb.jpg,2023-02-28T20:40:38.268Z,true,https://raw.githubusercontent.com/mykeels/inec-presidential-elections-2023/master/results/37-zamfara\3864-bakura\26200-dankadu\polling-units.json
ZAMFARA,BAKURA,DANKADU,SULLUBAWA   /   PRI. SCH.,36/02/04/010,https://inec-cvr-cache.s3.eu-west-1.amazonaws.com/cached/results/117641/result_64856_1677507909_thumb.jpg,2023-02-28T17:42:30.064Z,true,https://raw.githubusercontent.com/mykeels/inec-presidential-elections-2023/master/results/37-zamfara\3864-bakura\26200-dankadu\polling-units.json
ZAMFARA,BAKURA,DANKADU,T/MAIBURTU /T/ MAIBURTU,36/02/04/005,https://inec-cvr-cache.s3.eu-west-1.amazonaws.com/cached/results/117636/result_64851_1677507384_thumb.jpg,2023-02-28T17:43:45.408Z,true,https://raw.githubusercontent.com/mykeels/inec-presidential-elections-2023/master/results/37-zamfara\3864-bakura\26200-dankadu\polling-units.json
ZAMFARA,BAKURA,DANKADU,TAJAYE PRI SCH,36/02/04/019,https://inec-cvr-cache.s3.eu-west-1.amazonaws.com/cached/results/673741/result_64865_1677508221_thumb.jpg,2023-02-28T20:30:46.835Z,true,https://raw.githubusercontent.com/mykeels/inec-presidential-elections-2023/master/results/37-zamfara\3864-bakura\26200-dankadu\polling-units.json
ZAMFARA,BAKURA,NASARAWA,GISGE  /  ADULT EDU. CLASS,36/02/08/006,https://docs.inecelectionresults.net/elections_prod/1292/state/01/lga/02/ward/08/pu/006/006-1677377285.pdf,2023-02-26T02:09:00.718Z,false,https://raw.githubusercontent.com/mykeels/inec-presidential-elections-2023/master/results/37-zamfara\3864-bakura\26204-nasarawa\polling-units.json
ZAMFARA,BAKURA,NASARAWA,HILIN DAMO TUMBA,36/02/08/012,https://docs.inecelectionresults.net/elections_prod/1292/state/01/lga/02/ward/08/pu/012/012-1677373050.pdf,2023-02-26T00:58:01.139Z,false,https://raw.githubusercontent.com/mykeels/inec-presidential-elections-2023/master/results/37-zamfara\3864-bakura\26204-nasarawa\polling-units.json
ZAMFARA,BAKURA,NASARAWA,JARKUKA - VILLAGE CENTRE,36/02/08/005,https://docs.inecelectionresults.net/elections_prod/1292/state/01/lga/02/ward/08/pu/005/005-1677372990.pdf,2023-02-26T00:57:01.868Z,false,https://raw.githubusercontent.com/mykeels/inec-presidential-elections-2023/master/results/37-zamfara\3864-bakura\26204-nasarawa\polling-units.json
ZAMFARA,BAKURA,NASARAWA,KANWURI KASUWA,36/02/08/011,https://docs.inecelectionresults.net/elections_prod/1292/state/01/lga/02/ward/08/pu/011/011-1677374223.pdf,2023-02-26T01:18:00.452Z,false,https://raw.githubusercontent.com/mykeels/inec-presidential-elections-2023/master/results/37-zamfara\3864-bakura\26204-nasarawa\polling-units.json
ZAMFARA,BAKURA,NASARAWA,KINDIGARI BOREHOLE,36/02/08/009,https://docs.inecelectionresults.net/elections_prod/1292/state/01/lga/02/ward/08/pu/009/009-1677421013.pdf,2023-02-26T15:20:03.412Z,false,https://raw.githubusercontent.com/mykeels/inec-presidential-elections-2023/master/results/37-zamfara\3864-bakura\26204-nasarawa\polling-units.json
ZAMFARA,BAKURA,NASARAWA,MASGO   /  ADULT EDU.CLASS,36/02/08/007,https://docs.inecelectionresults.net/elections_prod/1292/state/01/lga/02/ward/08/pu/007/007-1677375486.pdf,2023-02-26T01:39:02.230Z,false,https://raw.githubusercontent.com/mykeels/inec-presidential-elections-2023/master/results/37-zamfara\3864-bakura\26204-nasarawa\polling-units.json
ZAMFARA,BAKURA,NASARAWA,NASARAWA SHIYAR MARNA,36/02/08/010,https://docs.inecelectionresults.net/elections_prod/1292/state/01/lga/02/ward/08/pu/010/010-1677372944.pdf,2023-02-26T00:56:00.811Z,false,https://raw.githubusercontent.com/mykeels/inec-presidential-elections-2023/master/results/37-zamfara\3864-bakura\26204-nasarawa\polling-units.json
ZAMFARA,BAKURA,NASARAWA,S / MAGAJI   /    VILLAGE HEAD OFFICE,36/02/08/001,https://docs.inecelectionresults.net/elections_prod/1292/state/01/lga/02/ward/08/pu/001/001-1677420987.pdf,2023-02-26T15:20:02.185Z,false,https://raw.githubusercontent.com/mykeels/inec-presidential-elections-2023/master/results/37-zamfara\3864-bakura\26204-nasarawa\polling-units.json
ZAMFARA,BAKURA,NASARAWA,S /GALADIMA   /   MODEL PRIMARY SCHOOL,36/02/08/002,https://docs.inecelectionresults.net/elections_prod/1292/state/01/lga/02/ward/08/pu/002/002-1677419516.pdf,2023-02-26T13:52:02.199Z,false,https://raw.githubusercontent.com/mykeels/inec-presidential-elections-2023/master/results/37-zamfara\3864-bakura\26204-nasarawa\polling-units.json
ZAMFARA,BAKURA,NASARAWA,TABKIN MAZA   /  DURUMI,36/02/08/008,https://docs.inecelectionresults.net/elections_prod/1292/state/01/lga/02/ward/08/pu/008/008-1677418861.pdf,2023-02-26T13:41:59.912Z,false,https://raw.githubusercontent.com/mykeels/inec-presidential-elections-2023/master/results/37-zamfara\3864-bakura\26204-nasarawa\polling-units.json
ZAMFARA,BAKURA,NASARAWA,TUMBA KANWURI   /    ADULT   EDU. CLASS,36/02/08/003,,,false,https://raw.githubusercontent.com/mykeels/inec-presidential-elections-2023/master/results/37-zamfara\3864-bakura\26204-nasarawa\polling-units.json
ZAMFARA,BAKURA,NASARAWA,TUMBA S/ GALADIMA  /   PRIMARY SCHOOL,36/02/08/004,https://docs.inecelectionresults.net/elections_prod/1292/state/01/lga/02/ward/08/pu/004/004-1677378346.pdf,2023-02-26T02:26:00.499Z,false,https://raw.githubusercontent.com/mykeels/inec-presidential-elections-2023/master/results/37-zamfara\3864-bakura\26204-nasarawa\polling-units.json
ZAMFARA,BAKURA,RINI,ASIBITI SABON GARI,36/02/09/009,https://docs.inecelectionresults.net/elections_prod/1292/state/1/lga/3864/ward/26205/pu/177726/177726-1677526931.pdf,2023-02-27T19:42:59.869Z,false,https://raw.githubusercontent.com/mykeels/inec-presidential-elections-2023/master/results/37-zamfara\3864-bakura\26205-rini\polling-units.json
ZAMFARA,BAKURA,RINI,GIDAN GALADIMA/ADULT EDU. CLASS,36/02/09/002,https://docs.inecelectionresults.net/elections_prod/1292/state/1/lga/3864/ward/26205/pu/118788/118788-1677524759.pdf,2023-02-27T19:06:59.886Z,false,https://raw.githubusercontent.com/mykeels/inec-presidential-elections-2023/master/results/37-zamfara\3864-bakura\26205-rini\polling-units.json
ZAMFARA,BAKURA,RINI,GIDAN HARANDE   /  PRIMARY SCHOOL,36/02/09/003,https://docs.inecelectionresults.net/elections_prod/1292/state/1/lga/3864/ward/26205/pu/118789/118789-1677525240.pdf,2023-02-27T19:14:59.912Z,false,https://raw.githubusercontent.com/mykeels/inec-presidential-elections-2023/master/results/37-zamfara\3864-bakura\26205-rini\polling-units.json
ZAMFARA,BAKURA,RINI,GIDAN OROJI  /  ADULT EDU. CLASS,36/02/09/001,https://docs.inecelectionresults.net/elections_prod/1292/state/1/lga/3864/ward/26205/pu/118787/118787-1677523924.pdf,2023-02-27T18:53:00.201Z,false,https://raw.githubusercontent.com/mykeels/inec-presidential-elections-2023/master/results/37-zamfara\3864-bakura\26205-rini\polling-units.json
ZAMFARA,BAKURA,RINI,KASUWAR MASU RINI,36/02/09/013,https://docs.inecelectionresults.net/elections_prod/1292/state/1/lga/3864/ward/26205/pu/177730/177730-1677528040.pdf,2023-02-27T20:00:59.923Z,false,https://raw.githubusercontent.com/mykeels/inec-presidential-elections-2023/master/results/37-zamfara\3864-bakura\26205-rini\polling-units.json
ZAMFARA,BAKURA,RINI,SH / GALADIMA I  /   MODEL PRIMARY SCHOOL,36/02/09/004,https://docs.inecelectionresults.net/elections_prod/1292/state/1/lga/3864/ward/26205/pu/118790/118790-1677525597.pdf,2023-02-27T19:20:00.277Z,false,https://raw.githubusercontent.com/mykeels/inec-presidential-elections-2023/master/results/37-zamfara\3864-bakura\26205-rini\polling-units.json
ZAMFARA,BAKURA,RINI,SH / GALADIMA I  /   VILLAGE HEAD OFFICE,36/02/09/007,https://docs.inecelectionresults.net/elections_prod/1292/state/1/lga/3864/ward/26205/pu/118793/118793-1677526431.pdf,2023-02-27T19:34:00.631Z,false,https://raw.githubusercontent.com/mykeels/inec-presidential-elections-2023/master/results/37-zamfara\3864-bakura\26205-rini\polling-units.json
ZAMFARA,BAKURA,RINI,SH / GALADIMA II  /   RIMA OFFICE,36/02/09/008,https://docs.inecelectionresults.net/elections_prod/1292/state/1/lga/3864/ward/26205/pu/118794/118794-1677526752.pdf,2023-02-27T19:39:59.980Z,false,https://raw.githubusercontent.com/mykeels/inec-presidential-elections-2023/master/results/37-zamfara\3864-bakura\26205-rini\polling-units.json
ZAMFARA,BAKURA,RINI,SH / KOFA I  /   WOMEN CENTRE,36/02/09/005,https://docs.inecelectionresults.net/elections_prod/1292/state/1/lga/3864/ward/26205/pu/118791/118791-1677525875.pdf,2023-02-27T19:25:00.354Z,false,https://raw.githubusercontent.com/mykeels/inec-presidential-elections-2023/master/results/37-zamfara\3864-bakura\26205-rini\polling-units.json
ZAMFARA,BAKURA,RINI,SH/KOFAR II   /  ADULT   EDU. CLASS,36/02/09/006,https://docs.inecelectionresults.net/elections_prod/1292/state/1/lga/3864/ward/26205/pu/118792/118792-1677526170.pdf,2023-02-27T19:30:00.175Z,false,https://raw.githubusercontent.com/mykeels/inec-presidential-elections-2023/master/results/37-zamfara\3864-bakura\26205-rini\polling-units.json
ZAMFARA,BAKURA,RINI,TITIN BAKO RINI,36/02/09/014,https://docs.inecelectionresults.net/elections_prod/1292/state/1/lga/3864/ward/26205/pu/177731/177731-1677528471.pdf,2023-02-27T20:08:00.717Z,false,https://raw.githubusercontent.com/mykeels/inec-presidential-elections-2023/master/results/37-zamfara\3864-bakura\26205-rini\polling-units.json
ZAMFARA,BAKURA,RINI,TSOHUWAR ASIBITI RINI,36/02/09/012,https://docs.inecelectionresults.net/elections_prod/1292/state/1/lga/3864/ward/26205/pu/177729/177729-1677527719.pdf,2023-02-27T19:56:00.180Z,false,https://raw.githubusercontent.com/mykeels/inec-presidential-elections-2023/master/results/37-zamfara\3864-bakura\26205-rini\polling-units.json
ZAMFARA,BAKURA,RINI,YAR ADUAWA RIJIYA RINI,36/02/09/010,https://docs.inecelectionresults.net/elections_prod/1292/state/1/lga/3864/ward/26205/pu/177727/177727-1677527240.pdf,2023-02-27T19:48:00.249Z,false,https://raw.githubusercontent.com/mykeels/inec-presidential-elections-2023/master/results/37-zamfara\3864-bakura\26205-rini\polling-units.json
ZAMFARA,BAKURA,RINI,YAR KURNA RINI,36/02/09/011,https://docs.inecelectionresults.net/elections_prod/1292/state/1/lga/3864/ward/26205/pu/177728/177728-1677527454.pdf,2023-02-27T19:51:00.421Z,false,https://raw.githubusercontent.com/mykeels/inec-presidential-elections-2023/master/results/37-zamfara\3864-bakura\26205-rini\polling-units.json
ZAMFARA,BAKURA,YAR GEDA,ADARAWA VILLAGE RIJIYAR KADAN  ILA,36/02/10/009,,,false,https://raw.githubusercontent.com/mykeels/inec-presidential-elections-2023/master/results/37-zamfara\3864-bakura\26206-yar-geda\polling-units.json
ZAMFARA,BAKURA,YAR GEDA,ADARAWA/ ADULT EDU. CLASS,36/02/10/003,https://docs.inecelectionresults.net/elections_prod/1292/state/01/lga/02/ward/10/pu/003/003-1677375148.pdf,2023-02-26T01:34:01.500Z,false,https://raw.githubusercontent.com/mykeels/inec-presidential-elections-2023/master/results/37-zamfara\3864-bakura\26206-yar-geda\polling-units.json
ZAMFARA,BAKURA,YAR GEDA,GAINAKAWA   /  YARCEDIYA,36/02/10/004,https://docs.inecelectionresults.net/elections_prod/1292/state/01/lga/02/ward/10/pu/004/004-1677380025.pdf,2023-02-26T02:54:01.889Z,false,https://raw.githubusercontent.com/mykeels/inec-presidential-elections-2023/master/results/37-zamfara\3864-bakura\26206-yar-geda\polling-units.json
ZAMFARA,BAKURA,YAR GEDA,GIDAN KALGO   /  GARKAR HAKIMI,36/02/10/005,https://docs.inecelectionresults.net/elections_prod/1292/state/01/lga/02/ward/10/pu/005/005-1677401687.pdf,2023-02-26T08:55:02.271Z,false,https://raw.githubusercontent.com/mykeels/inec-presidential-elections-2023/master/results/37-zamfara\3864-bakura\26206-yar-geda\polling-units.json
ZAMFARA,BAKURA,YAR GEDA,GIDAN KALGO KASUWA BEDI,36/02/10/010,,,false,https://raw.githubusercontent.com/mykeels/inec-presidential-elections-2023/master/results/37-zamfara\3864-bakura\26206-yar-geda\polling-units.json
ZAMFARA,BAKURA,YAR GEDA,GURBI   /  ADULT  EDU.  CLASS,36/02/10/002,,,false,https://raw.githubusercontent.com/mykeels/inec-presidential-elections-2023/master/results/37-zamfara\3864-bakura\26206-yar-geda\polling-units.json
ZAMFARA,BAKURA,YAR GEDA,KABAWA   /  PRY. SCH.,36/02/10/006,,,false,https://raw.githubusercontent.com/mykeels/inec-presidential-elections-2023/master/results/37-zamfara\3864-bakura\26206-yar-geda\polling-units.json
ZAMFARA,BAKURA,YAR GEDA,YARGEDA   /  PRIMARY SCHOOL,36/02/10/001,https://docs.inecelectionresults.net/elections_prod/1292/state/1/lga/3864/ward/26206/pu/118795/118795-1677530717.pdf,2023-02-27T20:46:00.102Z,false,https://raw.githubusercontent.com/mykeels/inec-presidential-elections-2023/master/results/37-zamfara\3864-bakura\26206-yar-geda\polling-units.json
ZAMFARA,BAKURA,YAR GEDA,YARGEDA DISPENSARY,36/02/10/008,,,false,https://raw.githubusercontent.com/mykeels/inec-presidential-elections-2023/master/results/37-zamfara\3864-bakura\26206-yar-geda\polling-units.json
ZAMFARA,BAKURA,YAR GEDA,YARGEDA KANWURI,36/02/10/007,,,false,https://raw.githubusercontent.com/mykeels/inec-presidential-elections-2023/master/results/37-zamfara\3864-bakura\26206-yar-geda\polling-units.json
ZAMFARA,BAKURA,YAR KUFOJI,AWALA/ VILLAGE HEAD OFFICE,36/02/06/008,https://inec-cvr-cache.s3.eu-west-1.amazonaws.com/cached/results/117666/result_64903_1677506662_thumb.jpg,2023-02-28T20:16:58.829Z,true,https://raw.githubusercontent.com/mykeels/inec-presidential-elections-2023/master/results/37-zamfara\3864-bakura\26202-yar-kufoji\polling-units.json
ZAMFARA,BAKURA,YAR KUFOJI,AWALA/LAHADAWA,36/02/06/018,https://inec-cvr-cache.s3.eu-west-1.amazonaws.com/cached/results/673780/result_64913_1677507855_thumb.jpg,2023-02-28T17:27:16.701Z,true,https://raw.githubusercontent.com/mykeels/inec-presidential-elections-2023/master/results/37-zamfara\3864-bakura\26202-yar-kufoji\polling-units.json
ZAMFARA,BAKURA,YAR KUFOJI,BARNAWA    /  WOMEN CENTRE,36/02/06/002,https://inec-cvr-cache.s3.eu-west-1.amazonaws.com/cached/results/117660/result_64897_1677508345_thumb.jpg,2023-02-28T18:21:34.520Z,true,https://raw.githubusercontent.com/mykeels/inec-presidential-elections-2023/master/results/37-zamfara\3864-bakura\26202-yar-kufoji\polling-units.json
ZAMFARA,BAKURA,YAR KUFOJI,BARNAWA/LUNGUN MAJEMA,36/02/06/013,https://inec-cvr-cache.s3.eu-west-1.amazonaws.com/cached/results/673775/result_64908_1677507254_thumb.jpg,2023-02-28T21:41:05.653Z,true,https://raw.githubusercontent.com/mykeels/inec-presidential-elections-2023/master/results/37-zamfara\3864-bakura\26202-yar-kufoji\polling-units.json
ZAMFARA,BAKURA,YAR KUFOJI,FADAMAWA / SHIYAR FADAMAWA,36/02/06/003,https://inec-cvr-cache.s3.eu-west-1.amazonaws.com/cached/results/117661/result_64898_1677505920_thumb.jpg,2023-02-28T18:11:51.123Z,true,https://raw.githubusercontent.com/mykeels/inec-presidential-elections-2023/master/results/37-zamfara\3864-bakura\26202-yar-kufoji\polling-units.json
ZAMFARA,BAKURA,YAR KUFOJI,FADAMAWA CLINIC,36/02/06/022,https://inec-cvr-cache.s3.eu-west-1.amazonaws.com/cached/results/673784/result_64917_1677508189_thumb.jpg,2023-03-01T05:49:19.076Z,true,https://raw.githubusercontent.com/mykeels/inec-presidential-elections-2023/master/results/37-zamfara\3864-bakura\26202-yar-kufoji\polling-units.json
ZAMFARA,BAKURA,YAR KUFOJI,FADAMAWA PRI. SCH,36/02/06/019,https://inec-cvr-cache.s3.eu-west-1.amazonaws.com/cached/results/673781/result_64914_1677507976_thumb.jpg,2023-02-28T18:22:11.852Z,true,https://raw.githubusercontent.com/mykeels/inec-presidential-elections-2023/master/results/37-zamfara\3864-bakura\26202-yar-kufoji\polling-units.json
ZAMFARA,BAKURA,YAR KUFOJI,GEMAWA/DURUMIN DAN KWARA,36/02/06/017,https://inec-cvr-cache.s3.eu-west-1.amazonaws.com/cached/results/673779/result_64912_1677507762_thumb.jpg,2023-02-28T18:21:39.022Z,true,https://raw.githubusercontent.com/mykeels/inec-presidential-elections-2023/master/results/37-zamfara\3864-bakura\26202-yar-kufoji\polling-units.json
ZAMFARA,BAKURA,YAR KUFOJI,KANWURI / KANWURI,36/02/06/010,https://inec-cvr-cache.s3.eu-west-1.amazonaws.com/cached/results/117668/result_64905_1677506941_thumb.jpg,2023-02-28T17:38:10.749Z,true,https://raw.githubusercontent.com/mykeels/inec-presidential-elections-2023/master/results/37-zamfara\3864-bakura\26202-yar-kufoji\polling-units.json
ZAMFARA,BAKURA,YAR KUFOJI,KANWURI DAUDAWA,36/02/06/021,https://inec-cvr-cache.s3.eu-west-1.amazonaws.com/cached/results/673783/result_64916_1677508118_thumb.jpg,2023-02-28T17:23:00.032Z,true,https://raw.githubusercontent.com/mykeels/inec-presidential-elections-2023/master/results/37-zamfara\3864-bakura\26202-yar-kufoji\polling-units.json
ZAMFARA,BAKURA,YAR KUFOJI,KWAKWALAWA/MALLAMAWA,36/02/06/016,https://inec-cvr-cache.s3.eu-west-1.amazonaws.com/cached/results/673778/result_64911_1677507602_thumb.jpg,2023-02-28T21:43:42.709Z,true,https://raw.githubusercontent.com/mykeels/inec-presidential-elections-2023/master/results/37-zamfara\3864-bakura\26202-yar-kufoji\polling-units.json
ZAMFARA,BAKURA,YAR KUFOJI,KWALKWALAWA I   /   ADULT CLASS,36/02/06/006,https://inec-cvr-cache.s3.eu-west-1.amazonaws.com/cached/results/117664/result_64901_1677506379_thumb.jpg,2023-02-28T20:22:59.935Z,true,https://raw.githubusercontent.com/mykeels/inec-presidential-elections-2023/master/results/37-zamfara\3864-bakura\26202-yar-kufoji\polling-units.json
ZAMFARA,BAKURA,YAR KUFOJI,S/TUDU    /  MODEL PRI. SCH.,36/02/06/007,https://inec-cvr-cache.s3.eu-west-1.amazonaws.com/cached/results/117665/result_64902_1677506542_thumb.jpg,2023-02-28T17:28:36.010Z,true,https://raw.githubusercontent.com/mykeels/inec-presidential-elections-2023/master/results/37-zamfara\3864-bakura\26202-yar-kufoji\polling-units.json
ZAMFARA,BAKURA,YAR KUFOJI,TAURAWA/ PRI. SCH,36/02/06/009,https://inec-cvr-cache.s3.eu-west-1.amazonaws.com/cached/results/117667/result_64904_1677506825_thumb.jpg,2023-02-28T20:23:26.343Z,true,https://raw.githubusercontent.com/mykeels/inec-presidential-elections-2023/master/results/37-zamfara\3864-bakura\26202-yar-kufoji\polling-units.json
ZAMFARA,BAKURA,YAR KUFOJI,TAWURAWA FAKON IDI,36/02/06/020,https://inec-cvr-cache.s3.eu-west-1.amazonaws.com/cached/results/673782/result_64915_1677508444_thumb.jpg,2023-02-28T20:22:24.360Z,true,https://raw.githubusercontent.com/mykeels/inec-presidential-elections-2023/master/results/37-zamfara\3864-bakura\26202-yar-kufoji\polling-units.json
ZAMFARA,BAKURA,YAR KUFOJI,TITI K/DAJI BAKIN KANAR,36/02/06/012,https://inec-cvr-cache.s3.eu-west-1.amazonaws.com/cached/results/673774/result_64907_1677507148_thumb.jpg,2023-02-28T21:43:21.986Z,true,https://raw.githubusercontent.com/mykeels/inec-presidential-elections-2023/master/results/37-zamfara\3864-bakura\26202-yar-kufoji\polling-units.json
ZAMFARA,BAKURA,YAR KUFOJI,TITI MODEL PRIMARY SCHOOL,36/02/06/001,https://inec-cvr-cache.s3.eu-west-1.amazonaws.com/cached/results/117659/result_64896_1677505734_thumb.jpg,2023-02-28T18:11:04.331Z,true,https://raw.githubusercontent.com/mykeels/inec-presidential-elections-2023/master/results/37-zamfara\3864-bakura\26202-yar-kufoji\polling-units.json
ZAMFARA,BAKURA,YAR KUFOJI,TITI TSOHUWAR KASUWAR DAJI,36/02/06/011,https://inec-cvr-cache.s3.eu-west-1.amazonaws.com/cached/results/673773/result_64906_1677507026_thumb.jpg,2023-02-28T18:09:59.330Z,true,https://raw.githubusercontent.com/mykeels/inec-presidential-elections-2023/master/results/37-zamfara\3864-bakura\26202-yar-kufoji\polling-units.json
ZAMFARA,BAKURA,YAR KUFOJI,TSAMIYA   /  TSAMIYA,36/02/06/005,https://inec-cvr-cache.s3.eu-west-1.amazonaws.com/cached/results/117663/result_64900_1677506273_thumb.jpg,2023-02-28T21:36:15.607Z,true,https://raw.githubusercontent.com/mykeels/inec-presidential-elections-2023/master/results/37-zamfara\3864-bakura\26202-yar-kufoji\polling-units.json
ZAMFARA,BAKURA,YAR KUFOJI,TSAMIYA KUNCIN KURA,36/02/06/015,https://inec-cvr-cache.s3.eu-west-1.amazonaws.com/cached/results/673777/result_64910_1677507434_thumb.jpg,2023-02-28T17:42:17.974Z,true,https://raw.githubusercontent.com/mykeels/inec-presidential-elections-2023/master/results/37-zamfara\3864-bakura\26202-yar-kufoji\polling-units.json
ZAMFARA,BAKURA,YAR KUFOJI,YARCE DIYA   /  YAR CEDIYA,36/02/06/004,https://inec-cvr-cache.s3.eu-west-1.amazonaws.com/cached/results/117662/result_64899_1677506174_thumb.jpg,2023-02-28T18:10:04.312Z,true,https://raw.githubusercontent.com/mykeels/inec-presidential-elections-2023/master/results/37-zamfara\3864-bakura\26202-yar-kufoji\polling-units.json
ZAMFARA,BAKURA,YAR KUFOJI,YARCEDIYA/SHIYAR MABUSA,36/02/06/014,https://inec-cvr-cache.s3.eu-west-1.amazonaws.com/cached/results/673776/result_64909_1677507360_thumb.jpg,2023-02-28T20:37:25.189Z,true,https://raw.githubusercontent.com/mykeels/inec-presidential-elections-2023/master/results/37-zamfara\3864-bakura\26202-yar-kufoji\polling-units.json
ZAMFARA,BIRNIN MAGAJI,BIRNIN MAGAJI,GIDAN DAWA/ SHIYAR MAIGARI,36/03/01/001,https://inec-cvr-cache.s3.eu-west-1.amazonaws.com/cached/results/117701/result_64966_1677599672_thumb.jpg,2023-02-28T15:55:04.039Z,false,https://raw.githubusercontent.com/mykeels/inec-presidential-elections-2023/master/results/37-zamfara\3865-birnin-magaji\26207-birnin-magaji\polling-units.json
ZAMFARA,BIRNIN MAGAJI,BIRNIN MAGAJI,GIDAN KYABDA / PRI. SCH.,36/03/01/002,https://inec-cvr-cache.s3.eu-west-1.amazonaws.com/cached/results/117702/result_64967_1677602269_thumb.jpg,2023-02-28T16:38:04.563Z,false,https://raw.githubusercontent.com/mykeels/inec-presidential-elections-2023/master/results/37-zamfara\3865-birnin-magaji\26207-birnin-magaji\polling-units.json
ZAMFARA,BIRNIN MAGAJI,BIRNIN MAGAJI,MAGARE I   / KOFAR MAGARE,36/03/01/003,https://inec-cvr-cache.s3.eu-west-1.amazonaws.com/cached/results/117703/result_64968_1677601672_thumb.jpg,2023-02-28T16:28:10.811Z,false,https://raw.githubusercontent.com/mykeels/inec-presidential-elections-2023/master/results/37-zamfara\3865-birnin-magaji\26207-birnin-magaji\polling-units.json
ZAMFARA,BIRNIN MAGAJI,BIRNIN MAGAJI,MAGARE II   / DAN FILI,36/03/01/004,https://inec-cvr-cache.s3.eu-west-1.amazonaws.com/cached/results/117704/result_64969_1677497593_thumb.jpg,2023-02-28T18:03:21.686Z,true,https://raw.githubusercontent.com/mykeels/inec-presidential-elections-2023/master/results/37-zamfara\3865-birnin-magaji\26207-birnin-magaji\polling-units.json
ZAMFARA,BIRNIN MAGAJI,BIRNIN MAGAJI,SABUWAR KUYA/LIMANTAWA PRI. SCHOOL,36/03/01/013,https://inec-cvr-cache.s3.eu-west-1.amazonaws.com/cached/results/673785/result_64978_1677509532_thumb.jpg,2023-02-28T21:39:15.134Z,true,https://raw.githubusercontent.com/mykeels/inec-presidential-elections-2023/master/results/37-zamfara\3865-birnin-magaji\26207-birnin-magaji\polling-units.json
ZAMFARA,BIRNIN MAGAJI,BIRNIN MAGAJI,SHIYAR  LIMAN/ FILIN A. KADANGARA,36/03/01/008,https://inec-cvr-cache.s3.eu-west-1.amazonaws.com/cached/results/117708/result_64973_1677602641_thumb.jpg,2023-02-28T16:44:12.871Z,false,https://raw.githubusercontent.com/mykeels/inec-presidential-elections-2023/master/results/37-zamfara\3865-birnin-magaji\26207-birnin-magaji\polling-units.json
ZAMFARA,BIRNIN MAGAJI,BIRNIN MAGAJI,SHIYAR ARDO/ AREA COURT,36/03/01/005,https://inec-cvr-cache.s3.eu-west-1.amazonaws.com/cached/results/117705/result_64970_1677502175_thumb.jpg,2023-03-01T05:48:54.493Z,true,https://raw.githubusercontent.com/mykeels/inec-presidential-elections-2023/master/results/37-zamfara\3865-birnin-magaji\26207-birnin-magaji\polling-units.json
ZAMFARA,BIRNIN MAGAJI,BIRNIN MAGAJI,SHIYAR ARDO/MODEL PRIMARY SCHOOL,36/03/01/014,https://inec-cvr-cache.s3.eu-west-1.amazonaws.com/cached/results/673786/result_64979_1677510576_thumb.jpg,2023-02-28T18:05:23.573Z,true,https://raw.githubusercontent.com/mykeels/inec-presidential-elections-2023/master/results/37-zamfara\3865-birnin-magaji\26207-birnin-magaji\polling-units.json
ZAMFARA,BIRNIN MAGAJI,BIRNIN MAGAJI,SHIYAR GALADIMA  I /  PRIMARY SCHOOL,36/03/01/006,https://inec-cvr-cache.s3.eu-west-1.amazonaws.com/cached/results/117706/result_64971_1677602916_thumb.jpg,2023-02-28T16:49:08.593Z,false,https://raw.githubusercontent.com/mykeels/inec-presidential-elections-2023/master/results/37-zamfara\3865-birnin-magaji\26207-birnin-magaji\polling-units.json
ZAMFARA,BIRNIN MAGAJI,BIRNIN MAGAJI,SHIYAR GALADIMA II/ TSAMIYAR DUTSI,36/03/01/007,https://inec-cvr-cache.s3.eu-west-1.amazonaws.com/cached/results/117707/result_64972_1677600124_thumb.jpg,2023-02-28T16:02:15.076Z,false,https://raw.githubusercontent.com/mykeels/inec-presidential-elections-2023/master/results/37-zamfara\3865-birnin-magaji\26207-birnin-magaji\polling-units.json
ZAMFARA,BIRNIN MAGAJI,BIRNIN MAGAJI,SHIYAR GALADIMA III/FOCAL PRIMARY SCHOOL,36/03/01/015,https://inec-cvr-cache.s3.eu-west-1.amazonaws.com/cached/results/673787/result_64980_1677604310_thumb.jpg,2023-02-28T17:12:08.706Z,false,https://raw.githubusercontent.com/mykeels/inec-presidential-elections-2023/master/results/37-zamfara\3865-birnin-magaji\26207-birnin-magaji\polling-units.json
ZAMFARA,BIRNIN MAGAJI,BIRNIN MAGAJI,SHIYAR GALADIMA IV/ FOCAL PRIMARY SCHOOL,36/03/01/016,https://inec-cvr-cache.s3.eu-west-1.amazonaws.com/cached/results/673788/result_64981_1677504607_thumb.jpg,2023-02-28T18:17:10.534Z,true,https://raw.githubusercontent.com/mykeels/inec-presidential-elections-2023/master/results/37-zamfara\3865-birnin-magaji\26207-birnin-magaji\polling-units.json
ZAMFARA,BIRNIN MAGAJI,BIRNIN MAGAJI,SHIYAR LIMAN II/GIDAN GONA,36/03/01/018,https://inec-cvr-cache.s3.eu-west-1.amazonaws.com/cached/results/673790/result_64983_1677514766_thumb.jpg,2023-02-28T18:09:31.715Z,true,https://raw.githubusercontent.com/mykeels/inec-presidential-elections-2023/master/results/37-zamfara\3865-birnin-magaji\26207-birnin-magaji\polling-units.json
ZAMFARA,BIRNIN MAGAJI,BIRNIN MAGAJI,SHIYAR LIMAN III/GIDAN GONA,36/03/01/019,https://inec-cvr-cache.s3.eu-west-1.amazonaws.com/cached/results/673791/result_64984_1677517683_thumb.jpg,2023-02-28T18:22:37.479Z,true,https://raw.githubusercontent.com/mykeels/inec-presidential-elections-2023/master/results/37-zamfara\3865-birnin-magaji\26207-birnin-magaji\polling-units.json
ZAMFARA,BIRNIN MAGAJI,BIRNIN MAGAJI,SHIYAR MAGAJI II/FOCAL PRIMARY,36/03/01/020,https://inec-cvr-cache.s3.eu-west-1.amazonaws.com/cached/results/673792/result_64985_1677606354_thumb.jpg,2023-02-28T17:46:05.800Z,false,https://raw.githubusercontent.com/mykeels/inec-presidential-elections-2023/master/results/37-zamfara\3865-birnin-magaji\26207-birnin-magaji\polling-units.json
ZAMFARA,BIRNIN MAGAJI,BIRNIN MAGAJI,SHIYAR MAGAJI/ GARKAR MAGAJI,36/03/01/009,https://inec-cvr-cache.s3.eu-west-1.amazonaws.com,2023-02-28T17:29:05.923Z,false,https://raw.githubusercontent.com/mykeels/inec-presidential-elections-2023/master/results/37-zamfara\3865-birnin-magaji\26207-birnin-magaji\polling-units.json
ZAMFARA,BIRNIN MAGAJI,BIRNIN MAGAJI,SHIYAR MAIDAWA / MODEL PRI. SCH.,36/03/01/010,https://inec-cvr-cache.s3.eu-west-1.amazonaws.com/cached/results/117710/result_64975_1677604532_thumb.jpg,2023-02-28T17:16:02.564Z,false,https://raw.githubusercontent.com/mykeels/inec-presidential-elections-2023/master/results/37-zamfara\3865-birnin-magaji\26207-birnin-magaji\polling-units.json
ZAMFARA,BIRNIN MAGAJI,BIRNIN MAGAJI,SHIYAR MAIDAWA II/ MODEL PRIMARY SCHOOL,36/03/01/021,https://inec-cvr-cache.s3.eu-west-1.amazonaws.com/cached/results/673793/result_64986_1677606034_thumb.jpg,2023-02-28T17:41:04.265Z,false,https://raw.githubusercontent.com/mykeels/inec-presidential-elections-2023/master/results/37-zamfara\3865-birnin-magaji\26207-birnin-magaji\polling-units.json
ZAMFARA,BIRNIN MAGAJI,BIRNIN MAGAJI,SHIYAR MAIDAWA III/ MODEL PRIMARY SCHOOL,36/03/01/022,https://inec-cvr-cache.s3.eu-west-1.amazonaws.com/cached/results/673794/result_64987_1677514043_thumb.jpg,2023-02-28T18:10:48.447Z,true,https://raw.githubusercontent.com/mykeels/inec-presidential-elections-2023/master/results/37-zamfara\3865-birnin-magaji\26207-birnin-magaji\polling-units.json
ZAMFARA,BIRNIN MAGAJI,BIRNIN MAGAJI,SHIYAR SARKIN FAWA/ TSOHUWAR KASUWA,36/03/01/017,https://inec-cvr-cache.s3.eu-west-1.amazonaws.com/cached/results/673789/result_64982_1677607970_thumb.jpg,2023-02-28T18:13:10.418Z,false,https://raw.githubusercontent.com/mykeels/inec-presidential-elections-2023/master/results/37-zamfara\3865-birnin-magaji\26207-birnin-magaji\polling-units.json
ZAMFARA,BIRNIN MAGAJI,BIRNIN MAGAJI,SHIYAR ZARUMAI I./ LIBRARY,36/03/01/011,https://inec-cvr-cache.s3.eu-west-1.amazonaws.com/cached/results/117711/result_64976_1677502645_thumb.jpg,2023-02-28T21:24:27.383Z,true,https://raw.githubusercontent.com/mykeels/inec-presidential-elections-2023/master/results/37-zamfara\3865-birnin-magaji\26207-birnin-magaji\polling-units.json
ZAMFARA,BIRNIN MAGAJI,BIRNIN MAGAJI,SHIYAR ZARUMAI II/KARAMAR ASIBITI,36/03/01/012,https://inec-cvr-cache.s3.eu-west-1.amazonaws.com/cached/results/117712/result_64977_1677505496_thumb.jpg,2023-02-28T17:43:10.287Z,true,https://raw.githubusercontent.com/mykeels/inec-presidential-elections-2023/master/results/37-zamfara\3865-birnin-magaji\26207-birnin-magaji\polling-units.json
ZAMFARA,BIRNIN MAGAJI,BIRNIN MAGAJI,TSAMIYAR TANKO/ISLAMIYYA,36/03/01/023,https://inec-cvr-cache.s3.eu-west-1.amazonaws.com/cached/results/673795/result_64988_1677513252_thumb.jpg,2023-02-28T20:27:44.813Z,true,https://raw.githubusercontent.com/mykeels/inec-presidential-elections-2023/master/results/37-zamfara\3865-birnin-magaji\26207-birnin-magaji\polling-units.json
ZAMFARA,BIRNIN MAGAJI,BIRNIN MAGAJI,ZARUMAI III/ GSS BIRNIN MAGAJI BLOCK A,36/03/01/024,https://inec-cvr-cache.s3.eu-west-1.amazonaws.com/cached/results/673796/result_64989_1677605640_thumb.jpg,2023-02-28T17:34:04.745Z,false,https://raw.githubusercontent.com/mykeels/inec-presidential-elections-2023/master/results/37-zamfara\3865-birnin-magaji\26207-birnin-magaji\polling-units.json
ZAMFARA,BIRNIN MAGAJI,BIRNIN MAGAJI,ZARUMAI IV/ GSS BIRNIN MAGAJI BLOCK C,36/03/01/025,https://inec-cvr-cache.s3.eu-west-1.amazonaws.com/cached/results/673797/result_64990_1677515391_thumb.jpg,2023-02-28T17:45:16.106Z,true,https://raw.githubusercontent.com/mykeels/inec-presidential-elections-2023/master/results/37-zamfara\3865-birnin-magaji\26207-birnin-magaji\polling-units.json
ZAMFARA,BIRNIN MAGAJI,BIRNIN MAGAJI,ZARUMAI V/ GSS BIRNIN MAGAJI BLOCK E,36/03/01/026,https://inec-cvr-cache.s3.eu-west-1.amazonaws.com/cached/results/673798/result_64991_1677608318_thumb.jpg,2023-02-28T18:19:07.582Z,false,https://raw.githubusercontent.com/mykeels/inec-presidential-elections-2023/master/results/37-zamfara\3865-birnin-magaji\26207-birnin-magaji\polling-units.json
ZAMFARA,BIRNIN MAGAJI,DANFAMI SABON BIRINI,ASIBITI DAN WALA,36/03/02/015,https://inec-cvr-cache.s3.eu-west-1.amazonaws.com/cached/results/673800/result_65006_1677496895_thumb.jpg,2023-02-28T21:40:26.410Z,true,https://raw.githubusercontent.com/mykeels/inec-presidential-elections-2023/master/results/37-zamfara\3865-birnin-magaji\26208-danfami-sabon-birini\polling-units.json
ZAMFARA,BIRNIN MAGAJI,DANFAMI SABON BIRINI,BUNTUME I  /  KOFAR MAGAJI,36/03/02/001,https://docs.inecelectionresults.net/elections_prod/1292/state/01/lga/03/ward/02/pu/001/001-1677398841.pdf,2023-02-26T08:08:02.410Z,false,https://raw.githubusercontent.com/mykeels/inec-presidential-elections-2023/master/results/37-zamfara\3865-birnin-magaji\26208-danfami-sabon-birini\polling-units.json
ZAMFARA,BIRNIN MAGAJI,DANFAMI SABON BIRINI,BUNTUME II   /  SHAGON ADA,36/03/02/002,https://inec-cvr-cache.s3.eu-west-1.amazonaws.com/cached/results/117714/result_64993_1677516341_thumb.jpg,2023-02-28T17:41:28.578Z,false,https://raw.githubusercontent.com/mykeels/inec-presidential-elections-2023/master/results/37-zamfara\3865-birnin-magaji\26208-danfami-sabon-birini\polling-units.json
ZAMFARA,BIRNIN MAGAJI,DANFAMI SABON BIRINI,DAN FAMI I   /  SHIYAR MAGAJI,36/03/02/003,,,false,https://raw.githubusercontent.com/mykeels/inec-presidential-elections-2023/master/results/37-zamfara\3865-birnin-magaji\26208-danfami-sabon-birini\polling-units.json
ZAMFARA,BIRNIN MAGAJI,DANFAMI SABON BIRINI,DAN FAMI II   /  SHIYAR GALADIMA,36/03/02/004,https://inec-cvr-cache.s3.eu-west-1.amazonaws.com/cached/results/117716/result_64995_1677503051_thumb.jpg,2023-02-28T21:26:44.382Z,true,https://raw.githubusercontent.com/mykeels/inec-presidential-elections-2023/master/results/37-zamfara\3865-birnin-magaji\26208-danfami-sabon-birini\polling-units.json
ZAMFARA,BIRNIN MAGAJI,DANFAMI SABON BIRINI,DANTURMI     /   SHIYAR ADA INDIYA,36/03/02/013,https://inec-cvr-cache.s3.eu-west-1.amazonaws.com/cached/results/117725/result_65004_1677513227_thumb.jpg,2023-02-28T17:36:13.781Z,true,https://raw.githubusercontent.com/mykeels/inec-presidential-elections-2023/master/results/37-zamfara\3865-birnin-magaji\26208-danfami-sabon-birini\polling-units.json
ZAMFARA,BIRNIN MAGAJI,DANFAMI SABON BIRINI,DANWALA     /  BAKIN MASALLACI,36/03/02/005,https://inec-cvr-cache.s3.eu-west-1.amazonaws.com/cached/results/117717/result_64996_1677514581_thumb.jpg,2023-02-28T20:43:22.532Z,false,https://raw.githubusercontent.com/mykeels/inec-presidential-elections-2023/master/results/37-zamfara\3865-birnin-magaji\26208-danfami-sabon-birini\polling-units.json
ZAMFARA,BIRNIN MAGAJI,DANFAMI SABON BIRINI,GIDAN KASO I   /  SHIYAR MAIDAMMA,36/03/02/006,,,false,https://raw.githubusercontent.com/mykeels/inec-presidential-elections-2023/master/results/37-zamfara\3865-birnin-magaji\26208-danfami-sabon-birini\polling-units.json
ZAMFARA,BIRNIN MAGAJI,DANFAMI SABON BIRINI,GIDAN KASO II    /   SHIYAR BAWALE,36/03/02/007,https://inec-cvr-cache.s3.eu-west-1.amazonaws.com/cached/results/117719/result_64998_1677498718_thumb.jpg,2023-02-28T21:21:47.457Z,true,https://raw.githubusercontent.com/mykeels/inec-presidential-elections-2023/master/results/37-zamfara\3865-birnin-magaji\26208-danfami-sabon-birini\polling-units.json
ZAMFARA,BIRNIN MAGAJI,DANFAMI SABON BIRINI,GIDAN NAMAGANGA/SHIYAR DAN INDO,36/03/02/008,https://inec-cvr-cache.s3.eu-west-1.amazonaws.com/cached/results/117720/result_64999_1677517313_thumb.jpg,2023-02-28T18:19:10.637Z,true,https://raw.githubusercontent.com/mykeels/inec-presidential-elections-2023/master/results/37-zamfara\3865-birnin-magaji\26208-danfami-sabon-birini\polling-units.json
ZAMFARA,BIRNIN MAGAJI,DANFAMI SABON BIRINI,PRIMARY SCHOOL SABON BIRNI,36/03/02/016,https://inec-cvr-cache.s3.eu-west-1.amazonaws.com/cached/results/673801/result_65007_1677496057_thumb.jpg,2023-02-28T21:34:35.343Z,false,https://raw.githubusercontent.com/mykeels/inec-presidential-elections-2023/master/results/37-zamfara\3865-birnin-magaji\26208-danfami-sabon-birini\polling-units.json
ZAMFARA,BIRNIN MAGAJI,DANFAMI SABON BIRINI,PRIMARY SCHOOL SHAMUSHALLE,36/03/02/018,,,false,https://raw.githubusercontent.com/mykeels/inec-presidential-elections-2023/master/results/37-zamfara\3865-birnin-magaji\26208-danfami-sabon-birini\polling-units.json
ZAMFARA,BIRNIN MAGAJI,DANFAMI SABON BIRINI,SABON BIRNIN DAN ALI I PRI. SCH.,36/03/02/009,https://inec-cvr-cache.s3.eu-west-1.amazonaws.com/cached/results/117721/result_65000_1677513540_thumb.jpg,2023-02-28T18:03:04.191Z,false,https://raw.githubusercontent.com/mykeels/inec-presidential-elections-2023/master/results/37-zamfara\3865-birnin-magaji\26208-danfami-sabon-birini\polling-units.json
ZAMFARA,BIRNIN MAGAJI,DANFAMI SABON BIRINI,SABON BIRNIN DAN ALI II / SHIYAR HAKIMI,36/03/02/010,,,false,https://raw.githubusercontent.com/mykeels/inec-presidential-elections-2023/master/results/37-zamfara\3865-birnin-magaji\26208-danfami-sabon-birini\polling-units.json
ZAMFARA,BIRNIN MAGAJI,DANFAMI SABON BIRINI,SHAMUSHALE I /SHIYAR SABON GARI,36/03/02/011,https://inec-cvr-cache.s3.eu-west-1.amazonaws.com/cached/results/117723/result_65002_1677514022_thumb.jpg,2023-02-28T17:41:46.520Z,false,https://raw.githubusercontent.com/mykeels/inec-presidential-elections-2023/master/results/37-zamfara\3865-birnin-magaji\26208-danfami-sabon-birini\polling-units.json
ZAMFARA,BIRNIN MAGAJI,DANFAMI SABON BIRINI,SHAMUSHALE II/ SHIYAR WAKILI,36/03/02/012,https://inec-cvr-cache.s3.eu-west-1.amazonaws.com/cached/results/117724/result_65003_1677515043_thumb.jpg,2023-02-28T18:02:28.040Z,true,https://raw.githubusercontent.com/mykeels/inec-presidential-elections-2023/master/results/37-zamfara\3865-birnin-magaji\26208-danfami-sabon-birini\polling-units.json
ZAMFARA,BIRNIN MAGAJI,DANFAMI SABON BIRINI,SHAMUSHALLE ASIBITI BABBA,36/03/02/017,https://inec-cvr-cache.s3.eu-west-1.amazonaws.com/cached/results/673802/result_65008_1677499342_thumb.jpg,2023-02-28T17:25:58.528Z,true,https://raw.githubusercontent.com/mykeels/inec-presidential-elections-2023/master/results/37-zamfara\3865-birnin-magaji\26208-danfami-sabon-birini\polling-units.json
ZAMFARA,BIRNIN MAGAJI,DANFAMI SABON BIRINI,SHIYAR MAGAJI PRIMARY SCHOOL,36/03/02/014,https://inec-cvr-cache.s3.eu-west-1.amazonaws.com/cached/results/673799/result_65005_1677510997_thumb.jpg,2023-02-28T20:21:59.951Z,true,https://raw.githubusercontent.com/mykeels/inec-presidential-elections-2023/master/results/37-zamfara\3865-birnin-magaji\26208-danfami-sabon-birini\polling-units.json
ZAMFARA,BIRNIN MAGAJI,GORA,ASIBITI GORA ADULT. EDU,36/03/03/020,https://inec-cvr-cache.s3.eu-west-1.amazonaws.com,2023-02-28T22:01:09.038Z,false,https://raw.githubusercontent.com/mykeels/inec-presidential-elections-2023/master/results/37-zamfara\3865-birnin-magaji\26209-gora\polling-units.json
ZAMFARA,BIRNIN MAGAJI,GORA,BUKUT TABKIN KABAJI   /    GARKAR HAKIMI,36/03/03/001,https://inec-cvr-cache.s3.eu-west-1.amazonaws.com,2023-02-28T21:29:07.569Z,false,https://raw.githubusercontent.com/mykeels/inec-presidential-elections-2023/master/results/37-zamfara\3865-birnin-magaji\26209-gora\polling-units.json
ZAMFARA,BIRNIN MAGAJI,GORA,DAN TURMI,36/03/03/018,https://inec-cvr-cache.s3.eu-west-1.amazonaws.com/cached/results/673804/result_65027_1677621522_thumb.jpg,2023-02-28T21:59:04.445Z,false,https://raw.githubusercontent.com/mykeels/inec-presidential-elections-2023/master/results/37-zamfara\3865-birnin-magaji\26209-gora\polling-units.json
ZAMFARA,BIRNIN MAGAJI,GORA,FILIN YAR BAWA,36/03/03/023,https://inec-cvr-cache.s3.eu-west-1.amazonaws.com/cached/results/673809/result_65032_1677621863_thumb.jpg,2023-02-28T22:05:05.712Z,false,https://raw.githubusercontent.com/mykeels/inec-presidential-elections-2023/master/results/37-zamfara\3865-birnin-magaji\26209-gora\polling-units.json
ZAMFARA,BIRNIN MAGAJI,GORA,GIDAN BAGAYE I / SHIYAR WAKILI,36/03/03/002,https://inec-cvr-cache.s3.eu-west-1.amazonaws.com/cached/results/117727/result_65011_1677619895_thumb.jpg,2023-02-28T21:32:06.234Z,false,https://raw.githubusercontent.com/mykeels/inec-presidential-elections-2023/master/results/37-zamfara\3865-birnin-magaji\26209-gora\polling-units.json
ZAMFARA,BIRNIN MAGAJI,GORA,GIDAN BAGAYE II / BAKIN MASALLCI,36/03/03/003,https://inec-cvr-cache.s3.eu-west-1.amazonaws.com/cached/results/117728/result_65012_1677620078_thumb.jpg,2023-02-28T21:35:02.768Z,false,https://raw.githubusercontent.com/mykeels/inec-presidential-elections-2023/master/results/37-zamfara\3865-birnin-magaji\26209-gora\polling-units.json
ZAMFARA,BIRNIN MAGAJI,GORA,GIDAN BUZU    /   GARKAR A. MANDE,36/03/03/004,https://inec-cvr-cache.s3.eu-west-1.amazonaws.com/cached/results/117729/result_65013_1677620178_thumb.jpg,2023-02-28T21:37:06.555Z,false,https://raw.githubusercontent.com/mykeels/inec-presidential-elections-2023/master/results/37-zamfara\3865-birnin-magaji\26209-gora\polling-units.json
ZAMFARA,BIRNIN MAGAJI,GORA,GIDAN KATSINAWA     /  GARKAR HAKIMI,36/03/03/005,https://inec-cvr-cache.s3.eu-west-1.amazonaws.com/cached/results/117730/result_65014_1677620285_thumb.jpg,2023-02-28T21:39:02.715Z,false,https://raw.githubusercontent.com/mykeels/inec-presidential-elections-2023/master/results/37-zamfara\3865-birnin-magaji\26209-gora\polling-units.json
ZAMFARA,BIRNIN MAGAJI,GORA,GORA I     /   ADULT EDU. CLASS,36/03/03/006,https://inec-cvr-cache.s3.eu-west-1.amazonaws.com/cached/results/117731/result_65015_1677620371_thumb.jpg,2023-02-28T21:40:04.105Z,false,https://raw.githubusercontent.com/mykeels/inec-presidential-elections-2023/master/results/37-zamfara\3865-birnin-magaji\26209-gora\polling-units.json
ZAMFARA,BIRNIN MAGAJI,GORA,GORA II    /  PRIMARY SCHOOL,36/03/03/007,https://inec-cvr-cache.s3.eu-west-1.amazonaws.com/cached/results/117732/result_65016_1677620446_thumb.jpg,2023-02-28T21:41:02.526Z,false,https://raw.githubusercontent.com/mykeels/inec-presidential-elections-2023/master/results/37-zamfara\3865-birnin-magaji\26209-gora\polling-units.json
ZAMFARA,BIRNIN MAGAJI,GORA,GSS GORA,36/03/03/021,https://inec-cvr-cache.s3.eu-west-1.amazonaws.com/cached/results/673807/result_65030_1677621757_thumb.jpg,2023-02-28T22:03:02.626Z,false,https://raw.githubusercontent.com/mykeels/inec-presidential-elections-2023/master/results/37-zamfara\3865-birnin-magaji\26209-gora\polling-units.json
ZAMFARA,BIRNIN MAGAJI,GORA,HAYIN KWARJE/ LIZAMIYYA,36/03/03/027,https://inec-cvr-cache.s3.eu-west-1.amazonaws.com/cached/results/673813/result_65036_1677622238_thumb.jpg,2023-02-28T22:11:03.310Z,false,https://raw.githubusercontent.com/mykeels/inec-presidential-elections-2023/master/results/37-zamfara\3865-birnin-magaji\26209-gora\polling-units.json
ZAMFARA,BIRNIN MAGAJI,GORA,ILLOJIYA    /    KOFAR GALADIMA,36/03/03/013,https://inec-cvr-cache.s3.eu-west-1.amazonaws.com/cached/results/117738/result_65022_1677621131_thumb.jpg,2023-02-28T21:53:04.028Z,false,https://raw.githubusercontent.com/mykeels/inec-presidential-elections-2023/master/results/37-zamfara\3865-birnin-magaji\26209-gora\polling-units.json
ZAMFARA,BIRNIN MAGAJI,GORA,KABIN GIRO,36/03/03/019,https://inec-cvr-cache.s3.eu-west-1.amazonaws.com/cached/results/673805/result_65028_1677621594_thumb.jpg,2023-02-28T22:00:06.853Z,false,https://raw.githubusercontent.com/mykeels/inec-presidential-elections-2023/master/results/37-zamfara\3865-birnin-magaji\26209-gora\polling-units.json
ZAMFARA,BIRNIN MAGAJI,GORA,KANNU I   /   GIDAN LABARAN,36/03/03/008,https://inec-cvr-cache.s3.eu-west-1.amazonaws.com/cached/results/117733/result_65017_1677620566_thumb.jpg,2023-02-28T21:43:04.581Z,false,https://raw.githubusercontent.com/mykeels/inec-presidential-elections-2023/master/results/37-zamfara\3865-birnin-magaji\26209-gora\polling-units.json
ZAMFARA,BIRNIN MAGAJI,GORA,KANNU II   /   SH/U/DAWAKI GARKAR M. GARBA,36/03/03/009,https://inec-cvr-cache.s3.eu-west-1.amazonaws.com/cached/results/117734/result_65018_1677620644_thumb.jpg,2023-02-28T21:44:07.728Z,false,https://raw.githubusercontent.com/mykeels/inec-presidential-elections-2023/master/results/37-zamfara\3865-birnin-magaji\26209-gora\polling-units.json
ZAMFARA,BIRNIN MAGAJI,GORA,KANNU/PRIMARY SCHOOL,36/03/03/022,https://inec-cvr-cache.s3.eu-west-1.amazonaws.com/cached/results/673808/result_65031_1677623686_thumb.jpg,2023-02-28T22:35:03.053Z,true,https://raw.githubusercontent.com/mykeels/inec-presidential-elections-2023/master/results/37-zamfara\3865-birnin-magaji\26209-gora\polling-units.json
ZAMFARA,BIRNIN MAGAJI,GORA,KOGIN GABINDA      /   BAKIN MASALLACI,36/03/03/010,https://inec-cvr-cache.s3.eu-west-1.amazonaws.com/cached/results/117735/result_65019_1677620881_thumb.jpg,2023-02-28T21:48:04.965Z,false,https://raw.githubusercontent.com/mykeels/inec-presidential-elections-2023/master/results/37-zamfara\3865-birnin-magaji\26209-gora\polling-units.json
ZAMFARA,BIRNIN MAGAJI,GORA,MADAM BAJI/ SABON GIDA/ BAKIN KASUWA,36/03/03/026,https://inec-cvr-cache.s3.eu-west-1.amazonaws.com/cached/results/673812/result_65035_1677622150_thumb.jpg,2023-02-28T22:10:05.930Z,false,https://raw.githubusercontent.com/mykeels/inec-presidential-elections-2023/master/results/37-zamfara\3865-birnin-magaji\26209-gora\polling-units.json
ZAMFARA,BIRNIN MAGAJI,GORA,MADAMBAJI    /   GARKAR S/FILANI,36/03/03/012,https://inec-cvr-cache.s3.eu-west-1.amazonaws.com/cached/results/117737/result_65021_1677621053_thumb.jpg,2023-02-28T21:51:04.207Z,false,https://raw.githubusercontent.com/mykeels/inec-presidential-elections-2023/master/results/37-zamfara\3865-birnin-magaji\26209-gora\polling-units.json
ZAMFARA,BIRNIN MAGAJI,GORA,MADAMBAJI    /  GARKAR HAKIMI,36/03/03/011,https://inec-cvr-cache.s3.eu-west-1.amazonaws.com/cached/results/117736/result_65020_1677620978_thumb.jpg,2023-02-28T21:50:03.579Z,false,https://raw.githubusercontent.com/mykeels/inec-presidential-elections-2023/master/results/37-zamfara\3865-birnin-magaji\26209-gora\polling-units.json
ZAMFARA,BIRNIN MAGAJI,GORA,MAHANGA BAKIN KASUWA,36/03/03/024,https://inec-cvr-cache.s3.eu-west-1.amazonaws.com/cached/results/673810/result_65033_1677621998_thumb.jpg,2023-02-28T22:07:04.498Z,false,https://raw.githubusercontent.com/mykeels/inec-presidential-elections-2023/master/results/37-zamfara\3865-birnin-magaji\26209-gora\polling-units.json
ZAMFARA,BIRNIN MAGAJI,GORA,SABONG GIDA/ MADAN BAJI/ KULLIYYA,36/03/03/025,https://inec-cvr-cache.s3.eu-west-1.amazonaws.com/cached/results/673811/result_65034_1677622060_thumb.jpg,2023-02-28T22:08:03.647Z,false,https://raw.githubusercontent.com/mykeels/inec-presidential-elections-2023/master/results/37-zamfara\3865-birnin-magaji\26209-gora\polling-units.json
ZAMFARA,BIRNIN MAGAJI,GORA,SHAGERAWA    /  BAKIN MASSALLACIN J.,36/03/03/015,https://inec-cvr-cache.s3.eu-west-1.amazonaws.com/cached/results/117740/result_65024_1677621292_thumb.jpg,2023-02-28T21:55:02.502Z,false,https://raw.githubusercontent.com/mykeels/inec-presidential-elections-2023/master/results/37-zamfara\3865-birnin-magaji\26209-gora\polling-units.json
ZAMFARA,BIRNIN MAGAJI,GORA,TORAWA     /    GARKAR MAIGARI,36/03/03/014,https://inec-cvr-cache.s3.eu-west-1.amazonaws.com/cached/results/117739/result_65023_1677621223_thumb.jpg,2023-02-28T21:54:06.292Z,false,https://raw.githubusercontent.com/mykeels/inec-presidential-elections-2023/master/results/37-zamfara\3865-birnin-magaji\26209-gora\polling-units.json
ZAMFARA,BIRNIN MAGAJI,GORA,YAUTA BAKI  I   /  SHIYAR LIMAN,36/03/03/016,https://inec-cvr-cache.s3.eu-west-1.amazonaws.com/cached/results/117741/result_65025_1677621370_thumb.jpg,2023-02-28T21:57:06.159Z,false,https://raw.githubusercontent.com/mykeels/inec-presidential-elections-2023/master/results/37-zamfara\3865-birnin-magaji\26209-gora\polling-units.json
ZAMFARA,BIRNIN MAGAJI,GORA,YAUTA BAKI II    /   GARKAR HAKIMI,36/03/03/017,https://inec-cvr-cache.s3.eu-west-1.amazonaws.com/cached/results/117742/result_65026_1677621444_thumb.jpg,2023-02-28T21:58:04.981Z,false,https://raw.githubusercontent.com/mykeels/inec-presidential-elections-2023/master/results/37-zamfara\3865-birnin-magaji\26209-gora\polling-units.json
ZAMFARA,BIRNIN MAGAJI,GUSAMI GARI,GIDAN GOJE    /  GIDAN DAN BAKANO,36/03/04/002,https://docs.inecelectionresults.net/elections_prod/1292/state/1/lga/3865/ward/26210/pu/118844/118844-1677675941.pdf,2023-03-01T13:07:00.483Z,true,https://raw.githubusercontent.com/mykeels/inec-presidential-elections-2023/master/results/37-zamfara\3865-birnin-magaji\26210-gusami-gari\polling-units.json
ZAMFARA,BIRNIN MAGAJI,GUSAMI GARI,GIDAN IBRO    /  KOFAR GIDAN S/YAKI,36/03/04/003,https://inec-cvr-cache.s3.eu-west-1.amazonaws.com/cached/results/117745/result_65039_1677500241_thumb.jpg,2023-02-28T18:01:57.140Z,false,https://raw.githubusercontent.com/mykeels/inec-presidential-elections-2023/master/results/37-zamfara\3865-birnin-magaji\26210-gusami-gari\polling-units.json
ZAMFARA,BIRNIN MAGAJI,GUSAMI GARI,GUSAMI GARI/ BAKIN KASUWA,36/03/04/014,https://docs.inecelectionresults.net/elections_prod/1292/state/1/lga/3865/ward/26210/pu/177768/177768-1677675203.pdf,2023-03-01T12:54:00.507Z,true,https://raw.githubusercontent.com/mykeels/inec-presidential-elections-2023/master/results/37-zamfara\3865-birnin-magaji\26210-gusami-gari\polling-units.json
ZAMFARA,BIRNIN MAGAJI,GUSAMI GARI,HAYINWAKILI    /  KOFAR  GIDAN TAMBAN,36/03/04/010,https://docs.inecelectionresults.net/elections_prod/1292/state/1/lga/3865/ward/26210/pu/118852/118852-1677675780.pdf,2023-03-01T13:04:00.122Z,true,https://raw.githubusercontent.com/mykeels/inec-presidential-elections-2023/master/results/37-zamfara\3865-birnin-magaji\26210-gusami-gari\polling-units.json
ZAMFARA,BIRNIN MAGAJI,GUSAMI GARI,JELA   /   KOFAR GIDAN M. WAKKALA,36/03/04/005,https://inec-cvr-cache.s3.eu-west-1.amazonaws.com/cached/results/117747/result_65041_1677503898_thumb.jpg,2023-02-28T18:03:06.453Z,false,https://raw.githubusercontent.com/mykeels/inec-presidential-elections-2023/master/results/37-zamfara\3865-birnin-magaji\26210-gusami-gari\polling-units.json
ZAMFARA,BIRNIN MAGAJI,GUSAMI GARI,JELA PRIMARY SCHOOL,36/03/04/011,https://inec-cvr-cache.s3.eu-west-1.amazonaws.com/cached/results/673814/result_65047_1677508762_thumb.jpg,2023-02-28T21:24:09.122Z,false,https://raw.githubusercontent.com/mykeels/inec-presidential-elections-2023/master/results/37-zamfara\3865-birnin-magaji\26210-gusami-gari\polling-units.json
ZAMFARA,BIRNIN MAGAJI,GUSAMI GARI,MAIJAN IDO   /  PRIMARY SCHOOL,36/03/04/004,https://inec-cvr-cache.s3.eu-west-1.amazonaws.com/cached/results/117746/result_65040_1677501186_thumb.jpg,2023-02-28T17:31:00.713Z,true,https://raw.githubusercontent.com/mykeels/inec-presidential-elections-2023/master/results/37-zamfara\3865-birnin-magaji\26210-gusami-gari\polling-units.json
ZAMFARA,BIRNIN MAGAJI,GUSAMI GARI,SAMAWA/ PRI SCH,36/03/04/012,https://docs.inecelectionresults.net/elections_prod/1292/state/1/lga/3865/ward/26210/pu/177766/177766-1677674343.pdf,2023-03-01T12:40:00.153Z,true,https://raw.githubusercontent.com/mykeels/inec-presidential-elections-2023/master/results/37-zamfara\3865-birnin-magaji\26210-gusami-gari\polling-units.json
ZAMFARA,BIRNIN MAGAJI,GUSAMI GARI,SHANAWA   /   GIDAN TUDU GADO,36/03/04/006,https://inec-cvr-cache.s3.eu-west-1.amazonaws.com/cached/results/117748/result_65042_1677500740_thumb.jpg,2023-02-28T17:27:19.871Z,true,https://raw.githubusercontent.com/mykeels/inec-presidential-elections-2023/master/results/37-zamfara\3865-birnin-magaji\26210-gusami-gari\polling-units.json
ZAMFARA,BIRNIN MAGAJI,GUSAMI GARI,SHIYAR GALADIMA GUSAMI   /  KOFAR GIDAN HAKIMI,36/03/04/007,https://docs.inecelectionresults.net/elections_prod/1292/state/1/lga/3865/ward/26210/pu/118849/118849-1677676081.pdf,2023-03-01T13:09:01.571Z,true,https://raw.githubusercontent.com/mykeels/inec-presidential-elections-2023/master/results/37-zamfara\3865-birnin-magaji\26210-gusami-gari\polling-units.json
ZAMFARA,BIRNIN MAGAJI,GUSAMI GARI,SHIYAR GALADIMA/DISPENSARY,36/03/04/013,https://docs.inecelectionresults.net/elections_prod/1292/state/1/lga/3865/ward/26210/pu/177767/177767-1677674911.pdf,2023-03-01T12:49:00.660Z,true,https://raw.githubusercontent.com/mykeels/inec-presidential-elections-2023/master/results/37-zamfara\3865-birnin-magaji\26210-gusami-gari\polling-units.json
ZAMFARA,BIRNIN MAGAJI,GUSAMI GARI,SHIYAR MARAFAI  I  /  PRIMARY SCHOOL,36/03/04/008,https://docs.inecelectionresults.net/elections_prod/1292/state/1/lga/3865/ward/26210/pu/118850/118850-1677510139.pdf,2023-02-27T15:03:01.512Z,false,https://raw.githubusercontent.com/mykeels/inec-presidential-elections-2023/master/results/37-zamfara\3865-birnin-magaji\26210-gusami-gari\polling-units.json
ZAMFARA,BIRNIN MAGAJI,GUSAMI GARI,SHIYAR MARAFAI II  /  SHIYAR MARAFA,36/03/04/009,https://docs.inecelectionresults.net/elections_prod/1292/state/1/lga/3865/ward/26210/pu/118851/118851-1677675565.pdf,2023-03-01T13:00:00.406Z,true,https://raw.githubusercontent.com/mykeels/inec-presidential-elections-2023/master/results/37-zamfara\3865-birnin-magaji\26210-gusami-gari\polling-units.json
ZAMFARA,BIRNIN MAGAJI,GUSAMI GARI,UNG. GAMJI    /   SHIYAR GALADIMA,36/03/04/001,https://inec-cvr-cache.s3.eu-west-1.amazonaws.com/cached/results/117743/result_65037_1677502945_thumb.jpg,2023-02-28T18:03:41.511Z,true,https://raw.githubusercontent.com/mykeels/inec-presidential-elections-2023/master/results/37-zamfara\3865-birnin-magaji\26210-gusami-gari\polling-units.json
ZAMFARA,BIRNIN MAGAJI,GUSAMI HAYI,GIDAN BAJINI    /    KOFAR GIDAN BAJINI,36/03/05/007,https://inec-cvr-cache.s3.eu-west-1.amazonaws.com/cached/results/117759/result_65057_1677591224_thumb.jpg,2023-02-28T14:01:11.254Z,false,https://raw.githubusercontent.com/mykeels/inec-presidential-elections-2023/master/results/37-zamfara\3865-birnin-magaji\26211-gusami-hayi\polling-units.json
ZAMFARA,BIRNIN MAGAJI,GUSAMI HAYI,GIDAN DUNA   /  SHIYAR MAGAJI,36/03/05/002,https://inec-cvr-cache.s3.eu-west-1.amazonaws.com/cached/results/117754/result_65052_1677589163_thumb.jpg,2023-02-28T14:09:06.139Z,false,https://raw.githubusercontent.com/mykeels/inec-presidential-elections-2023/master/results/37-zamfara\3865-birnin-magaji\26211-gusami-hayi\polling-units.json
ZAMFARA,BIRNIN MAGAJI,GUSAMI HAYI,GIDAN JOLI /  KOFAR GIDAN JOLI,36/03/05/008,https://inec-cvr-cache.s3.eu-west-1.amazonaws.com/cached/results/117760/result_65058_1677591675_thumb.jpg,2023-02-28T14:08:53.416Z,false,https://raw.githubusercontent.com/mykeels/inec-presidential-elections-2023/master/results/37-zamfara\3865-birnin-magaji\26211-gusami-hayi\polling-units.json
ZAMFARA,BIRNIN MAGAJI,GUSAMI HAYI,MAI KURU    /   KOFAR  GIDAN S/GARI,36/03/05/001,https://inec-cvr-cache.s3.eu-west-1.amazonaws.com/cached/results/117753/result_65051_1677611454_thumb.jpg,2023-02-28T19:11:08.695Z,false,https://raw.githubusercontent.com/mykeels/inec-presidential-elections-2023/master/results/37-zamfara\3865-birnin-magaji\26211-gusami-hayi\polling-units.json
ZAMFARA,BIRNIN MAGAJI,GUSAMI HAYI,MARADAWA    /   MARADAWA,36/03/05/004,https://inec-cvr-cache.s3.eu-west-1.amazonaws.com/cached/results/117756/result_65054_1677589160_thumb.jpg,2023-02-28T14:03:35.547Z,false,https://raw.githubusercontent.com/mykeels/inec-presidential-elections-2023/master/results/37-zamfara\3865-birnin-magaji\26211-gusami-hayi\polling-units.json
ZAMFARA,BIRNIN MAGAJI,GUSAMI HAYI,MASHA AWO   /  KOFAR GIDAN AJIYA  IDI,36/03/05/003,https://inec-cvr-cache.s3.eu-west-1.amazonaws.com/cached/results/117755/result_65053_1677586653_thumb.jpg,2023-02-28T14:09:15.033Z,false,https://raw.githubusercontent.com/mykeels/inec-presidential-elections-2023/master/results/37-zamfara\3865-birnin-magaji\26211-gusami-hayi\polling-units.json
ZAMFARA,BIRNIN MAGAJI,GUSAMI HAYI,MAZAUDA    /    MAZAUDA,36/03/05/009,https://inec-cvr-cache.s3.eu-west-1.amazonaws.com/cached/results/117761/result_65059_1677593506_thumb.jpg,2023-02-28T14:12:03.568Z,false,https://raw.githubusercontent.com/mykeels/inec-presidential-elections-2023/master/results/37-zamfara\3865-birnin-magaji\26211-gusami-hayi\polling-units.json
ZAMFARA,BIRNIN MAGAJI,GUSAMI HAYI,MORAI /MORAI  /  G/D/BABBA,36/03/05/005,https://inec-cvr-cache.s3.eu-west-1.amazonaws.com/cached/results/117757/result_65055_1677589500_thumb.jpg,2023-02-28T14:09:04.433Z,false,https://raw.githubusercontent.com/mykeels/inec-presidential-elections-2023/master/results/37-zamfara\3865-birnin-magaji\26211-gusami-hayi\polling-units.json
ZAMFARA,BIRNIN MAGAJI,GUSAMI HAYI,PRIMARY SCHOOL MARADAWA,36/03/05/011,https://inec-cvr-cache.s3.eu-west-1.amazonaws.com/cached/results/673819/result_65061_1677602731_thumb.jpg,2023-02-28T16:46:02.445Z,false,https://raw.githubusercontent.com/mykeels/inec-presidential-elections-2023/master/results/37-zamfara\3865-birnin-magaji\26211-gusami-hayi\polling-units.json
ZAMFARA,BIRNIN MAGAJI,GUSAMI HAYI,PRIMARY SCHOOL MASHA AWO,36/03/05/010,https://inec-cvr-cache.s3.eu-west-1.amazonaws.com/cached/results/673818/result_65060_1677592540_thumb.jpg,2023-02-28T14:02:25.536Z,false,https://raw.githubusercontent.com/mykeels/inec-presidential-elections-2023/master/results/37-zamfara\3865-birnin-magaji\26211-gusami-hayi\polling-units.json
ZAMFARA,BIRNIN MAGAJI,GUSAMI HAYI,SAKEEN KADE   /   KOFAR GIDAN A LABBO,36/03/05/006,https://inec-cvr-cache.s3.eu-west-1.amazonaws.com/cached/results/117758/result_65056_1677590535_thumb.jpg,2023-02-28T14:05:27.471Z,false,https://raw.githubusercontent.com/mykeels/inec-presidential-elections-2023/master/results/37-zamfara\3865-birnin-magaji\26211-gusami-hayi\polling-units.json
ZAMFARA,BIRNIN MAGAJI,KIYAWA,AKUZO  /  SHIYAR HAKIMI,36/03/06/001,https://inec-cvr-cache.s3.eu-west-1.amazonaws.com/cached/results/117762/result_65062_1677606073_thumb.jpg,2023-02-28T17:41:14.799Z,false,https://raw.githubusercontent.com/mykeels/inec-presidential-elections-2023/master/results/37-zamfara\3865-birnin-magaji\26212-kiyawa\polling-units.json
ZAMFARA,BIRNIN MAGAJI,KIYAWA,BAKIN KASUWA NASARAWA MAILAYI,36/03/06/019,https://inec-cvr-cache.s3.eu-west-1.amazonaws.com/cached/results/673823/result_65080_1677600201_thumb.jpg,2023-02-28T16:04:12.608Z,false,https://raw.githubusercontent.com/mykeels/inec-presidential-elections-2023/master/results/37-zamfara\3865-birnin-magaji\26212-kiyawa\polling-units.json
ZAMFARA,BIRNIN MAGAJI,KIYAWA,DABAWA   /  MARADAWA,36/03/06/002,https://inec-cvr-cache.s3.eu-west-1.amazonaws.com,2023-02-28T16:31:03.397Z,false,https://raw.githubusercontent.com/mykeels/inec-presidential-elections-2023/master/results/37-zamfara\3865-birnin-magaji\26212-kiyawa\polling-units.json
ZAMFARA,BIRNIN MAGAJI,KIYAWA,DUTSIN  /  WAKE II/ KOFAR SAIDU,36/03/06/004,https://docs.inecelectionresults.net/elections_prod/1292/state/1/lga/3865/ward/26212/pu/118865/118865-1677514937.pdf,2023-02-27T16:30:19.988Z,false,https://raw.githubusercontent.com/mykeels/inec-presidential-elections-2023/master/results/37-zamfara\3865-birnin-magaji\26212-kiyawa\polling-units.json
ZAMFARA,BIRNIN MAGAJI,KIYAWA,DUTSIN / WAKE I/ KOFAR CIROMA,36/03/06/003,https://inec-cvr-cache.s3.eu-west-1.amazonaws.com/cached/results/117764/result_65064_1677597568_thumb.jpg,2023-02-28T15:20:15.410Z,false,https://raw.githubusercontent.com/mykeels/inec-presidential-elections-2023/master/results/37-zamfara\3865-birnin-magaji\26212-kiyawa\polling-units.json
ZAMFARA,BIRNIN MAGAJI,KIYAWA,GARIN MAI AIKI   /  GIDAN BUDA,36/03/06/005,https://inec-cvr-cache.s3.eu-west-1.amazonaws.com/cached/results/117766/result_65066_1677602576_thumb.jpg,2023-02-28T16:43:04.641Z,false,https://raw.githubusercontent.com/mykeels/inec-presidential-elections-2023/master/results/37-zamfara\3865-birnin-magaji\26212-kiyawa\polling-units.json
ZAMFARA,BIRNIN MAGAJI,KIYAWA,GIDAN NAMAZA  /   KOFAR HASHIMU,36/03/06/006,https://inec-cvr-cache.s3.eu-west-1.amazonaws.com/cached/results/117767/result_65067_1677604953_thumb.jpg,2023-02-28T17:23:07.819Z,false,https://raw.githubusercontent.com/mykeels/inec-presidential-elections-2023/master/results/37-zamfara\3865-birnin-magaji\26212-kiyawa\polling-units.json
ZAMFARA,BIRNIN MAGAJI,KIYAWA,KARFA / G / HAKIMI,36/03/06/007,https://inec-cvr-cache.s3.eu-west-1.amazonaws.com/cached/results/117768/result_65068_1677596844_thumb.jpg,2023-02-28T15:08:07.261Z,false,https://raw.githubusercontent.com/mykeels/inec-presidential-elections-2023/master/results/37-zamfara\3865-birnin-magaji\26212-kiyawa\polling-units.json
ZAMFARA,BIRNIN MAGAJI,KIYAWA,KIYAWA   / KOFAR  GIDAN ASIYA,36/03/06/008,https://inec-cvr-cache.s3.eu-west-1.amazonaws.com,2023-02-28T18:14:37.235Z,true,https://raw.githubusercontent.com/mykeels/inec-presidential-elections-2023/master/results/37-zamfara\3865-birnin-magaji\26212-kiyawa\polling-units.json
ZAMFARA,BIRNIN MAGAJI,KIYAWA,KOTU NASARAWA MAILAYI,36/03/06/017,https://docs.inecelectionresults.net/elections_prod/1292/state/1/lga/3865/ward/26212/pu/177772/177772-1677504269.pdf,2023-02-27T13:25:01.559Z,false,https://raw.githubusercontent.com/mykeels/inec-presidential-elections-2023/master/results/37-zamfara\3865-birnin-magaji\26212-kiyawa\polling-units.json
ZAMFARA,BIRNIN MAGAJI,KIYAWA,MAHANGA   /   KOFAR GIDAN MUDI,36/03/06/009,https://inec-cvr-cache.s3.eu-west-1.amazonaws.com/cached/results/117770/result_65070_1677605893_thumb.jpg,2023-02-28T17:39:15.890Z,false,https://raw.githubusercontent.com/mykeels/inec-presidential-elections-2023/master/results/37-zamfara\3865-birnin-magaji\26212-kiyawa\polling-units.json
ZAMFARA,BIRNIN MAGAJI,KIYAWA,MAKERA   II  /  SHIYAR S/YAKI,36/03/06/011,https://inec-cvr-cache.s3.eu-west-1.amazonaws.com/cached/results/117772/result_65072_1677603944_thumb.jpg,2023-02-28T17:06:07.903Z,false,https://raw.githubusercontent.com/mykeels/inec-presidential-elections-2023/master/results/37-zamfara\3865-birnin-magaji\26212-kiyawa\polling-units.json
ZAMFARA,BIRNIN MAGAJI,KIYAWA,MAKERA  I  /  SHIYAR DAN BUDA,36/03/06/010,https://inec-cvr-cache.s3.eu-west-1.amazonaws.com/cached/results/117771/result_65071_1677596277_thumb.jpg,2023-02-28T14:58:17.705Z,false,https://raw.githubusercontent.com/mykeels/inec-presidential-elections-2023/master/results/37-zamfara\3865-birnin-magaji\26212-kiyawa\polling-units.json
ZAMFARA,BIRNIN MAGAJI,KIYAWA,NASARAWA SH/GALADIMA   /  KOFAR GIDAN LABBO,36/03/06/012,https://inec-cvr-cache.s3.eu-west-1.amazonaws.com/cached/results/117773/result_65073_1677520985_thumb.jpg,2023-02-28T21:46:08.505Z,true,https://raw.githubusercontent.com/mykeels/inec-presidential-elections-2023/master/results/37-zamfara\3865-birnin-magaji\26212-kiyawa\polling-units.json
ZAMFARA,BIRNIN MAGAJI,KIYAWA,NASARAWA SH/SABON GARI   /   KOFAR G/DAN ADAMU,36/03/06/013,https://inec-cvr-cache.s3.eu-west-1.amazonaws.com/cached/results/117774/result_65074_1677605606_thumb.jpg,2023-02-28T17:34:05.057Z,false,https://raw.githubusercontent.com/mykeels/inec-presidential-elections-2023/master/results/37-zamfara\3865-birnin-magaji\26212-kiyawa\polling-units.json
ZAMFARA,BIRNIN MAGAJI,KIYAWA,NASARAWA SHIYAR GALADIMA/ PRIMARY SCHOOL,36/03/06/018,https://inec-cvr-cache.s3.eu-west-1.amazonaws.com/cached/results/673822/result_65079_1677597968_thumb.jpg,2023-02-28T15:26:12.599Z,false,https://raw.githubusercontent.com/mykeels/inec-presidential-elections-2023/master/results/37-zamfara\3865-birnin-magaji\26212-kiyawa\polling-units.json
ZAMFARA,BIRNIN MAGAJI,KIYAWA,OHO    /   KOFAR GIDAN A. IRO,36/03/06/014,https://inec-cvr-cache.s3.eu-west-1.amazonaws.com/cached/results/117775/result_65075_1677519580_thumb.jpg,2023-02-28T21:40:20.852Z,true,https://raw.githubusercontent.com/mykeels/inec-presidential-elections-2023/master/results/37-zamfara\3865-birnin-magaji\26212-kiyawa\polling-units.json
ZAMFARA,BIRNIN MAGAJI,KIYAWA,PRIMARY SCHOOL KIYAWA,36/03/06/016,https://docs.inecelectionresults.net/elections_prod/1292/state/1/lga/3865/ward/26212/pu/177771/177771-1677508446.pdf,2023-02-27T14:35:01.456Z,false,https://raw.githubusercontent.com/mykeels/inec-presidential-elections-2023/master/results/37-zamfara\3865-birnin-magaji\26212-kiyawa\polling-units.json
ZAMFARA,BIRNIN MAGAJI,KIYAWA,PRIMARY SCHOOL NASARAWA MAILAYI,36/03/06/020,https://inec-cvr-cache.s3.eu-west-1.amazonaws.com/cached/results/673824/result_65081_1677600848_thumb.jpg,2023-02-28T16:14:12.941Z,false,https://raw.githubusercontent.com/mykeels/inec-presidential-elections-2023/master/results/37-zamfara\3865-birnin-magaji\26212-kiyawa\polling-units.json
ZAMFARA,BIRNIN MAGAJI,KIYAWA,USU   /   KOFAR  GIDAN MARU,36/03/06/015,https://inec-cvr-cache.s3.eu-west-1.amazonaws.com/cached/results/117776/result_65076_1677500277_thumb.jpg,2023-02-28T18:13:32.485Z,true,https://raw.githubusercontent.com/mykeels/inec-presidential-elections-2023/master/results/37-zamfara\3865-birnin-magaji\26212-kiyawa\polling-units.json
ZAMFARA,BIRNIN MAGAJI,MODOMAWA EAST,ASIBITI KIRI FADA,36/03/07/014,https://inec-cvr-cache.s3.eu-west-1.amazonaws.com/cached/results/673827/result_65095_1677649062_thumb.jpg,2023-03-01T05:38:04.981Z,false,https://raw.githubusercontent.com/mykeels/inec-presidential-elections-2023/master/results/37-zamfara\3865-birnin-magaji\26213-modomawa-east\polling-units.json
ZAMFARA,BIRNIN MAGAJI,MODOMAWA EAST,ASIBITI TSOHUWA/  TASHA SHEHU,36/03/07/015,https://inec-cvr-cache.s3.eu-west-1.amazonaws.com/cached/results/673828/result_65096_1677506799_thumb.jpg,2023-02-28T20:27:39.958Z,false,https://raw.githubusercontent.com/mykeels/inec-presidential-elections-2023/master/results/37-zamfara\3865-birnin-magaji\26213-modomawa-east\polling-units.json
ZAMFARA,BIRNIN MAGAJI,MODOMAWA EAST,ASIBITI/ BILLASHI,36/03/07/012,https://inec-cvr-cache.s3.eu-west-1.amazonaws.com/cached/results/673825/result_65093_1677649408_thumb.jpg,2023-03-01T05:44:03.435Z,false,https://raw.githubusercontent.com/mykeels/inec-presidential-elections-2023/master/results/37-zamfara\3865-birnin-magaji\26213-modomawa-east\polling-units.json
ZAMFARA,BIRNIN MAGAJI,MODOMAWA EAST,BAKIN KASUWA/ BILLASHI,36/03/07/013,https://docs.inecelectionresults.net/elections_prod/1292/state/01/lga/03/ward/07/pu/013/013-1677364085.pdf,2023-02-25T22:29:01.307Z,false,https://raw.githubusercontent.com/mykeels/inec-presidential-elections-2023/master/results/37-zamfara\3865-birnin-magaji\26213-modomawa-east\polling-units.json
ZAMFARA,BIRNIN MAGAJI,MODOMAWA EAST,BIRDID    /  BIRDID,36/03/07/010,https://inec-cvr-cache.s3.eu-west-1.amazonaws.com/cached/results/117786/result_65091_1677504832_thumb.jpg,2023-02-28T18:10:31.826Z,true,https://raw.githubusercontent.com/mykeels/inec-presidential-elections-2023/master/results/37-zamfara\3865-birnin-magaji\26213-modomawa-east\polling-units.json
ZAMFARA,BIRNIN MAGAJI,MODOMAWA EAST,GIDAN DAN MARAFA    /  GARKAR HAKIMI,36/03/07/001,https://inec-cvr-cache.s3.eu-west-1.amazonaws.com/cached/results/117777/result_65082_1677499002_thumb.jpg,2023-02-28T18:27:51.609Z,false,https://raw.githubusercontent.com/mykeels/inec-presidential-elections-2023/master/results/37-zamfara\3865-birnin-magaji\26213-modomawa-east\polling-units.json
ZAMFARA,BIRNIN MAGAJI,MODOMAWA EAST,GIDAN KATAKARE    /  KOFAR GIDAN KATAKARE,36/03/07/011,https://inec-cvr-cache.s3.eu-west-1.amazonaws.com/cached/results/117787/result_65092_1677504877_thumb.jpg,2023-02-28T20:35:03.123Z,true,https://raw.githubusercontent.com/mykeels/inec-presidential-elections-2023/master/results/37-zamfara\3865-birnin-magaji\26213-modomawa-east\polling-units.json
ZAMFARA,BIRNIN MAGAJI,MODOMAWA EAST,GIDAN NAMUNIYA     /  GARKAR HAKIMI,36/03/07/002,https://inec-cvr-cache.s3.eu-west-1.amazonaws.com/cached/results/117778/result_65083_1677500281_thumb.jpg,2023-02-28T17:27:31.927Z,true,https://raw.githubusercontent.com/mykeels/inec-presidential-elections-2023/master/results/37-zamfara\3865-birnin-magaji\26213-modomawa-east\polling-units.json
ZAMFARA,BIRNIN MAGAJI,MODOMAWA EAST,KIRIFADA    /  PRIMARY SCHOOL,36/03/07/003,https://inec-cvr-cache.s3.eu-west-1.amazonaws.com/cached/results/117779/result_65084_1677648814_thumb.jpg,2023-03-01T05:34:02.423Z,false,https://raw.githubusercontent.com/mykeels/inec-presidential-elections-2023/master/results/37-zamfara\3865-birnin-magaji\26213-modomawa-east\polling-units.json
ZAMFARA,BIRNIN MAGAJI,MODOMAWA EAST,NADOSARA   /   GARKAR HAKIMI,36/03/07/004,https://inec-cvr-cache.s3.eu-west-1.amazonaws.com/cached/results/117780/result_65085_1677500113_thumb.jpg,2023-02-28T17:28:08.174Z,true,https://raw.githubusercontent.com/mykeels/inec-presidential-elections-2023/master/results/37-zamfara\3865-birnin-magaji\26213-modomawa-east\polling-units.json
ZAMFARA,BIRNIN MAGAJI,MODOMAWA EAST,RURA    /  GARKAR HAKIMI,36/03/07/005,https://docs.inecelectionresults.net/elections_prod/1292/state/01/lga/03/ward/07/pu/005/005-1677393117.pdf,2023-02-26T06:58:24.731Z,false,https://raw.githubusercontent.com/mykeels/inec-presidential-elections-2023/master/results/37-zamfara\3865-birnin-magaji\26213-modomawa-east\polling-units.json
ZAMFARA,BIRNIN MAGAJI,MODOMAWA EAST,SABON GARI    /  GARKAR HAKIMI,36/03/07/007,https://docs.inecelectionresults.net/elections_prod/1292/state/01/lga/03/ward/07/pu/007/007-1677396687.pdf,2023-02-26T07:32:03.535Z,false,https://raw.githubusercontent.com/mykeels/inec-presidential-elections-2023/master/results/37-zamfara\3865-birnin-magaji\26213-modomawa-east\polling-units.json
ZAMFARA,BIRNIN MAGAJI,MODOMAWA EAST,SITASI   /  PRIMARY SCHOOL,36/03/07/008,https://inec-cvr-cache.s3.eu-west-1.amazonaws.com/cached/results/117784/result_65089_1677502293_thumb.jpg,2023-02-28T17:23:05.847Z,true,https://raw.githubusercontent.com/mykeels/inec-presidential-elections-2023/master/results/37-zamfara\3865-birnin-magaji\26213-modomawa-east\polling-units.json
ZAMFARA,BIRNIN MAGAJI,MODOMAWA EAST,TASHA / PRIMARY SCHOOL,36/03/07/006,https://inec-cvr-cache.s3.eu-west-1.amazonaws.com/cached/results/117782/result_65087_1677501119_thumb.jpg,2023-02-28T21:26:55.515Z,false,https://raw.githubusercontent.com/mykeels/inec-presidential-elections-2023/master/results/37-zamfara\3865-birnin-magaji\26213-modomawa-east\polling-units.json
ZAMFARA,BIRNIN MAGAJI,MODOMAWA EAST,YAR GUSAU   /   GARKAR HAKIMI,36/03/07/009,https://docs.inecelectionresults.net/elections_prod/1292/state/1/lga/3865/ward/26213/pu/118885/118885-1677675542.pdf,2023-03-01T13:00:00.191Z,true,https://raw.githubusercontent.com/mykeels/inec-presidential-elections-2023/master/results/37-zamfara\3865-birnin-magaji\26213-modomawa-east\polling-units.json
ZAMFARA,BIRNIN MAGAJI,MODOMAWA WEST,ASIBI/ CHALLI,36/03/08/014,https://docs.inecelectionresults.net/elections_prod/1292/state/1/lga/3865/ward/26214/pu/177780/177780-1677677278.pdf,2023-03-01T13:29:01.193Z,true,https://raw.githubusercontent.com/mykeels/inec-presidential-elections-2023/master/results/37-zamfara\3865-birnin-magaji\26214-modomawa-west\polling-units.json
ZAMFARA,BIRNIN MAGAJI,MODOMAWA WEST,BAKIN KASUWA/ KOFAR MODOMAWA,36/03/08/019,https://docs.inecelectionresults.net/elections_prod/1292/state/1/lga/3865/ward/26214/pu/177785/177785-1677678206.pdf,2023-03-01T13:44:00.525Z,true,https://raw.githubusercontent.com/mykeels/inec-presidential-elections-2023/master/results/37-zamfara\3865-birnin-magaji\26214-modomawa-west\polling-units.json
ZAMFARA,BIRNIN MAGAJI,MODOMAWA WEST,CHALLI   /  PRIMARY SCHOOL,36/03/08/001,https://docs.inecelectionresults.net/elections_prod/1292/state/1/lga/3865/ward/26214/pu/118888/118888-1677683489.pdf,2023-03-01T15:12:00.495Z,true,https://raw.githubusercontent.com/mykeels/inec-presidential-elections-2023/master/results/37-zamfara\3865-birnin-magaji\26214-modomawa-west\polling-units.json
ZAMFARA,BIRNIN MAGAJI,MODOMAWA WEST,DADI-MARAFA    /    KANWURI,36/03/08/012,https://docs.inecelectionresults.net/elections_prod/1292/state/1/lga/3865/ward/26214/pu/118899/118899-1677674301.pdf,2023-03-01T12:39:00.327Z,true,https://raw.githubusercontent.com/mykeels/inec-presidential-elections-2023/master/results/37-zamfara\3865-birnin-magaji\26214-modomawa-west\polling-units.json
ZAMFARA,BIRNIN MAGAJI,MODOMAWA WEST,DANLAMI  /  GARKAR HAKIMI,36/03/08/002,https://docs.inecelectionresults.net/elections_prod/1292/state/1/lga/3865/ward/26214/pu/118889/118889-1677683773.pdf,2023-03-01T15:17:00.183Z,true,https://raw.githubusercontent.com/mykeels/inec-presidential-elections-2023/master/results/37-zamfara\3865-birnin-magaji\26214-modomawa-west\polling-units.json
ZAMFARA,BIRNIN MAGAJI,MODOMAWA WEST,GARKA  I   /   MARADAWA,36/03/08/003,https://docs.inecelectionresults.net/elections_prod/1292/state/1/lga/3865/ward/26214/pu/118890/118890-1677683485.pdf,2023-03-01T15:12:00.371Z,true,https://raw.githubusercontent.com/mykeels/inec-presidential-elections-2023/master/results/37-zamfara\3865-birnin-magaji\26214-modomawa-west\polling-units.json
ZAMFARA,BIRNIN MAGAJI,MODOMAWA WEST,GARKA  II    /  MASAKA,36/03/08/004,https://docs.inecelectionresults.net/elections_prod/1292/state/1/lga/3865/ward/26214/pu/118891/118891-1677683694.pdf,2023-03-01T15:15:00.992Z,true,https://raw.githubusercontent.com/mykeels/inec-presidential-elections-2023/master/results/37-zamfara\3865-birnin-magaji\26214-modomawa-west\polling-units.json
ZAMFARA,BIRNIN MAGAJI,MODOMAWA WEST,GARKA III/ MARADAWA,36/03/08/016,https://docs.inecelectionresults.net/elections_prod/1292/state/1/lga/3865/ward/26214/pu/177782/177782-1677674879.pdf,2023-03-01T12:49:00.151Z,true,https://raw.githubusercontent.com/mykeels/inec-presidential-elections-2023/master/results/37-zamfara\3865-birnin-magaji\26214-modomawa-west\polling-units.json
ZAMFARA,BIRNIN MAGAJI,MODOMAWA WEST,GARKA IV/ ASIBITI,36/03/08/017,https://docs.inecelectionresults.net/elections_prod/1292/state/1/lga/3865/ward/26214/pu/177783/177783-1677678086.pdf,2023-03-01T13:42:00.461Z,true,https://raw.githubusercontent.com/mykeels/inec-presidential-elections-2023/master/results/37-zamfara\3865-birnin-magaji\26214-modomawa-west\polling-units.json
ZAMFARA,BIRNIN MAGAJI,MODOMAWA WEST,GIDAN RABO    /  PRIMARY SCHOOL,36/03/08/005,https://docs.inecelectionresults.net/elections_prod/1292/state/1/lga/3865/ward/26214/pu/118892/118892-1677684088.pdf,2023-03-01T15:22:00.381Z,true,https://raw.githubusercontent.com/mykeels/inec-presidential-elections-2023/master/results/37-zamfara\3865-birnin-magaji\26214-modomawa-west\polling-units.json
ZAMFARA,BIRNIN MAGAJI,MODOMAWA WEST,GOBIRAWA   /   GARKAR UWAISU,36/03/08/006,https://docs.inecelectionresults.net/elections_prod/1292/state/1/lga/3865/ward/26214/pu/118893/118893-1677678206.pdf,2023-03-01T13:44:00.482Z,true,https://raw.githubusercontent.com/mykeels/inec-presidential-elections-2023/master/results/37-zamfara\3865-birnin-magaji\26214-modomawa-west\polling-units.json
ZAMFARA,BIRNIN MAGAJI,MODOMAWA WEST,GOBIRAWA/ BAKIN BORE HOLE,36/03/08/018,https://docs.inecelectionresults.net/elections_prod/1292/state/1/lga/3865/ward/26214/pu/177784/177784-1677677196.pdf,2023-03-01T13:27:00.672Z,true,https://raw.githubusercontent.com/mykeels/inec-presidential-elections-2023/master/results/37-zamfara\3865-birnin-magaji\26214-modomawa-west\polling-units.json
ZAMFARA,BIRNIN MAGAJI,MODOMAWA WEST,JNI PRI. SCHOOL,36/03/08/021,https://docs.inecelectionresults.net/elections_prod/1292/state/1/lga/3865/ward/26214/pu/177787/177787-1677677184.pdf,2023-03-01T13:27:00.449Z,true,https://raw.githubusercontent.com/mykeels/inec-presidential-elections-2023/master/results/37-zamfara\3865-birnin-magaji\26214-modomawa-west\polling-units.json
ZAMFARA,BIRNIN MAGAJI,MODOMAWA WEST,KOFAR MODOMAWA   /   ASIBITIN MODAMAWA,36/03/08/010,https://docs.inecelectionresults.net/elections_prod/1292/state/1/lga/3865/ward/26214/pu/118897/118897-1677678697.pdf,2023-03-01T13:52:00.807Z,true,https://raw.githubusercontent.com/mykeels/inec-presidential-elections-2023/master/results/37-zamfara\3865-birnin-magaji\26214-modomawa-west\polling-units.json
ZAMFARA,BIRNIN MAGAJI,MODOMAWA WEST,NASARAWA    /    GARKA,36/03/08/013,https://docs.inecelectionresults.net/elections_prod/1292/state/1/lga/3865/ward/26214/pu/118900/118900-1677678025.pdf,2023-03-01T13:41:00.541Z,true,https://raw.githubusercontent.com/mykeels/inec-presidential-elections-2023/master/results/37-zamfara\3865-birnin-magaji\26214-modomawa-west\polling-units.json
ZAMFARA,BIRNIN MAGAJI,MODOMAWA WEST,PRIMARY SCHOOL DAN LAMI,36/03/08/015,https://docs.inecelectionresults.net/elections_prod/1292/state/1/lga/3865/ward/26214/pu/177781/177781-1677684295.pdf,2023-03-01T15:26:01.225Z,true,https://raw.githubusercontent.com/mykeels/inec-presidential-elections-2023/master/results/37-zamfara\3865-birnin-magaji\26214-modomawa-west\polling-units.json
ZAMFARA,BIRNIN MAGAJI,MODOMAWA WEST,SABON GARI/MODOMAWA PRI. SCH,36/03/08/020,https://inec-cvr-cache.s3.eu-west-1.amazonaws.com/cached/results/673835/result_65116_1677611173_thumb.jpg,2023-02-28T19:07:05.799Z,false,https://raw.githubusercontent.com/mykeels/inec-presidential-elections-2023/master/results/37-zamfara\3865-birnin-magaji\26214-modomawa-west\polling-units.json
ZAMFARA,BIRNIN MAGAJI,MODOMAWA WEST,SAKKERE I  /   PRIMARY SCHOOL,36/03/08/007,https://docs.inecelectionresults.net/elections_prod/1292/state/1/lga/3865/ward/26214/pu/118894/118894-1677679033.pdf,2023-03-01T13:58:00.325Z,true,https://raw.githubusercontent.com/mykeels/inec-presidential-elections-2023/master/results/37-zamfara\3865-birnin-magaji\26214-modomawa-west\polling-units.json
ZAMFARA,BIRNIN MAGAJI,MODOMAWA WEST,SAKKERE II     /   GARKAR A. HAKIMI,36/03/08/008,https://docs.inecelectionresults.net/elections_prod/1292/state/1/lga/3865/ward/26214/pu/118895/118895-1677680112.pdf,2023-03-01T14:16:00.195Z,true,https://raw.githubusercontent.com/mykeels/inec-presidential-elections-2023/master/results/37-zamfara\3865-birnin-magaji\26214-modomawa-west\polling-units.json
ZAMFARA,BIRNIN MAGAJI,MODOMAWA WEST,SHIYAR GALADIMA  /   GARKAR MAI GARI,36/03/08/009,https://docs.inecelectionresults.net/elections_prod/1292/state/1/lga/3865/ward/26214/pu/118896/118896-1677679046.pdf,2023-03-01T13:58:00.539Z,true,https://raw.githubusercontent.com/mykeels/inec-presidential-elections-2023/master/results/37-zamfara\3865-birnin-magaji\26214-modomawa-west\polling-units.json
ZAMFARA,BIRNIN MAGAJI,MODOMAWA WEST,ZINARE    /   KOFAR GIDAN MAZARA,36/03/08/011,https://docs.inecelectionresults.net/elections_prod/1292/state/1/lga/3865/ward/26214/pu/118898/118898-1677684433.pdf,2023-03-01T15:28:00.365Z,true,https://raw.githubusercontent.com/mykeels/inec-presidential-elections-2023/master/results/37-zamfara\3865-birnin-magaji\26214-modomawa-west\polling-units.json
ZAMFARA,BIRNIN MAGAJI,NASARAWA GODAL EAST,ASIBITI KOKIYA,36/03/09/012,https://inec-cvr-cache.s3.eu-west-1.amazonaws.com/cached/results/673838/result_65129_1677597541_thumb.jpg,2023-02-28T15:19:12.649Z,false,https://raw.githubusercontent.com/mykeels/inec-presidential-elections-2023/master/results/37-zamfara\3865-birnin-magaji\26215-nasarawa-godal-east\polling-units.json
ZAMFARA,BIRNIN MAGAJI,NASARAWA GODAL EAST,BAKIN KASUWA/ MARAKAWA,36/03/09/013,https://inec-cvr-cache.s3.eu-west-1.amazonaws.com/cached/results/673839/result_65130_1677599045_thumb.jpg,2023-02-28T15:44:10.390Z,false,https://raw.githubusercontent.com/mykeels/inec-presidential-elections-2023/master/results/37-zamfara\3865-birnin-magaji\26215-nasarawa-godal-east\polling-units.json
ZAMFARA,BIRNIN MAGAJI,NASARAWA GODAL EAST,CHIGAMA I     /   GARKAR HAKIMI,36/03/09/001,https://inec-cvr-cache.s3.eu-west-1.amazonaws.com/cached/results/117801/result_65118_1677599658_thumb.jpg,2023-02-28T15:54:20.103Z,false,https://raw.githubusercontent.com/mykeels/inec-presidential-elections-2023/master/results/37-zamfara\3865-birnin-magaji\26215-nasarawa-godal-east\polling-units.json
ZAMFARA,BIRNIN MAGAJI,NASARAWA GODAL EAST,CHIGAMA II    /  SHIYAR BARAYA,36/03/09/002,https://inec-cvr-cache.s3.eu-west-1.amazonaws.com,2023-02-28T16:16:17.155Z,false,https://raw.githubusercontent.com/mykeels/inec-presidential-elections-2023/master/results/37-zamfara\3865-birnin-magaji\26215-nasarawa-godal-east\polling-units.json
ZAMFARA,BIRNIN MAGAJI,NASARAWA GODAL EAST,GIDAN DAN DAMBO   /   GARKAR HAKIMI,36/03/09/003,https://inec-cvr-cache.s3.eu-west-1.amazonaws.com/cached/results/117803/result_65120_1677600057_thumb.jpg,2023-02-28T16:01:06.467Z,false,https://raw.githubusercontent.com/mykeels/inec-presidential-elections-2023/master/results/37-zamfara\3865-birnin-magaji\26215-nasarawa-godal-east\polling-units.json
ZAMFARA,BIRNIN MAGAJI,NASARAWA GODAL EAST,GIDAN KAKA    /  KOFAR GIDAN KAKA,36/03/09/004,https://docs.inecelectionresults.net/elections_prod/1292/state/1/lga/3865/ward/26215/pu/118904/118904-1677482695.pdf,2023-02-27T07:25:00.755Z,false,https://raw.githubusercontent.com/mykeels/inec-presidential-elections-2023/master/results/37-zamfara\3865-birnin-magaji\26215-nasarawa-godal-east\polling-units.json
ZAMFARA,BIRNIN MAGAJI,NASARAWA GODAL EAST,KATSINAWA    /  GARKAR MARAFA,36/03/09/005,https://inec-cvr-cache.s3.eu-west-1.amazonaws.com/cached/results/117805/result_65122_1677599233_thumb.jpg,2023-02-28T15:47:16.354Z,false,https://raw.githubusercontent.com/mykeels/inec-presidential-elections-2023/master/results/37-zamfara\3865-birnin-magaji\26215-nasarawa-godal-east\polling-units.json
ZAMFARA,BIRNIN MAGAJI,NASARAWA GODAL EAST,KOKIYA I     /   SHIYAR GALADIMA,36/03/09/006,https://inec-cvr-cache.s3.eu-west-1.amazonaws.com/cached/results/117806/result_65123_1677601263_thumb.jpg,2023-02-28T16:21:07.409Z,false,https://raw.githubusercontent.com/mykeels/inec-presidential-elections-2023/master/results/37-zamfara\3865-birnin-magaji\26215-nasarawa-godal-east\polling-units.json
ZAMFARA,BIRNIN MAGAJI,NASARAWA GODAL EAST,KOKIYA II    /  SHIYAR SABON GARI,36/03/09/007,https://inec-cvr-cache.s3.eu-west-1.amazonaws.com/cached/results/117807/result_65124_1677601770_thumb.jpg,2023-02-28T16:30:06.551Z,false,https://raw.githubusercontent.com/mykeels/inec-presidential-elections-2023/master/results/37-zamfara\3865-birnin-magaji\26215-nasarawa-godal-east\polling-units.json
ZAMFARA,BIRNIN MAGAJI,NASARAWA GODAL EAST,MARAKAWA    /  KOFAR GIDAN HAKIMI,36/03/09/008,https://inec-cvr-cache.s3.eu-west-1.amazonaws.com/cached/results/117808/result_65125_1677598544_thumb.jpg,2023-02-28T15:36:10.314Z,false,https://raw.githubusercontent.com/mykeels/inec-presidential-elections-2023/master/results/37-zamfara\3865-birnin-magaji\26215-nasarawa-godal-east\polling-units.json
ZAMFARA,BIRNIN MAGAJI,NASARAWA GODAL EAST,PRIMARY SCHOOL CHIGAMA,36/03/09/011,https://docs.inecelectionresults.net/elections_prod/1292/state/1/lga/3865/ward/26215/pu/177788/177788-1677519337.pdf,2023-02-27T17:36:00.564Z,false,https://raw.githubusercontent.com/mykeels/inec-presidential-elections-2023/master/results/37-zamfara\3865-birnin-magaji\26215-nasarawa-godal-east\polling-units.json
ZAMFARA,BIRNIN MAGAJI,NASARAWA GODAL EAST,PRIMARY SCHOOL TSABRE,36/03/09/015,https://inec-cvr-cache.s3.eu-west-1.amazonaws.com/cached/results/673841/result_65132_1677596608_thumb.jpg,2023-02-28T15:04:06.637Z,false,https://raw.githubusercontent.com/mykeels/inec-presidential-elections-2023/master/results/37-zamfara\3865-birnin-magaji\26215-nasarawa-godal-east\polling-units.json
ZAMFARA,BIRNIN MAGAJI,NASARAWA GODAL EAST,TSABRE GABAN DUTSE,36/03/09/014,https://docs.inecelectionresults.net/elections_prod/1292/state/1/lga/3865/ward/26215/pu/177791/177791-1677519153.pdf,2023-02-27T17:33:00.648Z,false,https://raw.githubusercontent.com/mykeels/inec-presidential-elections-2023/master/results/37-zamfara\3865-birnin-magaji\26215-nasarawa-godal-east\polling-units.json
ZAMFARA,BIRNIN MAGAJI,NASARAWA GODAL EAST,TSABRE GARI    /  PRIMARY SCHOOL,36/03/09/009,https://inec-cvr-cache.s3.eu-west-1.amazonaws.com/cached/results/117809/result_65126_1677596188_thumb.jpg,2023-02-28T14:57:08.917Z,false,https://raw.githubusercontent.com/mykeels/inec-presidential-elections-2023/master/results/37-zamfara\3865-birnin-magaji\26215-nasarawa-godal-east\polling-units.json
ZAMFARA,BIRNIN MAGAJI,NASARAWA GODAL EAST,TSABRE TUNGA    /   TSABRE,36/03/09/010,https://inec-cvr-cache.s3.eu-west-1.amazonaws.com/cached/results/117810/result_65127_1677588041_thumb.jpg,2023-02-28T14:04:08.146Z,false,https://raw.githubusercontent.com/mykeels/inec-presidential-elections-2023/master/results/37-zamfara\3865-birnin-magaji\26215-nasarawa-godal-east\polling-units.json
ZAMFARA,BIRNIN MAGAJI,NASARAWA GODAL WEST,ASIBITI/ GIDAN DAN JUMA,36/03/10/014,https://inec-cvr-cache.s3.eu-west-1.amazonaws.com/cached/results/673842/result_65146_1677599866_thumb.jpg,2023-02-28T15:58:03.612Z,false,https://raw.githubusercontent.com/mykeels/inec-presidential-elections-2023/master/results/37-zamfara\3865-birnin-magaji\26216-nasarawa-godal-west\polling-units.json
ZAMFARA,BIRNIN MAGAJI,NASARAWA GODAL WEST,ASSIBITI/  SHIYAR MAGAJI,36/03/10/019,https://inec-cvr-cache.s3.eu-west-1.amazonaws.com/cached/results/673847/result_65151_1677606802_thumb.jpg,2023-02-28T17:54:09.930Z,false,https://raw.githubusercontent.com/mykeels/inec-presidential-elections-2023/master/results/37-zamfara\3865-birnin-magaji\26216-nasarawa-godal-west\polling-units.json
ZAMFARA,BIRNIN MAGAJI,NASARAWA GODAL WEST,DIBGAWA     /GARKA,36/03/10/001,https://inec-cvr-cache.s3.eu-west-1.amazonaws.com/cached/results/117811/result_65133_1677515033_thumb.jpg,2023-02-28T21:30:43.810Z,true,https://raw.githubusercontent.com/mykeels/inec-presidential-elections-2023/master/results/37-zamfara\3865-birnin-magaji\26216-nasarawa-godal-west\polling-units.json
ZAMFARA,BIRNIN MAGAJI,NASARAWA GODAL WEST,GIDAN DAN SAMA    /  PRI. SCH.,36/03/10/003,https://inec-cvr-cache.s3.eu-west-1.amazonaws.com/cached/results/117813/result_65135_1677515408_thumb.jpg,2023-02-28T17:38:52.858Z,true,https://raw.githubusercontent.com/mykeels/inec-presidential-elections-2023/master/results/37-zamfara\3865-birnin-magaji\26216-nasarawa-godal-west\polling-units.json
ZAMFARA,BIRNIN MAGAJI,NASARAWA GODAL WEST,JADDAWA  I / PRIMARY SCHOOL,36/03/10/004,https://inec-cvr-cache.s3.eu-west-1.amazonaws.com/cached/results/117814/result_65136_1677515225_thumb.jpg,2023-02-28T18:14:19.238Z,true,https://raw.githubusercontent.com/mykeels/inec-presidential-elections-2023/master/results/37-zamfara\3865-birnin-magaji\26216-nasarawa-godal-west\polling-units.json
ZAMFARA,BIRNIN MAGAJI,NASARAWA GODAL WEST,JADDAWA  II / GARKAR MARAFA,36/03/10/005,https://inec-cvr-cache.s3.eu-west-1.amazonaws.com/cached/results/117815/result_65137_1677600230_thumb.jpg,2023-02-28T16:04:06.023Z,false,https://raw.githubusercontent.com/mykeels/inec-presidential-elections-2023/master/results/37-zamfara\3865-birnin-magaji\26216-nasarawa-godal-west\polling-units.json
ZAMFARA,BIRNIN MAGAJI,NASARAWA GODAL WEST,KUKKUBI    /  SHIYAR MARAFA,36/03/10/002,https://inec-cvr-cache.s3.eu-west-1.amazonaws.com/cached/results/117812/result_65134_1677675978_thumb.jpg,2023-03-01T13:07:06.269Z,true,https://raw.githubusercontent.com/mykeels/inec-presidential-elections-2023/master/results/37-zamfara\3865-birnin-magaji\26216-nasarawa-godal-west\polling-units.json
ZAMFARA,BIRNIN MAGAJI,NASARAWA GODAL WEST,MAIGAMO    /  GARKAR MARAFA,36/03/10/006,https://inec-cvr-cache.s3.eu-west-1.amazonaws.com/cached/results/117816/result_65138_1677518040_thumb.jpg,2023-02-28T17:44:36.901Z,true,https://raw.githubusercontent.com/mykeels/inec-presidential-elections-2023/master/results/37-zamfara\3865-birnin-magaji\26216-nasarawa-godal-west\polling-units.json
ZAMFARA,BIRNIN MAGAJI,NASARAWA GODAL WEST,PRIMARY SCHOOL SHIYAR DAUDU,36/03/10/015,https://inec-cvr-cache.s3.eu-west-1.amazonaws.com/cached/results/673843/result_65147_1677600707_thumb.jpg,2023-02-28T16:12:09.736Z,false,https://raw.githubusercontent.com/mykeels/inec-presidential-elections-2023/master/results/37-zamfara\3865-birnin-magaji\26216-nasarawa-godal-west\polling-units.json
ZAMFARA,BIRNIN MAGAJI,NASARAWA GODAL WEST,PRIMARY SCHOOL/SHIYAR MAGAJI ABU,36/03/10/020,https://inec-cvr-cache.s3.eu-west-1.amazonaws.com/cached/results/673848/result_65152_1677605308_thumb.jpg,2023-02-28T17:29:03.314Z,false,https://raw.githubusercontent.com/mykeels/inec-presidential-elections-2023/master/results/37-zamfara\3865-birnin-magaji\26216-nasarawa-godal-west\polling-units.json
ZAMFARA,BIRNIN MAGAJI,NASARAWA GODAL WEST,SHIYAR DAUDA II GIDAN TSALHA LIMAN,36/03/10/008,https://inec-cvr-cache.s3.eu-west-1.amazonaws.com/cached/results/117818/result_65140_1677515632_thumb.jpg,2023-02-28T18:22:52.630Z,true,https://raw.githubusercontent.com/mykeels/inec-presidential-elections-2023/master/results/37-zamfara\3865-birnin-magaji\26216-nasarawa-godal-west\polling-units.json
ZAMFARA,BIRNIN MAGAJI,NASARAWA GODAL WEST,SHIYAR DAUDU I    /  B/ GIDAN LADAN,36/03/10/007,https://inec-cvr-cache.s3.eu-west-1.amazonaws.com/cached/results/117817/result_65139_1677517604_thumb.jpg,2023-02-28T21:35:23.732Z,true,https://raw.githubusercontent.com/mykeels/inec-presidential-elections-2023/master/results/37-zamfara\3865-birnin-magaji\26216-nasarawa-godal-west\polling-units.json
ZAMFARA,BIRNIN MAGAJI,NASARAWA GODAL WEST,SHIYAR GALADIMA    /  RIMI,36/03/10/010,https://inec-cvr-cache.s3.eu-west-1.amazonaws.com/cached/results/117820/result_65142_1677514628_thumb.jpg,2023-02-28T20:33:43.489Z,true,https://raw.githubusercontent.com/mykeels/inec-presidential-elections-2023/master/results/37-zamfara\3865-birnin-magaji\26216-nasarawa-godal-west\polling-units.json
ZAMFARA,BIRNIN MAGAJI,NASARAWA GODAL WEST,SHIYAR GALADIMA./ SECONDRY SCHOOL,36/03/10/018,https://inec-cvr-cache.s3.eu-west-1.amazonaws.com/cached/results/673846/result_65150_1677606605_thumb.jpg,2023-02-28T17:50:12.278Z,false,https://raw.githubusercontent.com/mykeels/inec-presidential-elections-2023/master/results/37-zamfara\3865-birnin-magaji\26216-nasarawa-godal-west\polling-units.json
ZAMFARA,BIRNIN MAGAJI,NASARAWA GODAL WEST,SHIYAR MAGAJI   /  KOFAR S/ASKI,36/03/10/011,https://inec-cvr-cache.s3.eu-west-1.amazonaws.com/cached/results/117821/result_65143_1677601396_thumb.jpg,2023-02-28T16:24:05.479Z,false,https://raw.githubusercontent.com/mykeels/inec-presidential-elections-2023/master/results/37-zamfara\3865-birnin-magaji\26216-nasarawa-godal-west\polling-units.json
ZAMFARA,BIRNIN MAGAJI,NASARAWA GODAL WEST,SHIYAR MAGAJI ABU  /  HEL KOTA,36/03/10/012,https://inec-cvr-cache.s3.eu-west-1.amazonaws.com/cached/results/117822/result_65144_1677514041_thumb.jpg,2023-02-28T18:25:09.074Z,true,https://raw.githubusercontent.com/mykeels/inec-presidential-elections-2023/master/results/37-zamfara\3865-birnin-magaji\26216-nasarawa-godal-west\polling-units.json
ZAMFARA,BIRNIN MAGAJI,NASARAWA GODAL WEST,SHIYAR S. DIYA II/ MODEL PRIMARY SCHOOL,36/03/10/016,https://inec-cvr-cache.s3.eu-west-1.amazonaws.com/cached/results/673844/result_65148_1677509843_thumb.jpg,2023-02-28T21:32:14.260Z,true,https://raw.githubusercontent.com/mykeels/inec-presidential-elections-2023/master/results/37-zamfara\3865-birnin-magaji\26216-nasarawa-godal-west\polling-units.json
ZAMFARA,BIRNIN MAGAJI,NASARAWA GODAL WEST,SHIYAR S. DIYA III/ MODEL PRIMARY SCHOOL,36/03/10/017,https://inec-cvr-cache.s3.eu-west-1.amazonaws.com/cached/results/673845/result_65149_1677514845_thumb.jpg,2023-02-28T21:39:17.141Z,true,https://raw.githubusercontent.com/mykeels/inec-presidential-elections-2023/master/results/37-zamfara\3865-birnin-magaji\26216-nasarawa-godal-west\polling-units.json
ZAMFARA,BIRNIN MAGAJI,NASARAWA GODAL WEST,SHIYAR S/DIYA    /   B/ GIDAN LIMAN,36/03/10/009,https://inec-cvr-cache.s3.eu-west-1.amazonaws.com/cached/results/117819/result_65141_1677605002_thumb.jpg,2023-02-28T17:24:06.297Z,false,https://raw.githubusercontent.com/mykeels/inec-presidential-elections-2023/master/results/37-zamfara\3865-birnin-magaji\26216-nasarawa-godal-west\polling-units.json
ZAMFARA,BIRNIN MAGAJI,NASARAWA GODAL WEST,TSAMAIKU     /   KOFAR MAGAJI,36/03/10/013,https://inec-cvr-cache.s3.eu-west-1.amazonaws.com/cached/results/117823/result_65145_1677606110_thumb.jpg,2023-02-28T17:42:09.593Z,false,https://raw.githubusercontent.com/mykeels/inec-presidential-elections-2023/master/results/37-zamfara\3865-birnin-magaji\26216-nasarawa-godal-west\polling-units.json
ZAMFARA,BUKKUYUM,ADABKA,ALKAMA / YAR INNUWA,36/04/01/003,https://docs.inecelectionresults.net/elections_prod/1292/state/1/lga/3866/ward/26217/pu/118926/118926-1677777949.pdf,2023-03-02T17:26:00.210Z,false,https://raw.githubusercontent.com/mykeels/inec-presidential-elections-2023/master/results/37-zamfara\3866-bukkuyum\26217-adabka\polling-units.json
ZAMFARA,BUKKUYUM,ADABKA,ALKAMA II/YAR GUSAU,36/04/01/021,https://docs.inecelectionresults.net/elections_prod/1292/state/1/lga/3866/ward/26217/pu/177801/177801-1677782213.pdf,2023-03-02T18:37:00.163Z,false,https://raw.githubusercontent.com/mykeels/inec-presidential-elections-2023/master/results/37-zamfara\3866-bukkuyum\26217-adabka\polling-units.json
ZAMFARA,BUKKUYUM,ADABKA,DADIN DUNIYA I / FAGE,36/04/01/010,https://docs.inecelectionresults.net/elections_prod/1292/state/1/lga/3866/ward/26217/pu/118933/118933-1677770124.pdf,2023-03-02T15:16:00.344Z,false,https://raw.githubusercontent.com/mykeels/inec-presidential-elections-2023/master/results/37-zamfara\3866-bukkuyum\26217-adabka\polling-units.json
ZAMFARA,BUKKUYUM,ADABKA,DADIN DUNIYA II    /  DOGON DAJI,36/04/01/011,https://docs.inecelectionresults.net/elections_prod/1292/state/1/lga/3866/ward/26217/pu/118934/118934-1677777318.pdf,2023-03-02T17:16:00.222Z,false,https://raw.githubusercontent.com/mykeels/inec-presidential-elections-2023/master/results/37-zamfara\3866-bukkuyum\26217-adabka\polling-units.json
ZAMFARA,BUKKUYUM,ADABKA,DOGON DAJI     /    GARKA HAKIMI,36/04/01/018,https://docs.inecelectionresults.net/elections_prod/1292/state/1/lga/3866/ward/26217/pu/118941/118941-1677776919.pdf,2023-03-02T17:09:00.310Z,false,https://raw.githubusercontent.com/mykeels/inec-presidential-elections-2023/master/results/37-zamfara\3866-bukkuyum\26217-adabka\polling-units.json
ZAMFARA,BUKKUYUM,ADABKA,DUHUWA   / PRIMARY SCHOOL,36/04/01/004,https://docs.inecelectionresults.net/elections_prod/1292/state/1/lga/3866/ward/26217/pu/118927/118927-1677770780.pdf,2023-03-02T15:27:00.254Z,false,https://raw.githubusercontent.com/mykeels/inec-presidential-elections-2023/master/results/37-zamfara\3866-bukkuyum\26217-adabka\polling-units.json
ZAMFARA,BUKKUYUM,ADABKA,DUHUWA II/PRI. SCHOOL,36/04/01/022,https://docs.inecelectionresults.net/elections_prod/1292/state/1/lga/3866/ward/26217/pu/177802/177802-1677776540.pdf,2023-03-02T17:03:01.374Z,true,https://raw.githubusercontent.com/mykeels/inec-presidential-elections-2023/master/results/37-zamfara\3866-bukkuyum\26217-adabka\polling-units.json
ZAMFARA,BUKKUYUM,ADABKA,FASAGORA    /   GARKA HAKIMI,36/04/01/012,https://docs.inecelectionresults.net/elections_prod/1292/state/1/lga/3866/ward/26217/pu/118935/118935-1677778505.pdf,2023-03-02T17:36:01.333Z,true,https://raw.githubusercontent.com/mykeels/inec-presidential-elections-2023/master/results/37-zamfara\3866-bukkuyum\26217-adabka\polling-units.json
ZAMFARA,BUKKUYUM,ADABKA,GANAR KIYAWA    /   KASUWA,36/04/01/008,https://docs.inecelectionresults.net/elections_prod/1292/state/1/lga/3866/ward/26217/pu/118931/118931-1677778126.pdf,2023-03-02T17:29:00.403Z,false,https://raw.githubusercontent.com/mykeels/inec-presidential-elections-2023/master/results/37-zamfara\3866-bukkuyum\26217-adabka\polling-units.json
ZAMFARA,BUKKUYUM,ADABKA,GARARA / GARKAR HAKIMI,36/04/01/006,https://docs.inecelectionresults.net/elections_prod/1292/state/1/lga/3866/ward/26217/pu/118929/118929-1677779367.pdf,2023-03-02T17:50:01.318Z,true,https://raw.githubusercontent.com/mykeels/inec-presidential-elections-2023/master/results/37-zamfara\3866-bukkuyum\26217-adabka\polling-units.json
ZAMFARA,BUKKUYUM,ADABKA,JARGABA   /    PRI. SCH,36/04/01/007,https://docs.inecelectionresults.net/elections_prod/1292/state/1/lga/3866/ward/26217/pu/118930/118930-1677756670.pdf,2023-03-02T11:32:00.136Z,false,https://raw.githubusercontent.com/mykeels/inec-presidential-elections-2023/master/results/37-zamfara\3866-bukkuyum\26217-adabka\polling-units.json
ZAMFARA,BUKKUYUM,ADABKA,KATAFANA / DAN FAGE,36/04/01/013,https://docs.inecelectionresults.net/elections_prod/1292/state/1/lga/3866/ward/26217/pu/118936/118936-1677778321.pdf,2023-03-02T17:33:00.144Z,false,https://raw.githubusercontent.com/mykeels/inec-presidential-elections-2023/master/results/37-zamfara\3866-bukkuyum\26217-adabka\polling-units.json
ZAMFARA,BUKKUYUM,ADABKA,KEMBANE     /   DOGON YARO,36/04/01/017,https://docs.inecelectionresults.net/elections_prod/1292/state/1/lga/3866/ward/26217/pu/118940/118940-1677781584.pdf,2023-03-02T18:27:00.233Z,false,https://raw.githubusercontent.com/mykeels/inec-presidential-elections-2023/master/results/37-zamfara\3866-bukkuyum\26217-adabka\polling-units.json
ZAMFARA,BUKKUYUM,ADABKA,MATUSGI    /  YAR KASUWA,36/04/01/005,https://docs.inecelectionresults.net/elections_prod/1292/state/1/lga/3866/ward/26217/pu/118928/118928-1677777111.pdf,2023-03-02T17:12:00.396Z,false,https://raw.githubusercontent.com/mykeels/inec-presidential-elections-2023/master/results/37-zamfara\3866-bukkuyum\26217-adabka\polling-units.json
ZAMFARA,BUKKUYUM,ADABKA,NATSIRA    /   YAR RUNFA,36/04/01/019,https://docs.inecelectionresults.net/elections_prod/1292/state/1/lga/3866/ward/26217/pu/118942/118942-1677778846.pdf,2023-03-02T17:41:00.353Z,false,https://raw.githubusercontent.com/mykeels/inec-presidential-elections-2023/master/results/37-zamfara\3866-bukkuyum\26217-adabka\polling-units.json
ZAMFARA,BUKKUYUM,ADABKA,"SHIYAR SARKI I, GARKA HAKIMI",36/04/01/001,https://docs.inecelectionresults.net/elections_prod/1292/state/1/lga/3866/ward/26217/pu/118924/118924-1677775556.pdf,2023-03-02T16:46:00.882Z,false,https://raw.githubusercontent.com/mykeels/inec-presidential-elections-2023/master/results/37-zamfara\3866-bukkuyum\26217-adabka\polling-units.json
ZAMFARA,BUKKUYUM,ADABKA,"SHIYAR SARKI II, PRIMARY SCHOOL",36/04/01/002,https://docs.inecelectionresults.net/elections_prod/1292/state/1/lga/3866/ward/26217/pu/118925/118925-1677778670.pdf,2023-03-02T17:38:00.176Z,false,https://raw.githubusercontent.com/mykeels/inec-presidential-elections-2023/master/results/37-zamfara\3866-bukkuyum\26217-adabka\polling-units.json
ZAMFARA,BUKKUYUM,ADABKA,SHIYAR SARKI III/SABON GARI,36/04/01/020,https://docs.inecelectionresults.net/elections_prod/1292/state/1/lga/3866/ward/26217/pu/177800/177800-1677770362.pdf,2023-03-02T15:20:00.245Z,false,https://raw.githubusercontent.com/mykeels/inec-presidential-elections-2023/master/results/37-zamfara\3866-bukkuyum\26217-adabka\polling-units.json
ZAMFARA,BUKKUYUM,ADABKA,TIBIS     /  GARKA HAKIMI,36/04/01/009,https://docs.inecelectionresults.net/elections_prod/1292/state/1/lga/3866/ward/26217/pu/118932/118932-1677769863.pdf,2023-03-02T15:12:01.307Z,true,https://raw.githubusercontent.com/mykeels/inec-presidential-elections-2023/master/results/37-zamfara\3866-bukkuyum\26217-adabka\polling-units.json
ZAMFARA,BUKKUYUM,ADABKA,YAR KUSA  /   GARKA HAKIMI,36/04/01/015,https://docs.inecelectionresults.net/elections_prod/1292/state/1/lga/3866/ward/26217/pu/118938/118938-1677779056.pdf,2023-03-02T17:45:00.354Z,false,https://raw.githubusercontent.com/mykeels/inec-presidential-elections-2023/master/results/37-zamfara\3866-bukkuyum\26217-adabka\polling-units.json
ZAMFARA,BUKKUYUM,ADABKA,YAR TASHA    /    DAN BEDI,36/04/01/014,https://docs.inecelectionresults.net/elections_prod/1292/state/1/lga/3866/ward/26217/pu/118937/118937-1677770982.pdf,2023-03-02T15:30:00.408Z,false,https://raw.githubusercontent.com/mykeels/inec-presidential-elections-2023/master/results/37-zamfara\3866-bukkuyum\26217-adabka\polling-units.json
ZAMFARA,BUKKUYUM,ADABKA,ZUNGURA    /   HILI,36/04/01/016,https://docs.inecelectionresults.net/elections_prod/1292/state/1/lga/3866/ward/26217/pu/118939/118939-1677760743.pdf,2023-03-02T12:40:01.392Z,true,https://raw.githubusercontent.com/mykeels/inec-presidential-elections-2023/master/results/37-zamfara\3866-bukkuyum\26217-adabka\polling-units.json
ZAMFARA,BUKKUYUM,BUKKUYUM,BUKKUYUM I    /   PRIMARY SCHOOL,36/04/02/004,https://docs.inecelectionresults.net/elections_prod/1292/state/1/lga/3866/ward/26218/pu/118946/118946-1677756598.pdf,2023-03-02T11:31:01.338Z,true,https://raw.githubusercontent.com/mykeels/inec-presidential-elections-2023/master/results/37-zamfara\3866-bukkuyum\26218-bukkuyum\polling-units.json
ZAMFARA,BUKKUYUM,BUKKUYUM,BUKKUYUM II     /    GARKAR HAKIMI,36/04/02/018,https://docs.inecelectionresults.net/elections_prod/1292/state/01/lga/04/ward/02/pu/018/018-1677378492.pdf,2023-02-26T02:29:00.812Z,false,https://raw.githubusercontent.com/mykeels/inec-presidential-elections-2023/master/results/37-zamfara\3866-bukkuyum\26218-bukkuyum\polling-units.json
ZAMFARA,BUKKUYUM,BUKKUYUM,BUKKUYUM III/PRIMARY SCHOOL,36/04/02/022,https://docs.inecelectionresults.net/elections_prod/1292/state/01/lga/04/ward/02/pu/022/022-1677372202.pdf,2023-02-26T00:44:00.827Z,false,https://raw.githubusercontent.com/mykeels/inec-presidential-elections-2023/master/results/37-zamfara\3866-bukkuyum\26218-bukkuyum\polling-units.json
ZAMFARA,BUKKUYUM,BUKKUYUM,BUKKUYUM IV/PRIMARY SCHOOL,36/04/02/023,https://docs.inecelectionresults.net/elections_prod/1292/state/1/lga/3866/ward/26218/pu/177807/177807-1677756401.pdf,2023-03-02T11:27:00.328Z,false,https://raw.githubusercontent.com/mykeels/inec-presidential-elections-2023/master/results/37-zamfara\3866-bukkuyum\26218-bukkuyum\polling-units.json
ZAMFARA,BUKKUYUM,BUKKUYUM,BUKKUYUM V/FOCAL PRI. SCH.,36/04/02/026,https://docs.inecelectionresults.net/elections_prod/1292/state/1/lga/3866/ward/26218/pu/177810/177810-1677756852.pdf,2023-03-02T11:35:00.420Z,false,https://raw.githubusercontent.com/mykeels/inec-presidential-elections-2023/master/results/37-zamfara\3866-bukkuyum\26218-bukkuyum\polling-units.json
ZAMFARA,BUKKUYUM,BUKKUYUM,BUZUZU     /  GARKAR ABU,36/04/02/012,https://docs.inecelectionresults.net/elections_prod/1292/state/01/lga/04/ward/02/pu/012/012-1677372104.pdf,2023-02-26T00:42:04.134Z,false,https://raw.githubusercontent.com/mykeels/inec-presidential-elections-2023/master/results/37-zamfara\3866-bukkuyum\26218-bukkuyum\polling-units.json
ZAMFARA,BUKKUYUM,BUKKUYUM,GIDAN GARBE    /    YARKUKA,36/04/02/014,https://docs.inecelectionresults.net/elections_prod/1292/state/01/lga/04/ward/02/pu/014/014-1677368944.pdf,2023-02-25T23:50:01.214Z,false,https://raw.githubusercontent.com/mykeels/inec-presidential-elections-2023/master/results/37-zamfara\3866-bukkuyum\26218-bukkuyum\polling-units.json
ZAMFARA,BUKKUYUM,BUKKUYUM,GODAI    /   DOGONYARO,36/04/02/009,https://docs.inecelectionresults.net/elections_prod/1292/state/01/lga/04/ward/02/pu/009/009-1677372490.pdf,2023-02-26T00:49:00.745Z,false,https://raw.githubusercontent.com/mykeels/inec-presidential-elections-2023/master/results/37-zamfara\3866-bukkuyum\26218-bukkuyum\polling-units.json
ZAMFARA,BUKKUYUM,BUKKUYUM,JAUGA     /   GARKAR AUDU ARNA,36/04/02/017,https://docs.inecelectionresults.net/elections_prod/1292/state/01/lga/04/ward/02/pu/017/017-1677372019.pdf,2023-02-26T00:42:01.198Z,false,https://raw.githubusercontent.com/mykeels/inec-presidential-elections-2023/master/results/37-zamfara\3866-bukkuyum\26218-bukkuyum\polling-units.json
ZAMFARA,BUKKUYUM,BUKKUYUM,MASU I    /   PRIMARY SCHOOL,36/04/02/006,https://docs.inecelectionresults.net/elections_prod/1292/state/01/lga/04/ward/02/pu/006/006-1677370273.pdf,2023-02-26T00:12:01.198Z,false,https://raw.githubusercontent.com/mykeels/inec-presidential-elections-2023/master/results/37-zamfara\3866-bukkuyum\26218-bukkuyum\polling-units.json
ZAMFARA,BUKKUYUM,BUKKUYUM,MASU II     /  YAR INUWA,36/04/02/007,https://docs.inecelectionresults.net/elections_prod/1292/state/1/lga/3866/ward/26218/pu/118949/118949-1677706227.pdf,2023-03-01T21:31:00.270Z,false,https://raw.githubusercontent.com/mykeels/inec-presidential-elections-2023/master/results/37-zamfara\3866-bukkuyum\26218-bukkuyum\polling-units.json
ZAMFARA,BUKKUYUM,BUKKUYUM,RAYAU     /  PRIMARY SCHOOL,36/04/02/010,https://docs.inecelectionresults.net/elections_prod/1292/state/01/lga/04/ward/02/pu/010/010-1677378731.pdf,2023-02-26T02:33:00.640Z,false,https://raw.githubusercontent.com/mykeels/inec-presidential-elections-2023/master/results/37-zamfara\3866-bukkuyum\26218-bukkuyum\polling-units.json
ZAMFARA,BUKKUYUM,BUKKUYUM,SADAWA     /  YARMARECE,36/04/02/008,https://docs.inecelectionresults.net/elections_prod/1292/state/01/lga/04/ward/02/pu/008/008-1677369431.pdf,2023-02-25T23:58:00.573Z,false,https://raw.githubusercontent.com/mykeels/inec-presidential-elections-2023/master/results/37-zamfara\3866-bukkuyum\26218-bukkuyum\polling-units.json
ZAMFARA,BUKKUYUM,BUKKUYUM,SHIYAR GALADIMA   /   DAN BEDI,36/04/02/001,https://inec-cvr-cache.s3.eu-west-1.amazonaws.com/cached/results/117843/result_65175_1677694253_thumb.jpg,2023-03-01T18:11:02.874Z,false,https://raw.githubusercontent.com/mykeels/inec-presidential-elections-2023/master/results/37-zamfara\3866-bukkuyum\26218-bukkuyum\polling-units.json
ZAMFARA,BUKKUYUM,BUKKUYUM,SHIYAR GALADIMA II/ PRIMARY SCHOOL,36/04/02/019,https://docs.inecelectionresults.net/elections_prod/1292/state/01/lga/04/ward/02/pu/019/019-1677369079.pdf,2023-02-25T23:52:01.545Z,false,https://raw.githubusercontent.com/mykeels/inec-presidential-elections-2023/master/results/37-zamfara\3866-bukkuyum\26218-bukkuyum\polling-units.json
ZAMFARA,BUKKUYUM,BUKKUYUM,SHIYAR MAGAJI I   /  MAHADA,36/04/02/003,https://docs.inecelectionresults.net/elections_prod/1292/state/01/lga/04/ward/02/pu/003/003-1677379499.pdf,2023-02-26T02:45:59.646Z,false,https://raw.githubusercontent.com/mykeels/inec-presidential-elections-2023/master/results/37-zamfara\3866-bukkuyum\26218-bukkuyum\polling-units.json
ZAMFARA,BUKKUYUM,BUKKUYUM,SHIYAR MAGAJI II   /  PRIMARY SCHOOL,36/04/02/005,https://docs.inecelectionresults.net/elections_prod/1292/state/01/lga/04/ward/02/pu/005/005-1677369833.pdf,2023-02-26T00:04:02.191Z,false,https://raw.githubusercontent.com/mykeels/inec-presidential-elections-2023/master/results/37-zamfara\3866-bukkuyum\26218-bukkuyum\polling-units.json
ZAMFARA,BUKKUYUM,BUKKUYUM,SHIYAR MAGAJI III/ BORE HOLE,36/04/02/021,https://docs.inecelectionresults.net/elections_prod/1292/state/1/lga/3866/ward/26218/pu/177805/177805-1677703434.pdf,2023-03-01T20:44:00.132Z,false,https://raw.githubusercontent.com/mykeels/inec-presidential-elections-2023/master/results/37-zamfara\3866-bukkuyum\26218-bukkuyum\polling-units.json
ZAMFARA,BUKKUYUM,BUKKUYUM,SHIYAR UBAN DAWAKI   /   WOMEN CENTRE,36/04/02/002,https://docs.inecelectionresults.net/elections_prod/1292/state/1/lga/3866/ward/26218/pu/118944/118944-1677706459.pdf,2023-03-01T21:35:00.289Z,true,https://raw.githubusercontent.com/mykeels/inec-presidential-elections-2023/master/results/37-zamfara\3866-bukkuyum\26218-bukkuyum\polling-units.json
ZAMFARA,BUKKUYUM,BUKKUYUM,SHIYAR UBAN DAWAKI II /WOMEN CENTER,36/04/02/020,https://docs.inecelectionresults.net/elections_prod/1292/state/01/lga/04/ward/02/pu/020/020-1677371204.pdf,2023-02-26T00:27:01.675Z,false,https://raw.githubusercontent.com/mykeels/inec-presidential-elections-2023/master/results/37-zamfara\3866-bukkuyum\26218-bukkuyum\polling-units.json
ZAMFARA,BUKKUYUM,BUKKUYUM,SHYAR MAGAJI III/GENERAL HOSPITAL,36/04/02/024,https://docs.inecelectionresults.net/elections_prod/1292/state/01/lga/04/ward/02/pu/024/024-1677368110.pdf,2023-02-25T23:36:00.934Z,false,https://raw.githubusercontent.com/mykeels/inec-presidential-elections-2023/master/results/37-zamfara\3866-bukkuyum\26218-bukkuyum\polling-units.json
ZAMFARA,BUKKUYUM,BUKKUYUM,SHYAR MAGAJI IV/GENERAL HOSPITAL,36/04/02/025,https://docs.inecelectionresults.net/elections_prod/1292/state/1/lga/3866/ward/26218/pu/177809/177809-1677756722.pdf,2023-03-02T11:33:00.313Z,false,https://raw.githubusercontent.com/mykeels/inec-presidential-elections-2023/master/results/37-zamfara\3866-bukkuyum\26218-bukkuyum\polling-units.json
ZAMFARA,BUKKUYUM,BUKKUYUM,SOLLI I    /   YAR TSAMIYA,36/04/02/011,https://docs.inecelectionresults.net/elections_prod/1292/state/01/lga/04/ward/02/pu/011/011-1677381167.pdf,2023-02-26T03:13:01.040Z,false,https://raw.githubusercontent.com/mykeels/inec-presidential-elections-2023/master/results/37-zamfara\3866-bukkuyum\26218-bukkuyum\polling-units.json
ZAMFARA,BUKKUYUM,BUKKUYUM,SOLLI II    /  MAZAUNA,36/04/02/015,https://docs.inecelectionresults.net/elections_prod/1292/state/1/lga/3866/ward/26218/pu/118957/118957-1677706798.pdf,2023-03-01T21:41:01.326Z,true,https://raw.githubusercontent.com/mykeels/inec-presidential-elections-2023/master/results/37-zamfara\3866-bukkuyum\26218-bukkuyum\polling-units.json
ZAMFARA,BUKKUYUM,BUKKUYUM,TSILLI GIDI      /  MASAKA,36/04/02/016,https://docs.inecelectionresults.net/elections_prod/1292/state/1/lga/3866/ward/26218/pu/118958/118958-1677707153.pdf,2023-03-01T21:46:00.196Z,false,https://raw.githubusercontent.com/mykeels/inec-presidential-elections-2023/master/results/37-zamfara\3866-bukkuyum\26218-bukkuyum\polling-units.json
ZAMFARA,BUKKUYUM,BUKKUYUM,TUDUN-GANDU     /  INWALA,36/04/02/013,https://docs.inecelectionresults.net/elections_prod/1292/state/1/lga/3866/ward/26218/pu/118955/118955-1677710274.pdf,2023-03-01T22:38:00.343Z,false,https://raw.githubusercontent.com/mykeels/inec-presidential-elections-2023/master/results/37-zamfara\3866-bukkuyum\26218-bukkuyum\polling-units.json
ZAMFARA,BUKKUYUM,GWASHI,AKAWO I / PRIMARY SCHOOL,36/04/03/003,https://docs.inecelectionresults.net/elections_prod/1292/state/1/lga/3866/ward/26219/pu/118963/118963-1677756922.pdf,2023-03-02T11:36:00.262Z,false,https://raw.githubusercontent.com/mykeels/inec-presidential-elections-2023/master/results/37-zamfara\3866-bukkuyum\26219-gwashi\polling-units.json
ZAMFARA,BUKKUYUM,GWASHI,AKAWO II / YAR INUWA,36/04/03/013,https://docs.inecelectionresults.net/elections_prod/1292/state/1/lga/3866/ward/26219/pu/118973/118973-1677754605.pdf,2023-03-02T10:57:00.248Z,false,https://raw.githubusercontent.com/mykeels/inec-presidential-elections-2023/master/results/37-zamfara\3866-bukkuyum\26219-gwashi\polling-units.json
ZAMFARA,BUKKUYUM,GWASHI,BARUBA / YARCEDIYA,36/04/03/009,https://docs.inecelectionresults.net/elections_prod/1292/state/1/lga/3866/ward/26219/pu/118969/118969-1677760285.pdf,2023-03-02T12:32:00.265Z,false,https://raw.githubusercontent.com/mykeels/inec-presidential-elections-2023/master/results/37-zamfara\3866-bukkuyum\26219-gwashi\polling-units.json
ZAMFARA,BUKKUYUM,GWASHI,BATAN WARKA I  /  HILI,36/04/03/016,https://docs.inecelectionresults.net/elections_prod/1292/state/1/lga/3866/ward/26219/pu/118976/118976-1677762181.pdf,2023-03-02T13:04:01.378Z,true,https://raw.githubusercontent.com/mykeels/inec-presidential-elections-2023/master/results/37-zamfara\3866-bukkuyum\26219-gwashi\polling-units.json
ZAMFARA,BUKKUYUM,GWASHI,BATAN WARKA II / DAN HILI,36/04/03/018,https://docs.inecelectionresults.net/elections_prod/1292/state/1/lga/3866/ward/26219/pu/118978/118978-1677762652.pdf,2023-03-02T13:11:00.702Z,false,https://raw.githubusercontent.com/mykeels/inec-presidential-elections-2023/master/results/37-zamfara\3866-bukkuyum\26219-gwashi\polling-units.json
ZAMFARA,BUKKUYUM,GWASHI,DALAS / KASUWAR DARE,36/04/03/005,https://docs.inecelectionresults.net/elections_prod/1292/state/1/lga/3866/ward/26219/pu/118965/118965-1677757546.pdf,2023-03-02T11:46:00.319Z,false,https://raw.githubusercontent.com/mykeels/inec-presidential-elections-2023/master/results/37-zamfara\3866-bukkuyum\26219-gwashi\polling-units.json
ZAMFARA,BUKKUYUM,GWASHI,DUMA / MAZAUNA,36/04/03/010,https://docs.inecelectionresults.net/elections_prod/1292/state/1/lga/3866/ward/26219/pu/118970/118970-1677760528.pdf,2023-03-02T12:36:00.224Z,false,https://raw.githubusercontent.com/mykeels/inec-presidential-elections-2023/master/results/37-zamfara\3866-bukkuyum\26219-gwashi\polling-units.json
ZAMFARA,BUKKUYUM,GWASHI,GANDO / PRIMARY SCHOOL,36/04/03/007,https://docs.inecelectionresults.net/elections_prod/1292/state/1/lga/3866/ward/26219/pu/118967/118967-1677760125.pdf,2023-03-02T12:29:00.343Z,false,https://raw.githubusercontent.com/mykeels/inec-presidential-elections-2023/master/results/37-zamfara\3866-bukkuyum\26219-gwashi\polling-units.json
ZAMFARA,BUKKUYUM,GWASHI,GANDO II/ PRI. SCHOOL,36/04/03/024,https://docs.inecelectionresults.net/elections_prod/1292/state/1/lga/3866/ward/26219/pu/177811/177811-1677764099.pdf,2023-03-02T13:36:01.271Z,true,https://raw.githubusercontent.com/mykeels/inec-presidential-elections-2023/master/results/37-zamfara\3866-bukkuyum\26219-gwashi\polling-units.json
ZAMFARA,BUKKUYUM,GWASHI,GWASHI I  /  PRIMARY SCHOOL,36/04/03/001,https://docs.inecelectionresults.net/elections_prod/1292/state/1/lga/3866/ward/26219/pu/118961/118961-1677756100.pdf,2023-03-02T11:22:00.201Z,false,https://raw.githubusercontent.com/mykeels/inec-presidential-elections-2023/master/results/37-zamfara\3866-bukkuyum\26219-gwashi\polling-units.json
ZAMFARA,BUKKUYUM,GWASHI,GWASHI II  /  TOWNSHIP,36/04/03/002,https://docs.inecelectionresults.net/elections_prod/1292/state/1/lga/3866/ward/26219/pu/118962/118962-1677756557.pdf,2023-03-02T11:30:01.298Z,true,https://raw.githubusercontent.com/mykeels/inec-presidential-elections-2023/master/results/37-zamfara\3866-bukkuyum\26219-gwashi\polling-units.json
ZAMFARA,BUKKUYUM,GWASHI,KARARE / CENTRE,36/04/03/020,https://docs.inecelectionresults.net/elections_prod/1292/state/1/lga/3866/ward/26219/pu/118980/118980-1677762890.pdf,2023-03-02T13:15:00.285Z,false,https://raw.githubusercontent.com/mykeels/inec-presidential-elections-2023/master/results/37-zamfara\3866-bukkuyum\26219-gwashi\polling-units.json
ZAMFARA,BUKKUYUM,GWASHI,KATSALLE / KASUWAR RANA,36/04/03/015,https://docs.inecelectionresults.net/elections_prod/1292/state/1/lga/3866/ward/26219/pu/118975/118975-1677761944.pdf,2023-03-02T13:00:01.309Z,true,https://raw.githubusercontent.com/mykeels/inec-presidential-elections-2023/master/results/37-zamfara\3866-bukkuyum\26219-gwashi\polling-units.json
ZAMFARA,BUKKUYUM,GWASHI,KAYAN BAGO / YAR KASUWA,36/04/03/014,https://docs.inecelectionresults.net/elections_prod/1292/state/1/lga/3866/ward/26219/pu/118974/118974-1677761211.pdf,2023-03-02T12:47:00.561Z,false,https://raw.githubusercontent.com/mykeels/inec-presidential-elections-2023/master/results/37-zamfara\3866-bukkuyum\26219-gwashi\polling-units.json
ZAMFARA,BUKKUYUM,GWASHI,KOREN MAGAJI / MAHADA,36/04/03/004,https://docs.inecelectionresults.net/elections_prod/1292/state/1/lga/3866/ward/26219/pu/118964/118964-1677757274.pdf,2023-03-02T11:42:00.320Z,false,https://raw.githubusercontent.com/mykeels/inec-presidential-elections-2023/master/results/37-zamfara\3866-bukkuyum\26219-gwashi\polling-units.json
ZAMFARA,BUKKUYUM,GWASHI,LOKOJA / GARKA GARBA,36/04/03/017,https://docs.inecelectionresults.net/elections_prod/1292/state/1/lga/3866/ward/26219/pu/118977/118977-1677762406.pdf,2023-03-02T13:07:00.164Z,false,https://raw.githubusercontent.com/mykeels/inec-presidential-elections-2023/master/results/37-zamfara\3866-bukkuyum\26219-gwashi\polling-units.json
ZAMFARA,BUKKUYUM,GWASHI,MAIRAIRAI  / DANBEDI,36/04/03/008,https://docs.inecelectionresults.net/elections_prod/1292/state/1/lga/3866/ward/26219/pu/118968/118968-1677767771.pdf,2023-03-02T14:37:00.179Z,false,https://raw.githubusercontent.com/mykeels/inec-presidential-elections-2023/master/results/37-zamfara\3866-bukkuyum\26219-gwashi\polling-units.json
ZAMFARA,BUKKUYUM,GWASHI,MASHAGWADO / YAR KASUWA,36/04/03/019,https://docs.inecelectionresults.net/elections_prod/1292/state/1/lga/3866/ward/26219/pu/118979/118979-1677753750.pdf,2023-03-02T10:43:00.280Z,false,https://raw.githubusercontent.com/mykeels/inec-presidential-elections-2023/master/results/37-zamfara\3866-bukkuyum\26219-gwashi\polling-units.json
ZAMFARA,BUKKUYUM,GWASHI,MAZARORA / DANHILI,36/04/03/006,https://docs.inecelectionresults.net/elections_prod/1292/state/1/lga/3866/ward/26219/pu/118966/118966-1677758559.pdf,2023-03-02T12:03:00.641Z,false,https://raw.githubusercontent.com/mykeels/inec-presidential-elections-2023/master/results/37-zamfara\3866-bukkuyum\26219-gwashi\polling-units.json
ZAMFARA,BUKKUYUM,GWASHI,MUKUNAWA DUTSI / YAR INNUWA,36/04/03/021,https://docs.inecelectionresults.net/elections_prod/1292/state/1/lga/3866/ward/26219/pu/118981/118981-1677763297.pdf,2023-03-02T13:22:00.277Z,false,https://raw.githubusercontent.com/mykeels/inec-presidential-elections-2023/master/results/37-zamfara\3866-bukkuyum\26219-gwashi\polling-units.json
ZAMFARA,BUKKUYUM,GWASHI,RUGAR BABA  / DOGON YARO,36/04/03/011,https://docs.inecelectionresults.net/elections_prod/1292/state/1/lga/3866/ward/26219/pu/118971/118971-1677760783.pdf,2023-03-02T12:40:00.242Z,false,https://raw.githubusercontent.com/mykeels/inec-presidential-elections-2023/master/results/37-zamfara\3866-bukkuyum\26219-gwashi\polling-units.json
ZAMFARA,BUKKUYUM,GWASHI,TUNGAR -ZABO / YAR ZABUWA,36/04/03/023,https://docs.inecelectionresults.net/elections_prod/1292/state/1/lga/3866/ward/26219/pu/118983/118983-1677763837.pdf,2023-03-02T13:31:00.462Z,false,https://raw.githubusercontent.com/mykeels/inec-presidential-elections-2023/master/results/37-zamfara\3866-bukkuyum\26219-gwashi\polling-units.json
ZAMFARA,BUKKUYUM,GWASHI,TUNGAR YARA / MAI YARA,36/04/03/022,https://docs.inecelectionresults.net/elections_prod/1292/state/1/lga/3866/ward/26219/pu/118982/118982-1677763582.pdf,2023-03-02T13:27:01.375Z,true,https://raw.githubusercontent.com/mykeels/inec-presidential-elections-2023/master/results/37-zamfara\3866-bukkuyum\26219-gwashi\polling-units.json
ZAMFARA,BUKKUYUM,GWASHI,YAR KANKI    /  WURIN HIRA,36/04/03/012,https://docs.inecelectionresults.net/elections_prod/1292/state/1/lga/3866/ward/26219/pu/118972/118972-1677768945.pdf,2023-03-02T14:56:00.399Z,false,https://raw.githubusercontent.com/mykeels/inec-presidential-elections-2023/master/results/37-zamfara\3866-bukkuyum\26219-gwashi\polling-units.json
ZAMFARA,BUKKUYUM,KYARAM,BALHI /  HILIN WASA,36/04/04/008,https://docs.inecelectionresults.net/elections_prod/1292/state/1/lga/3866/ward/26220/pu/118991/118991-1677693256.pdf,2023-03-01T17:55:00.230Z,false,https://raw.githubusercontent.com/mykeels/inec-presidential-elections-2023/master/results/37-zamfara\3866-bukkuyum\26220-kyaram\polling-units.json
ZAMFARA,BUKKUYUM,KYARAM,GAYAWA /  KWAKWARA,36/04/04/015,https://docs.inecelectionresults.net/elections_prod/1292/state/1/lga/3866/ward/26220/pu/118998/118998-1677701235.pdf,2023-03-01T20:08:01.313Z,true,https://raw.githubusercontent.com/mykeels/inec-presidential-elections-2023/master/results/37-zamfara\3866-bukkuyum\26220-kyaram\polling-units.json
ZAMFARA,BUKKUYUM,KYARAM,GIDAN / GUNTA / DAN GUNTA,36/04/04/016,https://docs.inecelectionresults.net/elections_prod/1292/state/1/lga/3866/ward/26220/pu/118999/118999-1677701838.pdf,2023-03-01T20:18:01.273Z,true,https://raw.githubusercontent.com/mykeels/inec-presidential-elections-2023/master/results/37-zamfara\3866-bukkuyum\26220-kyaram\polling-units.json
ZAMFARA,BUKKUYUM,KYARAM,KADO / YAR RUNFA,36/04/04/007,https://docs.inecelectionresults.net/elections_prod/1292/state/1/lga/3866/ward/26220/pu/118990/118990-1677710538.pdf,2023-03-01T22:43:00.314Z,false,https://raw.githubusercontent.com/mykeels/inec-presidential-elections-2023/master/results/37-zamfara\3866-bukkuyum\26220-kyaram\polling-units.json
ZAMFARA,BUKKUYUM,KYARAM,KAIRU I / PRIMARY SCHOL,36/04/04/004,https://docs.inecelectionresults.net/elections_prod/1292/state/1/lga/3866/ward/26220/pu/118987/118987-1677702336.pdf,2023-03-01T20:26:01.313Z,true,https://raw.githubusercontent.com/mykeels/inec-presidential-elections-2023/master/results/37-zamfara\3866-bukkuyum\26220-kyaram\polling-units.json
ZAMFARA,BUKKUYUM,KYARAM,KAIRU II / DAN FAGE,36/04/04/005,https://docs.inecelectionresults.net/elections_prod/1292/state/1/lga/3866/ward/26220/pu/118988/118988-1677704078.pdf,2023-03-01T20:55:00.166Z,false,https://raw.githubusercontent.com/mykeels/inec-presidential-elections-2023/master/results/37-zamfara\3866-bukkuyum\26220-kyaram\polling-units.json
ZAMFARA,BUKKUYUM,KYARAM,KAIRU III/DISPENSARY,36/04/04/018,https://docs.inecelectionresults.net/elections_prod/1292/state/1/lga/3866/ward/26220/pu/177812/177812-1677706452.pdf,2023-03-01T21:35:00.206Z,false,https://raw.githubusercontent.com/mykeels/inec-presidential-elections-2023/master/results/37-zamfara\3866-bukkuyum\26220-kyaram\polling-units.json
ZAMFARA,BUKKUYUM,KYARAM,KYARAM / PRIMARY SCHOOL,36/04/04/001,https://docs.inecelectionresults.net/elections_prod/1292/state/1/lga/3866/ward/26220/pu/118984/118984-1677704494.pdf,2023-03-01T21:02:00.147Z,false,https://raw.githubusercontent.com/mykeels/inec-presidential-elections-2023/master/results/37-zamfara\3866-bukkuyum\26220-kyaram\polling-units.json
ZAMFARA,BUKKUYUM,KYARAM,NANNARI / PRIMARY SCHOOL,36/04/04/003,https://docs.inecelectionresults.net/elections_prod/1292/state/1/lga/3866/ward/26220/pu/118986/118986-1677705722.pdf,2023-03-01T21:23:00.082Z,false,https://raw.githubusercontent.com/mykeels/inec-presidential-elections-2023/master/results/37-zamfara\3866-bukkuyum\26220-kyaram\polling-units.json
ZAMFARA,BUKKUYUM,KYARAM,RAKIMU / PRIMARY SCHOOL,36/04/04/010,https://docs.inecelectionresults.net/elections_prod/1292/state/1/lga/3866/ward/26220/pu/118993/118993-1677689449.pdf,2023-03-01T16:51:00.679Z,true,https://raw.githubusercontent.com/mykeels/inec-presidential-elections-2023/master/results/37-zamfara\3866-bukkuyum\26220-kyaram\polling-units.json
ZAMFARA,BUKKUYUM,KYARAM,RAKIMU II /PRIMARY SCHOOL,36/04/04/019,https://docs.inecelectionresults.net/elections_prod/1292/state/1/lga/3866/ward/26220/pu/177813/177813-1677707356.pdf,2023-03-01T21:50:00.109Z,false,https://raw.githubusercontent.com/mykeels/inec-presidential-elections-2023/master/results/37-zamfara\3866-bukkuyum\26220-kyaram\polling-units.json
ZAMFARA,BUKKUYUM,KYARAM,RUWAN KURA / YAR KURA,36/04/04/002,https://docs.inecelectionresults.net/elections_prod/1292/state/1/lga/3866/ward/26220/pu/118985/118985-1677704894.pdf,2023-03-01T21:09:00.247Z,false,https://raw.githubusercontent.com/mykeels/inec-presidential-elections-2023/master/results/37-zamfara\3866-bukkuyum\26220-kyaram\polling-units.json
ZAMFARA,BUKKUYUM,KYARAM,TAKALAFIYA / MAILAFIYA,36/04/04/006,https://docs.inecelectionresults.net/elections_prod/1292/state/1/lga/3866/ward/26220/pu/118989/118989-1677700681.pdf,2023-03-01T19:59:01.462Z,true,https://raw.githubusercontent.com/mykeels/inec-presidential-elections-2023/master/results/37-zamfara\3866-bukkuyum\26220-kyaram\polling-units.json
ZAMFARA,BUKKUYUM,KYARAM,TUNGAR MAIRAKUMI / RAKUMMAI,36/04/04/009,https://docs.inecelectionresults.net/elections_prod/1292/state/1/lga/3866/ward/26220/pu/118992/118992-1677708437.pdf,2023-03-01T22:09:00.142Z,false,https://raw.githubusercontent.com/mykeels/inec-presidential-elections-2023/master/results/37-zamfara\3866-bukkuyum\26220-kyaram\polling-units.json
ZAMFARA,BUKKUYUM,KYARAM,ULI / DAN ULI,36/04/04/017,https://docs.inecelectionresults.net/elections_prod/1292/state/1/lga/3866/ward/26220/pu/119000/119000-1677706068.pdf,2023-03-01T21:28:01.319Z,true,https://raw.githubusercontent.com/mykeels/inec-presidential-elections-2023/master/results/37-zamfara\3866-bukkuyum\26220-kyaram\polling-units.json
ZAMFARA,BUKKUYUM,KYARAM,WAWAN ICCEN IBRAN / YAN ITACE,36/04/04/011,https://docs.inecelectionresults.net/elections_prod/1292/state/1/lga/3866/ward/26220/pu/118994/118994-1677692495.pdf,2023-03-01T17:43:00.281Z,false,https://raw.githubusercontent.com/mykeels/inec-presidential-elections-2023/master/results/37-zamfara\3866-bukkuyum\26220-kyaram\polling-units.json
ZAMFARA,BUKKUYUM,KYARAM,WAWAN ICCEN SALIHU / GARKA SALIHU,36/04/04/014,https://docs.inecelectionresults.net/elections_prod/1292/state/1/lga/3866/ward/26220/pu/118997/118997-1677693887.pdf,2023-03-01T18:05:00.353Z,false,https://raw.githubusercontent.com/mykeels/inec-presidential-elections-2023/master/results/37-zamfara\3866-bukkuyum\26220-kyaram\polling-units.json
ZAMFARA,BUKKUYUM,KYARAM,ZUGA I / PRIMARY SCHOOL,36/04/04/012,https://docs.inecelectionresults.net/elections_prod/1292/state/1/lga/3866/ward/26220/pu/118995/118995-1677694438.pdf,2023-03-01T18:15:00.122Z,false,https://raw.githubusercontent.com/mykeels/inec-presidential-elections-2023/master/results/37-zamfara\3866-bukkuyum\26220-kyaram\polling-units.json
ZAMFARA,BUKKUYUM,KYARAM,ZUGA II /   MAZUGA,36/04/04/013,https://docs.inecelectionresults.net/elections_prod/1292/state/1/lga/3866/ward/26220/pu/118996/118996-1677698081.pdf,2023-03-01T19:15:00.220Z,false,https://raw.githubusercontent.com/mykeels/inec-presidential-elections-2023/master/results/37-zamfara\3866-bukkuyum\26220-kyaram\polling-units.json
ZAMFARA,BUKKUYUM,KYARAM,ZUGA III/PRIMARY SCHOL,36/04/04/020,https://docs.inecelectionresults.net/elections_prod/1292/state/1/lga/3866/ward/26220/pu/177814/177814-1677707811.pdf,2023-03-01T21:57:00.661Z,false,https://raw.githubusercontent.com/mykeels/inec-presidential-elections-2023/master/results/37-zamfara\3866-bukkuyum\26220-kyaram\polling-units.json
ZAMFARA,BUKKUYUM,KYARAM,ZUGA IV/KWAYI,36/04/04/021,https://docs.inecelectionresults.net/elections_prod/1292/state/1/lga/3866/ward/26220/pu/177815/177815-1677706827.pdf,2023-03-01T21:41:00.175Z,false,https://raw.githubusercontent.com/mykeels/inec-presidential-elections-2023/master/results/37-zamfara\3866-bukkuyum\26220-kyaram\polling-units.json
ZAMFARA,BUKKUYUM,MASAMA,KASARA/SHIYAR KASARAWA,36/04/05/002,https://docs.inecelectionresults.net/elections_prod/1292/state/1/lga/3866/ward/26221/pu/119002/119002-1677690597.pdf,2023-03-01T17:10:00.737Z,false,https://raw.githubusercontent.com/mykeels/inec-presidential-elections-2023/master/results/37-zamfara\3866-bukkuyum\26221-masama\polling-units.json
ZAMFARA,BUKKUYUM,MASAMA,KASARAWA II/YAMMA,36/04/05/009,https://docs.inecelectionresults.net/elections_prod/1292/state/1/lga/3866/ward/26221/pu/177817/177817-1677689910.pdf,2023-03-01T16:59:00.340Z,false,https://raw.githubusercontent.com/mykeels/inec-presidential-elections-2023/master/results/37-zamfara\3866-bukkuyum\26221-masama\polling-units.json
ZAMFARA,BUKKUYUM,MASAMA,MASAMA II/PRIMARY SCHOOL,36/04/05/008,https://docs.inecelectionresults.net/elections_prod/1292/state/1/lga/3866/ward/26221/pu/177816/177816-1677693465.pdf,2023-03-01T17:59:00.666Z,false,https://raw.githubusercontent.com/mykeels/inec-presidential-elections-2023/master/results/37-zamfara\3866-bukkuyum\26221-masama\polling-units.json
ZAMFARA,BUKKUYUM,MASAMA,MASAMA/PRIMARY SCHOOL,36/04/05/001,https://docs.inecelectionresults.net/elections_prod/1292/state/1/lga/3866/ward/26221/pu/119001/119001-1677698271.pdf,2023-03-01T19:18:00.234Z,false,https://raw.githubusercontent.com/mykeels/inec-presidential-elections-2023/master/results/37-zamfara\3866-bukkuyum\26221-masama\polling-units.json
ZAMFARA,BUKKUYUM,MASAMA,RUKUMAWA / YAR RUKUMAWA,36/04/05/006,https://docs.inecelectionresults.net/elections_prod/1292/state/1/lga/3866/ward/26221/pu/119006/119006-1677692367.pdf,2023-03-01T17:40:00.403Z,false,https://raw.githubusercontent.com/mykeels/inec-presidential-elections-2023/master/results/37-zamfara\3866-bukkuyum\26221-masama\polling-units.json
ZAMFARA,BUKKUYUM,MASAMA,SABUWAR TUNGA/YAR TUNGA,36/04/05/005,https://docs.inecelectionresults.net/elections_prod/1292/state/1/lga/3866/ward/26221/pu/119005/119005-1677691956.pdf,2023-03-01T17:33:00.324Z,false,https://raw.githubusercontent.com/mykeels/inec-presidential-elections-2023/master/results/37-zamfara\3866-bukkuyum\26221-masama\polling-units.json
ZAMFARA,BUKKUYUM,MASAMA,SHIYAR AJIYA I/SHIYAR AJIYA,36/04/05/003,https://docs.inecelectionresults.net/elections_prod/1292/state/1/lga/3866/ward/26221/pu/119003/119003-1677691147.pdf,2023-03-01T17:20:00.325Z,false,https://raw.githubusercontent.com/mykeels/inec-presidential-elections-2023/master/results/37-zamfara\3866-bukkuyum\26221-masama\polling-units.json
ZAMFARA,BUKKUYUM,MASAMA,SHIYAR AJIYA II/AJIYAWA,36/04/05/004,https://docs.inecelectionresults.net/elections_prod/1292/state/1/lga/3866/ward/26221/pu/119004/119004-1677691517.pdf,2023-03-01T17:26:00.289Z,false,https://raw.githubusercontent.com/mykeels/inec-presidential-elections-2023/master/results/37-zamfara\3866-bukkuyum\26221-masama\polling-units.json
ZAMFARA,BUKKUYUM,MASAMA,TUNGA BAWA / GARKA BAWA,36/04/05/007,https://docs.inecelectionresults.net/elections_prod/1292/state/1/lga/3866/ward/26221/pu/119007/119007-1677692802.pdf,2023-03-01T17:48:00.297Z,false,https://raw.githubusercontent.com/mykeels/inec-presidential-elections-2023/master/results/37-zamfara\3866-bukkuyum\26221-masama\polling-units.json
ZAMFARA,BUKKUYUM,NASARAWA,DAN GAMJI / PRIMARY SCHOOL,36/04/06/014,https://docs.inecelectionresults.net/elections_prod/1292/state/1/lga/3866/ward/26222/pu/119021/119021-1677767941.pdf,2023-03-02T14:40:01.310Z,true,https://raw.githubusercontent.com/mykeels/inec-presidential-elections-2023/master/results/37-zamfara\3866-bukkuyum\26222-nasarawa\polling-units.json
ZAMFARA,BUKKUYUM,NASARAWA,DOKA / DOKA,36/04/06/017,https://docs.inecelectionresults.net/elections_prod/1292/state/01/lga/04/ward/06/pu/017/017-1677374849.pdf,2023-02-26T01:28:01.922Z,false,https://raw.githubusercontent.com/mykeels/inec-presidential-elections-2023/master/results/37-zamfara\3866-bukkuyum\26222-nasarawa\polling-units.json
ZAMFARA,BUKKUYUM,NASARAWA,GALAMU / GALAMU,36/04/06/018,https://docs.inecelectionresults.net/elections_prod/1292/state/1/lga/3866/ward/26222/pu/119025/119025-1677751576.pdf,2023-03-02T10:07:00.177Z,false,https://raw.githubusercontent.com/mykeels/inec-presidential-elections-2023/master/results/37-zamfara\3866-bukkuyum\26222-nasarawa\polling-units.json
ZAMFARA,BUKKUYUM,NASARAWA,GANA I/ GANA,36/04/06/008,https://docs.inecelectionresults.net/elections_prod/1292/state/1/lga/3866/ward/26222/pu/119015/119015-1677755853.pdf,2023-03-02T11:18:00.261Z,false,https://raw.githubusercontent.com/mykeels/inec-presidential-elections-2023/master/results/37-zamfara\3866-bukkuyum\26222-nasarawa\polling-units.json
ZAMFARA,BUKKUYUM,NASARAWA,GANA II/ GANA PRIMARY SCHOOL,36/04/06/009,https://docs.inecelectionresults.net/elections_prod/1292/state/1/lga/3866/ward/26222/pu/119016/119016-1677767111.pdf,2023-03-02T14:26:00.279Z,false,https://raw.githubusercontent.com/mykeels/inec-presidential-elections-2023/master/results/37-zamfara\3866-bukkuyum\26222-nasarawa\polling-units.json
ZAMFARA,BUKKUYUM,NASARAWA,GANA III/SHIYAR SARKI,36/04/06/029,https://docs.inecelectionresults.net/elections_prod/1292/state/1/lga/3866/ward/26222/pu/177824/177824-1677756682.pdf,2023-03-02T11:32:00.262Z,false,https://raw.githubusercontent.com/mykeels/inec-presidential-elections-2023/master/results/37-zamfara\3866-bukkuyum\26222-nasarawa\polling-units.json
ZAMFARA,BUKKUYUM,NASARAWA,GURUSU / PRIMARY SCHOOL,36/04/06/013,https://docs.inecelectionresults.net/elections_prod/1292/state/1/lga/3866/ward/26222/pu/119020/119020-1677750358.pdf,2023-03-02T09:47:01.353Z,true,https://raw.githubusercontent.com/mykeels/inec-presidential-elections-2023/master/results/37-zamfara\3866-bukkuyum\26222-nasarawa\polling-units.json
ZAMFARA,BUKKUYUM,NASARAWA,GURUSU II /PRIMARY SCHOOL,36/04/06/030,https://docs.inecelectionresults.net/elections_prod/1292/state/1/lga/3866/ward/26222/pu/177825/177825-1677754341.pdf,2023-03-02T10:53:00.277Z,false,https://raw.githubusercontent.com/mykeels/inec-presidential-elections-2023/master/results/37-zamfara\3866-bukkuyum\26222-nasarawa\polling-units.json
ZAMFARA,BUKKUYUM,NASARAWA,GURUSU III /PRIMARY SCHOOL,36/04/06/031,https://docs.inecelectionresults.net/elections_prod/1292/state/1/lga/3866/ward/26222/pu/177826/177826-1677753032.pdf,2023-03-02T10:31:00.267Z,false,https://raw.githubusercontent.com/mykeels/inec-presidential-elections-2023/master/results/37-zamfara\3866-bukkuyum\26222-nasarawa\polling-units.json
ZAMFARA,BUKKUYUM,NASARAWA,HILANI / HILANI,36/04/06/016,https://docs.inecelectionresults.net/elections_prod/1292/state/1/lga/3866/ward/26222/pu/119023/119023-1677749993.pdf,2023-03-02T09:40:00.190Z,false,https://raw.githubusercontent.com/mykeels/inec-presidential-elections-2023/master/results/37-zamfara\3866-bukkuyum\26222-nasarawa\polling-units.json
ZAMFARA,BUKKUYUM,NASARAWA,KAIWAYE / SABARAYA / KAIWAYE,36/04/06/011,https://docs.inecelectionresults.net/elections_prod/1292/state/1/lga/3866/ward/26222/pu/119018/119018-1677751881.pdf,2023-03-02T10:12:01.260Z,true,https://raw.githubusercontent.com/mykeels/inec-presidential-elections-2023/master/results/37-zamfara\3866-bukkuyum\26222-nasarawa\polling-units.json
ZAMFARA,BUKKUYUM,NASARAWA,KAMARU / KAMARU,36/04/06/021,https://docs.inecelectionresults.net/elections_prod/1292/state/1/lga/3866/ward/26222/pu/119028/119028-1677750925.pdf,2023-03-02T09:56:00.254Z,false,https://raw.githubusercontent.com/mykeels/inec-presidential-elections-2023/master/results/37-zamfara\3866-bukkuyum\26222-nasarawa\polling-units.json
ZAMFARA,BUKKUYUM,NASARAWA,KIMI / MARI - KIMI,36/04/06/020,https://docs.inecelectionresults.net/elections_prod/1292/state/1/lga/3866/ward/26222/pu/119027/119027-1677772600.pdf,2023-03-02T15:57:00.411Z,false,https://raw.githubusercontent.com/mykeels/inec-presidential-elections-2023/master/results/37-zamfara\3866-bukkuyum\26222-nasarawa\polling-units.json
ZAMFARA,BUKKUYUM,NASARAWA,KISAMI / PRIMARY SCHOOL,36/04/06/015,https://docs.inecelectionresults.net/elections_prod/1292/state/1/lga/3866/ward/26222/pu/119022/119022-1677757092.pdf,2023-03-02T11:39:01.274Z,true,https://raw.githubusercontent.com/mykeels/inec-presidential-elections-2023/master/results/37-zamfara\3866-bukkuyum\26222-nasarawa\polling-units.json
ZAMFARA,BUKKUYUM,NASARAWA,KUMBU / KUMBU,36/04/06/019,https://docs.inecelectionresults.net/elections_prod/1292/state/1/lga/3866/ward/26222/pu/119026/119026-1677752276.pdf,2023-03-02T10:18:00.222Z,false,https://raw.githubusercontent.com/mykeels/inec-presidential-elections-2023/master/results/37-zamfara\3866-bukkuyum\26222-nasarawa\polling-units.json
ZAMFARA,BUKKUYUM,NASARAWA,SABON GAR II /SABON GARI KARA,36/04/06/028,https://docs.inecelectionresults.net/elections_prod/1292/state/01/lga/04/ward/06/pu/028/028-1677375354.pdf,2023-02-26T01:36:01.556Z,false,https://raw.githubusercontent.com/mykeels/inec-presidential-elections-2023/master/results/37-zamfara\3866-bukkuyum\26222-nasarawa\polling-units.json
ZAMFARA,BUKKUYUM,NASARAWA,SABON GARI  / SABON GARI,36/04/06/007,https://docs.inecelectionresults.net/elections_prod/1292/state/01/lga/04/ward/06/pu/007/007-1677393145.pdf,2023-02-26T06:58:26.223Z,false,https://raw.githubusercontent.com/mykeels/inec-presidential-elections-2023/master/results/37-zamfara\3866-bukkuyum\26222-nasarawa\polling-units.json
ZAMFARA,BUKKUYUM,NASARAWA,SHIYAR MAGAJI I / SHIYAR MAGAJI,36/04/06/001,https://docs.inecelectionresults.net/elections_prod/1292/state/01/lga/04/ward/06/pu/001/001-1677374899.pdf,2023-02-26T01:29:01.171Z,false,https://raw.githubusercontent.com/mykeels/inec-presidential-elections-2023/master/results/37-zamfara\3866-bukkuyum\26222-nasarawa\polling-units.json
ZAMFARA,BUKKUYUM,NASARAWA,SHIYAR MAGAJI II / PRIMARY SCHOOL,36/04/06/002,https://docs.inecelectionresults.net/elections_prod/1292/state/1/lga/3866/ward/26222/pu/119009/119009-1677767515.pdf,2023-03-02T14:32:00.332Z,false,https://raw.githubusercontent.com/mykeels/inec-presidential-elections-2023/master/results/37-zamfara\3866-bukkuyum\26222-nasarawa\polling-units.json
ZAMFARA,BUKKUYUM,NASARAWA,SHIYAR MAGAJI III / SHIYAR MAGAJI,36/04/06/003,https://docs.inecelectionresults.net/elections_prod/1292/state/1/lga/3866/ward/26222/pu/119010/119010-1677750629.pdf,2023-03-02T09:51:01.250Z,true,https://raw.githubusercontent.com/mykeels/inec-presidential-elections-2023/master/results/37-zamfara\3866-bukkuyum\26222-nasarawa\polling-units.json
ZAMFARA,BUKKUYUM,NASARAWA,SHIYAR MAGAJI IV/NAKADE,36/04/06/023,https://docs.inecelectionresults.net/elections_prod/1292/state/1/lga/3866/ward/26222/pu/177818/177818-1677751908.pdf,2023-03-02T10:12:00.305Z,false,https://raw.githubusercontent.com/mykeels/inec-presidential-elections-2023/master/results/37-zamfara\3866-bukkuyum\26222-nasarawa\polling-units.json
ZAMFARA,BUKKUYUM,NASARAWA,SHIYAR MAGAJI V/PRI.SCHOOL,36/04/06/024,https://docs.inecelectionresults.net/elections_prod/1292/state/1/lga/3866/ward/26222/pu/177819/177819-1677767530.pdf,2023-03-02T14:33:00.197Z,false,https://raw.githubusercontent.com/mykeels/inec-presidential-elections-2023/master/results/37-zamfara\3866-bukkuyum\26222-nasarawa\polling-units.json
ZAMFARA,BUKKUYUM,NASARAWA,SHIYAR ZANGO / SHIYAR ZANGO I,36/04/06/005,https://docs.inecelectionresults.net/elections_prod/1292/state/1/lga/3866/ward/26222/pu/119012/119012-1677756288.pdf,2023-03-02T11:25:00.441Z,false,https://raw.githubusercontent.com/mykeels/inec-presidential-elections-2023/master/results/37-zamfara\3866-bukkuyum\26222-nasarawa\polling-units.json
ZAMFARA,BUKKUYUM,NASARAWA,SHIYAR ZANGO / SHIYAR ZANGO II,36/04/06/006,https://docs.inecelectionresults.net/elections_prod/1292/state/01/lga/04/ward/06/pu/006/006-1677393633.pdf,2023-02-26T06:58:49.950Z,false,https://raw.githubusercontent.com/mykeels/inec-presidential-elections-2023/master/results/37-zamfara\3866-bukkuyum\26222-nasarawa\polling-units.json
ZAMFARA,BUKKUYUM,NASARAWA,SHIYAR ZANGO III /PRIMARY SCHOOL,36/04/06/026,https://docs.inecelectionresults.net/elections_prod/1292/state/1/lga/3866/ward/26222/pu/177821/177821-1677767015.pdf,2023-03-02T14:24:00.329Z,false,https://raw.githubusercontent.com/mykeels/inec-presidential-elections-2023/master/results/37-zamfara\3866-bukkuyum\26222-nasarawa\polling-units.json
ZAMFARA,BUKKUYUM,NASARAWA,SHIYAR ZANGO IV,36/04/06/027,https://docs.inecelectionresults.net/elections_prod/1292/state/1/lga/3866/ward/26222/pu/177822/177822-1677755050.pdf,2023-03-02T11:06:00.158Z,false,https://raw.githubusercontent.com/mykeels/inec-presidential-elections-2023/master/results/37-zamfara\3866-bukkuyum\26222-nasarawa\polling-units.json
ZAMFARA,BUKKUYUM,NASARAWA,TABALAYA / TABALAYA,36/04/06/004,https://docs.inecelectionresults.net/elections_prod/1292/state/01/lga/04/ward/06/pu/004/004-1677375621.pdf,2023-02-26T01:42:00.951Z,false,https://raw.githubusercontent.com/mykeels/inec-presidential-elections-2023/master/results/37-zamfara\3866-bukkuyum\26222-nasarawa\polling-units.json
ZAMFARA,BUKKUYUM,NASARAWA,TABALAYA II /PRIMARY SCHOOL,36/04/06/025,https://docs.inecelectionresults.net/elections_prod/1292/state/1/lga/3866/ward/26222/pu/177820/177820-1677749690.pdf,2023-03-02T09:35:00.170Z,false,https://raw.githubusercontent.com/mykeels/inec-presidential-elections-2023/master/results/37-zamfara\3866-bukkuyum\26222-nasarawa\polling-units.json
ZAMFARA,BUKKUYUM,NASARAWA,TUNGAR DUTSI / TUNGAR DUTSI,36/04/06/010,https://docs.inecelectionresults.net/elections_prod/1292/state/1/lga/3866/ward/26222/pu/119017/119017-1677755362.pdf,2023-03-02T11:10:01.255Z,true,https://raw.githubusercontent.com/mykeels/inec-presidential-elections-2023/master/results/37-zamfara\3866-bukkuyum\26222-nasarawa\polling-units.json
ZAMFARA,BUKKUYUM,NASARAWA,TUNGAR KORAU / TUNGAR KORAU,36/04/06/022,https://docs.inecelectionresults.net/elections_prod/1292/state/1/lga/3866/ward/26222/pu/119029/119029-1677772735.pdf,2023-03-02T15:59:00.528Z,false,https://raw.githubusercontent.com/mykeels/inec-presidential-elections-2023/master/results/37-zamfara\3866-bukkuyum\26222-nasarawa\polling-units.json
ZAMFARA,BUKKUYUM,NASARAWA,TUNGAR ROGO / TUNGAR ROGO,36/04/06/012,https://docs.inecelectionresults.net/elections_prod/1292/state/1/lga/3866/ward/26222/pu/119019/119019-1677767998.pdf,2023-03-02T14:41:01.277Z,true,https://raw.githubusercontent.com/mykeels/inec-presidential-elections-2023/master/results/37-zamfara\3866-bukkuyum\26222-nasarawa\polling-units.json
ZAMFARA,BUKKUYUM,RUWAN JEMA,DOGAYE / DOGAYE,36/04/07/008,https://docs.inecelectionresults.net/elections_prod/1292/state/1/lga/3866/ward/26223/pu/119037/119037-1677699707.pdf,2023-03-01T19:42:00.242Z,true,https://raw.githubusercontent.com/mykeels/inec-presidential-elections-2023/master/results/37-zamfara\3866-bukkuyum\26223-ruwan-jema\polling-units.json
ZAMFARA,BUKKUYUM,RUWAN JEMA,GASAHULAR BAKO / G / BAKO,36/04/07/004,https://docs.inecelectionresults.net/elections_prod/1292/state/1/lga/3866/ward/26223/pu/119033/119033-1677692198.pdf,2023-03-01T17:37:00.231Z,false,https://raw.githubusercontent.com/mykeels/inec-presidential-elections-2023/master/results/37-zamfara\3866-bukkuyum\26223-ruwan-jema\polling-units.json
ZAMFARA,BUKKUYUM,RUWAN JEMA,GASAHULAR MANDE / G / MANDE,36/04/07/003,https://docs.inecelectionresults.net/elections_prod/1292/state/1/lga/3866/ward/26223/pu/119032/119032-1677696794.pdf,2023-03-01T18:54:00.121Z,true,https://raw.githubusercontent.com/mykeels/inec-presidential-elections-2023/master/results/37-zamfara\3866-bukkuyum\26223-ruwan-jema\polling-units.json
ZAMFARA,BUKKUYUM,RUWAN JEMA,GEMAWAR DIKKO / GEMAWAR DIKKO,36/04/07/006,https://docs.inecelectionresults.net/elections_prod/1292/state/1/lga/3866/ward/26223/pu/119035/119035-1677698354.pdf,2023-03-01T19:20:00.234Z,false,https://raw.githubusercontent.com/mykeels/inec-presidential-elections-2023/master/results/37-zamfara\3866-bukkuyum\26223-ruwan-jema\polling-units.json
ZAMFARA,BUKKUYUM,RUWAN JEMA,GYADO / GYADO,36/04/07/009,https://docs.inecelectionresults.net/elections_prod/1292/state/1/lga/3866/ward/26223/pu/119038/119038-1677694219.pdf,2023-03-01T18:11:01.283Z,true,https://raw.githubusercontent.com/mykeels/inec-presidential-elections-2023/master/results/37-zamfara\3866-bukkuyum\26223-ruwan-jema\polling-units.json
ZAMFARA,BUKKUYUM,RUWAN JEMA,KORAF MAGAJI / K / MAGAJI,36/04/07/005,https://docs.inecelectionresults.net/elections_prod/1292/state/1/lga/3866/ward/26223/pu/119034/119034-1677707383.pdf,2023-03-01T21:50:00.200Z,false,https://raw.githubusercontent.com/mykeels/inec-presidential-elections-2023/master/results/37-zamfara\3866-bukkuyum\26223-ruwan-jema\polling-units.json
ZAMFARA,BUKKUYUM,RUWAN JEMA,KURFAR DANYA / K / DANYA,36/04/07/001,https://docs.inecelectionresults.net/elections_prod/1292/state/1/lga/3866/ward/26223/pu/119030/119030-1677696308.pdf,2023-03-01T18:47:01.240Z,true,https://raw.githubusercontent.com/mykeels/inec-presidential-elections-2023/master/results/37-zamfara\3866-bukkuyum\26223-ruwan-jema\polling-units.json
ZAMFARA,BUKKUYUM,RUWAN JEMA,MAI ZANGO / MAI ZANGO,36/04/07/011,https://docs.inecelectionresults.net/elections_prod/1292/state/1/lga/3866/ward/26223/pu/119040/119040-1677691535.pdf,2023-03-01T17:26:00.547Z,false,https://raw.githubusercontent.com/mykeels/inec-presidential-elections-2023/master/results/37-zamfara\3866-bukkuyum\26223-ruwan-jema\polling-units.json
ZAMFARA,BUKKUYUM,RUWAN JEMA,RAFIN MAIKI  I/ RAFIN MAIKI,36/04/07/002,https://docs.inecelectionresults.net/elections_prod/1292/state/1/lga/3866/ward/26223/pu/119031/119031-1677694895.pdf,2023-03-01T18:22:00.357Z,false,https://raw.githubusercontent.com/mykeels/inec-presidential-elections-2023/master/results/37-zamfara\3866-bukkuyum\26223-ruwan-jema\polling-units.json
ZAMFARA,BUKKUYUM,RUWAN JEMA,RAFIN MAIKI / RAFIN MAIKI II,36/04/07/014,https://docs.inecelectionresults.net/elections_prod/1292/state/1/lga/3866/ward/26223/pu/119043/119043-1677704017.pdf,2023-03-01T20:54:00.265Z,false,https://raw.githubusercontent.com/mykeels/inec-presidential-elections-2023/master/results/37-zamfara\3866-bukkuyum\26223-ruwan-jema\polling-units.json
ZAMFARA,BUKKUYUM,RUWAN JEMA,S / UBAN DAWAKI/ SHIYAR / U / DAWAKI,36/04/07/012,https://docs.inecelectionresults.net/elections_prod/1292/state/1/lga/3866/ward/26223/pu/119041/119041-1677693639.pdf,2023-03-01T18:01:00.496Z,false,https://raw.githubusercontent.com/mykeels/inec-presidential-elections-2023/master/results/37-zamfara\3866-bukkuyum\26223-ruwan-jema\polling-units.json
ZAMFARA,BUKKUYUM,RUWAN JEMA,SHIYAR S / DIYA / S / DIYA,36/04/07/010,https://docs.inecelectionresults.net/elections_prod/1292/state/1/lga/3866/ward/26223/pu/119039/119039-1677694679.pdf,2023-03-01T18:19:01.243Z,true,https://raw.githubusercontent.com/mykeels/inec-presidential-elections-2023/master/results/37-zamfara\3866-bukkuyum\26223-ruwan-jema\polling-units.json
ZAMFARA,BUKKUYUM,RUWAN JEMA,SHIYAR SARKIN DIYA II /TA BATURE,36/04/07/016,https://docs.inecelectionresults.net/elections_prod/1292/state/1/lga/3866/ward/26223/pu/177827/177827-1677692646.pdf,2023-03-01T17:45:00.238Z,false,https://raw.githubusercontent.com/mykeels/inec-presidential-elections-2023/master/results/37-zamfara\3866-bukkuyum\26223-ruwan-jema\polling-units.json
ZAMFARA,BUKKUYUM,RUWAN JEMA,SHIYAR UBAN DAWAKI II / PRIMARY SCHOOL,36/04/07/017,https://docs.inecelectionresults.net/elections_prod/1292/state/1/lga/3866/ward/26223/pu/177828/177828-1677688682.pdf,2023-03-01T16:39:01.225Z,true,https://raw.githubusercontent.com/mykeels/inec-presidential-elections-2023/master/results/37-zamfara\3866-bukkuyum\26223-ruwan-jema\polling-units.json
ZAMFARA,BUKKUYUM,RUWAN JEMA,TUDU / TUDU,36/04/07/015,https://docs.inecelectionresults.net/elections_prod/1292/state/1/lga/3866/ward/26223/pu/119044/119044-1677706359.pdf,2023-03-01T21:33:01.088Z,true,https://raw.githubusercontent.com/mykeels/inec-presidential-elections-2023/master/results/37-zamfara\3866-bukkuyum\26223-ruwan-jema\polling-units.json
ZAMFARA,BUKKUYUM,RUWAN JEMA,TUDUN BURUJI / T / BURUJI,36/04/07/007,https://docs.inecelectionresults.net/elections_prod/1292/state/1/lga/3866/ward/26223/pu/119036/119036-1677689932.pdf,2023-03-01T16:59:00.556Z,false,https://raw.githubusercontent.com/mykeels/inec-presidential-elections-2023/master/results/37-zamfara\3866-bukkuyum\26223-ruwan-jema\polling-units.json
ZAMFARA,BUKKUYUM,RUWAN JEMA,TUNGAR DUTSI / T /  DUTSI,36/04/07/013,https://docs.inecelectionresults.net/elections_prod/1292/state/1/lga/3866/ward/26223/pu/119042/119042-1677705954.pdf,2023-03-01T21:26:00.235Z,false,https://raw.githubusercontent.com/mykeels/inec-presidential-elections-2023/master/results/37-zamfara\3866-bukkuyum\26223-ruwan-jema\polling-units.json
ZAMFARA,BUKKUYUM,YASHI,ABARE / ABARE,36/04/08/004,,,false,https://raw.githubusercontent.com/mykeels/inec-presidential-elections-2023/master/results/37-zamfara\3866-bukkuyum\26224-yashi\polling-units.json
ZAMFARA,BUKKUYUM,YASHI,BALALA / BALALA,36/04/08/006,https://docs.inecelectionresults.net/elections_prod/1292/state/1/lga/3866/ward/26224/pu/119050/119050-1677696115.pdf,2023-03-01T18:42:00.221Z,false,https://raw.githubusercontent.com/mykeels/inec-presidential-elections-2023/master/results/37-zamfara\3866-bukkuyum\26224-yashi\polling-units.json
ZAMFARA,BUKKUYUM,YASHI,BANGANA / BAN GANA,36/04/08/005,,,false,https://raw.githubusercontent.com/mykeels/inec-presidential-elections-2023/master/results/37-zamfara\3866-bukkuyum\26224-yashi\polling-units.json
ZAMFARA,BUKKUYUM,YASHI,BINDIN BAYA / FAGEN HUTU,36/04/08/007,https://docs.inecelectionresults.net/elections_prod/1292/state/1/lga/3866/ward/26224/pu/119051/119051-1677696427.pdf,2023-03-01T18:48:01.312Z,true,https://raw.githubusercontent.com/mykeels/inec-presidential-elections-2023/master/results/37-zamfara\3866-bukkuyum\26224-yashi\polling-units.json
ZAMFARA,BUKKUYUM,YASHI,DAN GAZAU / DAN GAZAU,36/04/08/003,https://docs.inecelectionresults.net/elections_prod/1292/state/1/lga/3866/ward/26224/pu/119047/119047-1677693632.pdf,2023-03-01T18:01:00.337Z,false,https://raw.githubusercontent.com/mykeels/inec-presidential-elections-2023/master/results/37-zamfara\3866-bukkuyum\26224-yashi\polling-units.json
ZAMFARA,BUKKUYUM,YASHI,RUWA RANA / RUWA RANA,36/04/08/001,https://docs.inecelectionresults.net/elections_prod/1292/state/01/lga/04/ward/08/pu/001/001-1677385933.pdf,2023-02-26T04:58:07.751Z,false,https://raw.githubusercontent.com/mykeels/inec-presidential-elections-2023/master/results/37-zamfara\3866-bukkuyum\26224-yashi\polling-units.json
ZAMFARA,BUKKUYUM,YASHI,RUWA RANA II /KETARE,36/04/08/008,https://docs.inecelectionresults.net/elections_prod/1292/state/1/lga/3866/ward/26224/pu/177829/177829-1677697083.pdf,2023-03-01T18:59:01.275Z,true,https://raw.githubusercontent.com/mykeels/inec-presidential-elections-2023/master/results/37-zamfara\3866-bukkuyum\26224-yashi\polling-units.json
ZAMFARA,BUKKUYUM,YASHI,YASHIN / YASHIN MAKERA,36/04/08/002,https://docs.inecelectionresults.net/elections_prod/1292/state/1/lga/3866/ward/26224/pu/119046/119046-1677692247.pdf,2023-03-01T17:39:00.281Z,false,https://raw.githubusercontent.com/mykeels/inec-presidential-elections-2023/master/results/37-zamfara\3866-bukkuyum\26224-yashi\polling-units.json
ZAMFARA,BUKKUYUM,YASHI,YASHIN MAKERA II/YASHIN MAKERA,36/04/08/009,https://docs.inecelectionresults.net/elections_prod/1292/state/1/lga/3866/ward/26224/pu/177830/177830-1677697363.pdf,2023-03-01T19:03:00.490Z,false,https://raw.githubusercontent.com/mykeels/inec-presidential-elections-2023/master/results/37-zamfara\3866-bukkuyum\26224-yashi\polling-units.json
ZAMFARA,BUKKUYUM,ZARUMMAI,BUNKASAU / GARKAR HAKIMI,36/04/09/017,https://docs.inecelectionresults.net/elections_prod/1292/state/1/lga/3866/ward/26225/pu/119068/119068-1677707677.pdf,2023-03-01T21:55:00.274Z,false,https://raw.githubusercontent.com/mykeels/inec-presidential-elections-2023/master/results/37-zamfara\3866-bukkuyum\26225-zarummai\polling-units.json
ZAMFARA,BUKKUYUM,ZARUMMAI,DAN GURUMFA III /PRIMARY SCHOOL,36/04/09/024,https://docs.inecelectionresults.net/elections_prod/1292/state/1/lga/3866/ward/26225/pu/177834/177834-1677708822.pdf,2023-03-01T22:15:01.267Z,true,https://raw.githubusercontent.com/mykeels/inec-presidential-elections-2023/master/results/37-zamfara\3866-bukkuyum\26225-zarummai\polling-units.json
ZAMFARA,BUKKUYUM,ZARUMMAI,DAN GURUNFA II / GARKAR HAMIMI,36/04/09/018,https://docs.inecelectionresults.net/elections_prod/1292/state/1/lga/3866/ward/26225/pu/119069/119069-1677706750.pdf,2023-03-01T21:40:01.267Z,true,https://raw.githubusercontent.com/mykeels/inec-presidential-elections-2023/master/results/37-zamfara\3866-bukkuyum\26225-zarummai\polling-units.json
ZAMFARA,BUKKUYUM,ZARUMMAI,DAN ZAMAU / PRY. SCH.,36/04/09/006,https://docs.inecelectionresults.net/elections_prod/1292/state/1/lga/3866/ward/26225/pu/119057/119057-1677699608.pdf,2023-03-01T19:41:01.353Z,true,https://raw.githubusercontent.com/mykeels/inec-presidential-elections-2023/master/results/37-zamfara\3866-bukkuyum\26225-zarummai\polling-units.json
ZAMFARA,BUKKUYUM,ZARUMMAI,DAN ZAURE / DAN BEDI,36/04/09/007,https://docs.inecelectionresults.net/elections_prod/1292/state/1/lga/3866/ward/26225/pu/119058/119058-1677700239.pdf,2023-03-01T19:52:00.358Z,false,https://raw.githubusercontent.com/mykeels/inec-presidential-elections-2023/master/results/37-zamfara\3866-bukkuyum\26225-zarummai\polling-units.json
ZAMFARA,BUKKUYUM,ZARUMMAI,DANGURUNFA  1/ PRIMARY SCHOOL,36/04/09/012,https://docs.inecelectionresults.net/elections_prod/1292/state/1/lga/3866/ward/26225/pu/119063/119063-1677705173.pdf,2023-03-01T21:13:00.247Z,false,https://raw.githubusercontent.com/mykeels/inec-presidential-elections-2023/master/results/37-zamfara\3866-bukkuyum\26225-zarummai\polling-units.json
ZAMFARA,BUKKUYUM,ZARUMMAI,DARGAJE I / PRY. SCH.,36/04/09/005,https://docs.inecelectionresults.net/elections_prod/1292/state/1/lga/3866/ward/26225/pu/119056/119056-1677702456.pdf,2023-03-01T20:28:00.110Z,false,https://raw.githubusercontent.com/mykeels/inec-presidential-elections-2023/master/results/37-zamfara\3866-bukkuyum\26225-zarummai\polling-units.json
ZAMFARA,BUKKUYUM,ZARUMMAI,DARGAJE II / CHEDIYA,36/04/09/020,https://docs.inecelectionresults.net/elections_prod/1292/state/1/lga/3866/ward/26225/pu/119071/119071-1677709650.pdf,2023-03-01T22:28:00.125Z,false,https://raw.githubusercontent.com/mykeels/inec-presidential-elections-2023/master/results/37-zamfara\3866-bukkuyum\26225-zarummai\polling-units.json
ZAMFARA,BUKKUYUM,ZARUMMAI,FARANANAWA I / PRIMARY SCHOOL,36/04/09/004,https://docs.inecelectionresults.net/elections_prod/1292/state/1/lga/3866/ward/26225/pu/119055/119055-1677694759.pdf,2023-03-01T18:20:00.134Z,false,https://raw.githubusercontent.com/mykeels/inec-presidential-elections-2023/master/results/37-zamfara\3866-bukkuyum\26225-zarummai\polling-units.json
ZAMFARA,BUKKUYUM,ZARUMMAI,FARNANAWA II / CHEDIYA,36/04/09/019,https://docs.inecelectionresults.net/elections_prod/1292/state/1/lga/3866/ward/26225/pu/119070/119070-1677704733.pdf,2023-03-01T21:06:01.328Z,true,https://raw.githubusercontent.com/mykeels/inec-presidential-elections-2023/master/results/37-zamfara\3866-bukkuyum\26225-zarummai\polling-units.json
ZAMFARA,BUKKUYUM,ZARUMMAI,FURA GIRKE II / FASHIN DUTSE,36/04/09/023,https://docs.inecelectionresults.net/elections_prod/1292/state/1/lga/3866/ward/26225/pu/177833/177833-1677706219.pdf,2023-03-01T21:31:01.256Z,true,https://raw.githubusercontent.com/mykeels/inec-presidential-elections-2023/master/results/37-zamfara\3866-bukkuyum\26225-zarummai\polling-units.json
ZAMFARA,BUKKUYUM,ZARUMMAI,FURA-GIRKE / PRIMARY SCHOOL,36/04/09/011,https://docs.inecelectionresults.net/elections_prod/1292/state/1/lga/3866/ward/26225/pu/119062/119062-1677707305.pdf,2023-03-01T21:49:01.330Z,true,https://raw.githubusercontent.com/mykeels/inec-presidential-elections-2023/master/results/37-zamfara\3866-bukkuyum\26225-zarummai\polling-units.json
ZAMFARA,BUKKUYUM,ZARUMMAI,KWALI / GARKAR MAI GARI,36/04/09/016,https://docs.inecelectionresults.net/elections_prod/1292/state/1/lga/3866/ward/26225/pu/119067/119067-1677694159.pdf,2023-03-01T18:10:00.183Z,false,https://raw.githubusercontent.com/mykeels/inec-presidential-elections-2023/master/results/37-zamfara\3866-bukkuyum\26225-zarummai\polling-units.json
ZAMFARA,BUKKUYUM,ZARUMMAI,MAFARAR - GARANGI / DAN HILI,36/04/09/014,https://docs.inecelectionresults.net/elections_prod/1292/state/1/lga/3866/ward/26225/pu/119065/119065-1677703823.pdf,2023-03-01T20:51:00.387Z,false,https://raw.githubusercontent.com/mykeels/inec-presidential-elections-2023/master/results/37-zamfara\3866-bukkuyum\26225-zarummai\polling-units.json
ZAMFARA,BUKKUYUM,ZARUMMAI,MALLAMAWA / GARKAR HAKIMI,36/04/09/008,https://docs.inecelectionresults.net/elections_prod/1292/state/1/lga/3866/ward/26225/pu/119059/119059-1677696539.pdf,2023-03-01T18:50:01.262Z,true,https://raw.githubusercontent.com/mykeels/inec-presidential-elections-2023/master/results/37-zamfara\3866-bukkuyum\26225-zarummai\polling-units.json
ZAMFARA,BUKKUYUM,ZARUMMAI,RANFASHI / PRIMARY SCHOOL,36/04/09/013,https://docs.inecelectionresults.net/elections_prod/1292/state/1/lga/3866/ward/26225/pu/119064/119064-1677704552.pdf,2023-03-01T21:03:01.299Z,true,https://raw.githubusercontent.com/mykeels/inec-presidential-elections-2023/master/results/37-zamfara\3866-bukkuyum\26225-zarummai\polling-units.json
ZAMFARA,BUKKUYUM,ZARUMMAI,RUMBUKI / GARKAR HAKIMI,36/04/09/009,https://docs.inecelectionresults.net/elections_prod/1292/state/1/lga/3866/ward/26225/pu/119060/119060-1677692247.pdf,2023-03-01T17:39:00.416Z,false,https://raw.githubusercontent.com/mykeels/inec-presidential-elections-2023/master/results/37-zamfara\3866-bukkuyum\26225-zarummai\polling-units.json
ZAMFARA,BUKKUYUM,ZARUMMAI,TUNGAR DUSTI / GARKAR HAKIMI,36/04/09/015,https://docs.inecelectionresults.net/elections_prod/1292/state/1/lga/3866/ward/26225/pu/119066/119066-1677708399.pdf,2023-03-01T22:07:00.156Z,false,https://raw.githubusercontent.com/mykeels/inec-presidential-elections-2023/master/results/37-zamfara\3866-bukkuyum\26225-zarummai\polling-units.json
ZAMFARA,BUKKUYUM,ZARUMMAI,YAR GALMA  / GARKAR HAKIMI,36/04/09/010,https://docs.inecelectionresults.net/elections_prod/1292/state/1/lga/3866/ward/26225/pu/119061/119061-1677705816.pdf,2023-03-01T21:24:00.523Z,true,https://raw.githubusercontent.com/mykeels/inec-presidential-elections-2023/master/results/37-zamfara\3866-bukkuyum\26225-zarummai\polling-units.json
ZAMFARA,BUKKUYUM,ZARUMMAI,ZARA / SHIYAR ZARA,36/04/09/003,https://docs.inecelectionresults.net/elections_prod/1292/state/1/lga/3866/ward/26225/pu/119054/119054-1677700971.pdf,2023-03-01T20:03:00.354Z,false,https://raw.githubusercontent.com/mykeels/inec-presidential-elections-2023/master/results/37-zamfara\3866-bukkuyum\26225-zarummai\polling-units.json
ZAMFARA,BUKKUYUM,ZARUMMAI,ZARUMAI III / PRIMARY SCHOOL,36/04/09/021,https://docs.inecelectionresults.net/elections_prod/1292/state/1/lga/3866/ward/26225/pu/177831/177831-1677709282.pdf,2023-03-01T22:22:01.283Z,true,https://raw.githubusercontent.com/mykeels/inec-presidential-elections-2023/master/results/37-zamfara\3866-bukkuyum\26225-zarummai\polling-units.json
ZAMFARA,BUKKUYUM,ZARUMMAI,ZARUMAI IV / SHIYAR UBAN DAWAKI,36/04/09/022,https://docs.inecelectionresults.net/elections_prod/1292/state/1/lga/3866/ward/26225/pu/177832/177832-1677692857.pdf,2023-03-01T17:48:00.793Z,false,https://raw.githubusercontent.com/mykeels/inec-presidential-elections-2023/master/results/37-zamfara\3866-bukkuyum\26225-zarummai\polling-units.json
ZAMFARA,BUKKUYUM,ZARUMMAI,ZURUMAI I / PRI SCH,36/04/09/001,,,false,https://raw.githubusercontent.com/mykeels/inec-presidential-elections-2023/master/results/37-zamfara\3866-bukkuyum\26225-zarummai\polling-units.json
ZAMFARA,BUKKUYUM,ZARUMMAI,ZURUMAI II / SHIYAR AUWAL,36/04/09/002,https://docs.inecelectionresults.net/elections_prod/1292/state/1/lga/3866/ward/26225/pu/119053/119053-1677706083.pdf,2023-03-01T21:29:00.056Z,false,https://raw.githubusercontent.com/mykeels/inec-presidential-elections-2023/master/results/37-zamfara\3866-bukkuyum\26225-zarummai\polling-units.json
ZAMFARA,BUKKUYUM,ZAUMA,BABBAR-MARNA / YAR MARNA,36/04/10/005,https://docs.inecelectionresults.net/elections_prod/1292/state/1/lga/3866/ward/26226/pu/119076/119076-1677769569.pdf,2023-03-02T15:07:00.230Z,false,https://raw.githubusercontent.com/mykeels/inec-presidential-elections-2023/master/results/37-zamfara\3866-bukkuyum\26226-zauma\polling-units.json
ZAMFARA,BUKKUYUM,ZAUMA,GIDAN MAI GUNYA / YAR MAI GUNYA,36/04/10/004,https://docs.inecelectionresults.net/elections_prod/1292/state/1/lga/3866/ward/26226/pu/119075/119075-1677769444.pdf,2023-03-02T15:05:01.089Z,true,https://raw.githubusercontent.com/mykeels/inec-presidential-elections-2023/master/results/37-zamfara\3866-bukkuyum\26226-zauma\polling-units.json
ZAMFARA,BUKKUYUM,ZAUMA,SHIYAR GADO / SHIYAR GADO,36/04/10/007,https://docs.inecelectionresults.net/elections_prod/1292/state/1/lga/3866/ward/26226/pu/119078/119078-1677770139.pdf,2023-03-02T15:16:00.384Z,false,https://raw.githubusercontent.com/mykeels/inec-presidential-elections-2023/master/results/37-zamfara\3866-bukkuyum\26226-zauma\polling-units.json
ZAMFARA,BUKKUYUM,ZAUMA,SHIYAR HAKIMI / GARKAR HAKIMI,36/04/10/008,https://docs.inecelectionresults.net/elections_prod/1292/state/1/lga/3866/ward/26226/pu/119079/119079-1677770241.pdf,2023-03-02T15:18:00.510Z,false,https://raw.githubusercontent.com/mykeels/inec-presidential-elections-2023/master/results/37-zamfara\3866-bukkuyum\26226-zauma\polling-units.json
ZAMFARA,BUKKUYUM,ZAUMA,SHIYAR MAGAJI / GARKA SAIDU,36/04/10/002,https://docs.inecelectionresults.net/elections_prod/1292/state/1/lga/3866/ward/26226/pu/119073/119073-1677766731.pdf,2023-03-02T14:19:00.743Z,false,https://raw.githubusercontent.com/mykeels/inec-presidential-elections-2023/master/results/37-zamfara\3866-bukkuyum\26226-zauma\polling-units.json
ZAMFARA,BUKKUYUM,ZAUMA,SHIYARTALLA / GARKA HAKIMI,36/04/10/009,https://docs.inecelectionresults.net/elections_prod/1292/state/1/lga/3866/ward/26226/pu/119080/119080-1677770470.pdf,2023-03-02T15:22:00.200Z,false,https://raw.githubusercontent.com/mykeels/inec-presidential-elections-2023/master/results/37-zamfara\3866-bukkuyum\26226-zauma\polling-units.json
ZAMFARA,BUKKUYUM,ZAUMA,TILLI WARAI / SHIYAR WARAI,36/04/10/003,https://docs.inecelectionresults.net/elections_prod/1292/state/1/lga/3866/ward/26226/pu/119074/119074-1677767670.pdf,2023-03-02T14:35:00.240Z,false,https://raw.githubusercontent.com/mykeels/inec-presidential-elections-2023/master/results/37-zamfara\3866-bukkuyum\26226-zauma\polling-units.json
ZAMFARA,BUKKUYUM,ZAUMA,TUDUN MANIYA / GARKAR LIMAN,36/04/10/010,https://docs.inecelectionresults.net/elections_prod/1292/state/1/lga/3866/ward/26226/pu/119081/119081-1677770854.pdf,2023-03-02T15:28:00.393Z,false,https://raw.githubusercontent.com/mykeels/inec-presidential-elections-2023/master/results/37-zamfara\3866-bukkuyum\26226-zauma\polling-units.json
ZAMFARA,BUKKUYUM,ZAUMA,YANDU / GARKAR YANDU,36/04/10/006,,,false,https://raw.githubusercontent.com/mykeels/inec-presidential-elections-2023/master/results/37-zamfara\3866-bukkuyum\26226-zauma\polling-units.json
ZAMFARA,BUKKUYUM,ZAUMA,ZAUMA / PRIMARY SCHOOL,36/04/10/001,https://docs.inecelectionresults.net/elections_prod/1292/state/1/lga/3866/ward/26226/pu/119072/119072-1677766082.pdf,2023-03-02T14:09:00.334Z,false,https://raw.githubusercontent.com/mykeels/inec-presidential-elections-2023/master/results/37-zamfara\3866-bukkuyum\26226-zauma\polling-units.json
ZAMFARA,BUNGUDU,BINGI NORTH,B/MASALLACI  IV/ YAR KATSINA,36/05/01/026,https://inec-cvr-cache.s3.eu-west-1.amazonaws.com/cached/results/673887/result_65371_1677493952_thumb.jpg,2023-02-28T18:07:01.576Z,true,https://raw.githubusercontent.com/mykeels/inec-presidential-elections-2023/master/results/37-zamfara\3867-bungudu\26227-bingi-north\polling-units.json
ZAMFARA,BUNGUDU,BINGI NORTH,BINGI/SHIYAR AJIYA / DISPENSARY,36/05/01/022,https://inec-cvr-cache.s3.eu-west-1.amazonaws.com/cached/results/118003/result_65367_1677493539_thumb.jpg,2023-02-28T21:27:29.256Z,true,https://raw.githubusercontent.com/mykeels/inec-presidential-elections-2023/master/results/37-zamfara\3867-bungudu\26227-bingi-north\polling-units.json
ZAMFARA,BUNGUDU,BINGI NORTH,BINGI/SHIYAR LIMAN / PRI. SCH.,36/05/01/012,https://inec-cvr-cache.s3.eu-west-1.amazonaws.com/cached/results/117993/result_65357_1677492520_thumb.jpg,2023-02-28T18:14:45.626Z,true,https://raw.githubusercontent.com/mykeels/inec-presidential-elections-2023/master/results/37-zamfara\3867-bungudu\26227-bingi-north\polling-units.json
ZAMFARA,BUNGUDU,BINGI NORTH,DAGWALGI / BAKIN GIDAN HAKIMI,36/05/01/017,https://inec-cvr-cache.s3.eu-west-1.amazonaws.com/cached/results/117998/result_65362_1677493044_thumb.jpg,2023-02-28T18:06:11.498Z,true,https://raw.githubusercontent.com/mykeels/inec-presidential-elections-2023/master/results/37-zamfara\3867-bungudu\26227-bingi-north\polling-units.json
ZAMFARA,BUNGUDU,BINGI NORTH,DAN BANA MATANKARI,36/05/01/029,,,false,https://raw.githubusercontent.com/mykeels/inec-presidential-elections-2023/master/results/37-zamfara\3867-bungudu\26227-bingi-north\polling-units.json
ZAMFARA,BUNGUDU,BINGI NORTH,DOKA / BAKIN GIDAN HAKIMI,36/05/01/010,https://inec-cvr-cache.s3.eu-west-1.amazonaws.com/cached/results/117991/result_65355_1677492299_thumb.jpg,2023-02-28T20:31:29.934Z,true,https://raw.githubusercontent.com/mykeels/inec-presidential-elections-2023/master/results/37-zamfara\3867-bungudu\26227-bingi-north\polling-units.json
ZAMFARA,BUNGUDU,BINGI NORTH,DORUWA / BAKIN TASHA,36/05/01/009,https://inec-cvr-cache.s3.eu-west-1.amazonaws.com/cached/results/117990/result_65354_1677492121_thumb.jpg,2023-02-28T20:41:37.126Z,true,https://raw.githubusercontent.com/mykeels/inec-presidential-elections-2023/master/results/37-zamfara\3867-bungudu\26227-bingi-north\polling-units.json
ZAMFARA,BUNGUDU,BINGI NORTH,FANDA HAKKI / BAKIN GIDAN HAKIMI,36/05/01/020,https://inec-cvr-cache.s3.eu-west-1.amazonaws.com/cached/results/118001/result_65365_1677493299_thumb.jpg,2023-02-28T17:28:17.681Z,true,https://raw.githubusercontent.com/mykeels/inec-presidential-elections-2023/master/results/37-zamfara\3867-bungudu\26227-bingi-north\polling-units.json
ZAMFARA,BUNGUDU,BINGI NORTH,GALMA HANNU / BAKIN GIDAN HAKIMI,36/05/01/019,https://inec-cvr-cache.s3.eu-west-1.amazonaws.com/cached/results/118000/result_65364_1677493221_thumb.jpg,2023-02-28T18:17:57.986Z,true,https://raw.githubusercontent.com/mykeels/inec-presidential-elections-2023/master/results/37-zamfara\3867-bungudu\26227-bingi-north\polling-units.json
ZAMFARA,BUNGUDU,BINGI NORTH,GARKA YAR KUKA DAN FILI,36/05/01/023,https://inec-cvr-cache.s3.eu-west-1.amazonaws.com/cached/results/673884/result_65368_1677493604_thumb.jpg,2023-02-28T21:42:14.063Z,true,https://raw.githubusercontent.com/mykeels/inec-presidential-elections-2023/master/results/37-zamfara\3867-bungudu\26227-bingi-north\polling-units.json
ZAMFARA,BUNGUDU,BINGI NORTH,GIDAN LIMAN B/MASALLACI,36/05/01/027,https://inec-cvr-cache.s3.eu-west-1.amazonaws.com/cached/results/673888/result_65372_1677593054_thumb.jpg,2023-02-28T14:06:21.632Z,false,https://raw.githubusercontent.com/mykeels/inec-presidential-elections-2023/master/results/37-zamfara\3867-bungudu\26227-bingi-north\polling-units.json
ZAMFARA,BUNGUDU,BINGI NORTH,GIDAN MALAMI / BAKIN GIDAN HAKIMI,36/05/01/018,https://inec-cvr-cache.s3.eu-west-1.amazonaws.com/cached/results/117999/result_65363_1677493130_thumb.jpg,2023-02-28T20:38:06.231Z,true,https://raw.githubusercontent.com/mykeels/inec-presidential-elections-2023/master/results/37-zamfara\3867-bungudu\26227-bingi-north\polling-units.json
ZAMFARA,BUNGUDU,BINGI NORTH,GIDAN SARO / PRIMARY SCHOOL,36/05/01/011,https://inec-cvr-cache.s3.eu-west-1.amazonaws.com/cached/results/117992/result_65356_1677492408_thumb.jpg,2023-02-28T18:20:06.952Z,true,https://raw.githubusercontent.com/mykeels/inec-presidential-elections-2023/master/results/37-zamfara\3867-bungudu\26227-bingi-north\polling-units.json
ZAMFARA,BUNGUDU,BINGI NORTH,KADUSA I/PRIMARY SCHOOL,36/05/01/003,https://inec-cvr-cache.s3.eu-west-1.amazonaws.com/cached/results/117984/result_65348_1677491285_thumb.jpg,2023-02-28T18:22:13.430Z,true,https://raw.githubusercontent.com/mykeels/inec-presidential-elections-2023/master/results/37-zamfara\3867-bungudu\26227-bingi-north\polling-units.json
ZAMFARA,BUNGUDU,BINGI NORTH,KADUSA II/BAKIN MASALLACHI,36/05/01/004,https://inec-cvr-cache.s3.eu-west-1.amazonaws.com/cached/results/117985/result_65349_1677491424_thumb.jpg,2023-02-28T21:27:07.112Z,true,https://raw.githubusercontent.com/mykeels/inec-presidential-elections-2023/master/results/37-zamfara\3867-bungudu\26227-bingi-north\polling-units.json
ZAMFARA,BUNGUDU,BINGI NORTH,KADUSA PRI.SCH III/ MARADAWA,36/05/01/025,https://inec-cvr-cache.s3.eu-west-1.amazonaws.com/cached/results/673886/result_65370_1677493869_thumb.jpg,2023-02-28T18:22:40.158Z,true,https://raw.githubusercontent.com/mykeels/inec-presidential-elections-2023/master/results/37-zamfara\3867-bungudu\26227-bingi-north\polling-units.json
ZAMFARA,BUNGUDU,BINGI NORTH,KANGON SABUWAL / PRI. SCH.,36/05/01/015,https://inec-cvr-cache.s3.eu-west-1.amazonaws.com/cached/results/117996/result_65360_1677492811_thumb.jpg,2023-02-28T21:37:06.508Z,true,https://raw.githubusercontent.com/mykeels/inec-presidential-elections-2023/master/results/37-zamfara\3867-bungudu\26227-bingi-north\polling-units.json
ZAMFARA,BUNGUDU,BINGI NORTH,KANON MAGAJI I / BAKIN GIDAN MARAFA,36/05/01/001,https://inec-cvr-cache.s3.eu-west-1.amazonaws.com/cached/results/117982/result_65346_1677490916_thumb.jpg,2023-02-28T18:08:22.189Z,true,https://raw.githubusercontent.com/mykeels/inec-presidential-elections-2023/master/results/37-zamfara\3867-bungudu\26227-bingi-north\polling-units.json
ZAMFARA,BUNGUDU,BINGI NORTH,KANON MAGAJI II/PRIMARY SCHOOL,36/05/01/002,https://inec-cvr-cache.s3.eu-west-1.amazonaws.com/cached/results/117983/result_65347_1677491185_thumb.jpg,2023-02-28T21:30:22.139Z,true,https://raw.githubusercontent.com/mykeels/inec-presidential-elections-2023/master/results/37-zamfara\3867-bungudu\26227-bingi-north\polling-units.json
ZAMFARA,BUNGUDU,BINGI NORTH,KASASA/BAKIN GIDAN HAKIMI,36/05/01/006,https://inec-cvr-cache.s3.eu-west-1.amazonaws.com/cached/results/117987/result_65351_1677491694_thumb.jpg,2023-02-28T21:44:42.212Z,true,https://raw.githubusercontent.com/mykeels/inec-presidential-elections-2023/master/results/37-zamfara\3867-bungudu\26227-bingi-north\polling-units.json
ZAMFARA,BUNGUDU,BINGI NORTH,KUYA / BAKIN GIDAN HAKIMI,36/05/01/021,https://inec-cvr-cache.s3.eu-west-1.amazonaws.com/cached/results/118002/result_65366_1677493405_thumb.jpg,2023-02-28T18:27:03.746Z,true,https://raw.githubusercontent.com/mykeels/inec-presidential-elections-2023/master/results/37-zamfara\3867-bungudu\26227-bingi-north\polling-units.json
ZAMFARA,BUNGUDU,BINGI NORTH,KWABTARI/PRIMARY SCHOOL,36/05/01/007,https://inec-cvr-cache.s3.eu-west-1.amazonaws.com/cached/results/117988/result_65352_1677491803_thumb.jpg,2023-03-01T05:48:03.982Z,true,https://raw.githubusercontent.com/mykeels/inec-presidential-elections-2023/master/results/37-zamfara\3867-bungudu\26227-bingi-north\polling-units.json
ZAMFARA,BUNGUDU,BINGI NORTH,LANDAI/ DAN HILI,36/05/01/024,https://inec-cvr-cache.s3.eu-west-1.amazonaws.com/cached/results/673885/result_65369_1677493702_thumb.jpg,2023-02-28T21:32:01.983Z,true,https://raw.githubusercontent.com/mykeels/inec-presidential-elections-2023/master/results/37-zamfara\3867-bungudu\26227-bingi-north\polling-units.json
ZAMFARA,BUNGUDU,BINGI NORTH,MAJE/ FADA HAKI/BAKIN GIDAN HAKIMI,36/05/01/005,https://inec-cvr-cache.s3.eu-west-1.amazonaws.com/cached/results/117986/result_65350_1677491543_thumb.jpg,2023-02-28T20:37:12.749Z,true,https://raw.githubusercontent.com/mykeels/inec-presidential-elections-2023/master/results/37-zamfara\3867-bungudu\26227-bingi-north\polling-units.json
ZAMFARA,BUNGUDU,BINGI NORTH,MASHEMA / BAKIN GIDAN HAKIMI,36/05/01/016,https://inec-cvr-cache.s3.eu-west-1.amazonaws.com/cached/results/117997/result_65361_1677492936_thumb.jpg,2023-02-28T17:37:24.799Z,true,https://raw.githubusercontent.com/mykeels/inec-presidential-elections-2023/master/results/37-zamfara\3867-bungudu\26227-bingi-north\polling-units.json
ZAMFARA,BUNGUDU,BINGI NORTH,RUWAN KAIWA/BAKIN GIDAN HAKIMI,36/05/01/008,https://inec-cvr-cache.s3.eu-west-1.amazonaws.com/cached/results/117989/result_65353_1677491997_thumb.jpg,2023-02-28T21:28:27.931Z,true,https://raw.githubusercontent.com/mykeels/inec-presidential-elections-2023/master/results/37-zamfara\3867-bungudu\26227-bingi-north\polling-units.json
ZAMFARA,BUNGUDU,BINGI NORTH,TAZAME / BAKIN G/HAKIMI,36/05/01/014,https://inec-cvr-cache.s3.eu-west-1.amazonaws.com/cached/results/117995/result_65359_1677492717_thumb.jpg,2023-02-28T17:23:38.716Z,true,https://raw.githubusercontent.com/mykeels/inec-presidential-elections-2023/master/results/37-zamfara\3867-bungudu\26227-bingi-north\polling-units.json
ZAMFARA,BUNGUDU,BINGI NORTH,UNGUWAR DANGEDA / BAKIN GIDAN HAKIMI,36/05/01/013,https://inec-cvr-cache.s3.eu-west-1.amazonaws.com/cached/results/117994/result_65358_1677492617_thumb.jpg,2023-02-28T21:36:26.622Z,true,https://raw.githubusercontent.com/mykeels/inec-presidential-elections-2023/master/results/37-zamfara\3867-bungudu\26227-bingi-north\polling-units.json
ZAMFARA,BUNGUDU,BINGI NORTH,ZAWIYYA DISPENSARY,36/05/01/028,https://inec-cvr-cache.s3.eu-west-1.amazonaws.com/cached/results/673889/result_65373_1677494093_thumb.jpg,2023-02-28T18:15:11.920Z,false,https://raw.githubusercontent.com/mykeels/inec-presidential-elections-2023/master/results/37-zamfara\3867-bungudu\26227-bingi-north\polling-units.json
ZAMFARA,BUNGUDU,BINGI SOUTH,BAKIN DUTSE  /  BAKIN GIDAN HAKIMI,36/05/02/018,https://inec-cvr-cache.s3.eu-west-1.amazonaws.com/cached/results/118021/result_65392_1677600220_thumb.jpg,2023-02-28T16:04:05.310Z,false,https://raw.githubusercontent.com/mykeels/inec-presidential-elections-2023/master/results/37-zamfara\3867-bungudu\26228-bingi-south\polling-units.json
ZAMFARA,BUNGUDU,BINGI SOUTH,BURAI / PRIMARY SCHOOL,36/05/02/002,https://inec-cvr-cache.s3.eu-west-1.amazonaws.com/cached/results/118005/result_65376_1677594093_thumb.jpg,2023-02-28T14:22:12.723Z,false,https://raw.githubusercontent.com/mykeels/inec-presidential-elections-2023/master/results/37-zamfara\3867-bungudu\26228-bingi-south\polling-units.json
ZAMFARA,BUNGUDU,BINGI SOUTH,CHEDIYA / BAKIN G/ HAKIMI,36/05/02/011,https://inec-cvr-cache.s3.eu-west-1.amazonaws.com/cached/results/118014/result_65385_1677595987_thumb.jpg,2023-02-28T14:53:13.901Z,false,https://raw.githubusercontent.com/mykeels/inec-presidential-elections-2023/master/results/37-zamfara\3867-bungudu\26228-bingi-south\polling-units.json
ZAMFARA,BUNGUDU,BINGI SOUTH,FAN KARFE / BAKIN GIDAN HAKIMI,36/05/02/006,https://inec-cvr-cache.s3.eu-west-1.amazonaws.com/cached/results/118009/result_65380_1677594742_thumb.jpg,2023-02-28T14:33:05.556Z,false,https://raw.githubusercontent.com/mykeels/inec-presidential-elections-2023/master/results/37-zamfara\3867-bungudu\26228-bingi-south\polling-units.json
ZAMFARA,BUNGUDU,BINGI SOUTH,GIDAN SON ALLAH/ BAKIN G/ HAKIMI,36/05/02/007,https://inec-cvr-cache.s3.eu-west-1.amazonaws.com/cached/results/118010/result_65381_1677595186_thumb.jpg,2023-02-28T14:40:02.942Z,false,https://raw.githubusercontent.com/mykeels/inec-presidential-elections-2023/master/results/37-zamfara\3867-bungudu\26228-bingi-south\polling-units.json
ZAMFARA,BUNGUDU,BINGI SOUTH,KANGON MARAFA I  /  PRIMARY SCHOOL,36/05/02/017,https://inec-cvr-cache.s3.eu-west-1.amazonaws.com/cached/results/118020/result_65391_1677599861_thumb.jpg,2023-02-28T15:58:07.661Z,false,https://raw.githubusercontent.com/mykeels/inec-presidential-elections-2023/master/results/37-zamfara\3867-bungudu\26228-bingi-south\polling-units.json
ZAMFARA,BUNGUDU,BINGI SOUTH,KANGON MARAFA II/ PRI.SCH,36/05/02/026,,,false,https://raw.githubusercontent.com/mykeels/inec-presidential-elections-2023/master/results/37-zamfara\3867-bungudu\26228-bingi-south\polling-units.json
ZAMFARA,BUNGUDU,BINGI SOUTH,KILUTA / BAKIN / GIDAN HAKIMI,36/05/02/013,https://inec-cvr-cache.s3.eu-west-1.amazonaws.com/cached/results/118016/result_65387_1677596847_thumb.jpg,2023-02-28T15:08:04.447Z,false,https://raw.githubusercontent.com/mykeels/inec-presidential-elections-2023/master/results/37-zamfara\3867-bungudu\26228-bingi-south\polling-units.json
ZAMFARA,BUNGUDU,BINGI SOUTH,KUN KELAI / BAKIN GIDAN HAKIMI,36/05/02/019,,,false,https://raw.githubusercontent.com/mykeels/inec-presidential-elections-2023/master/results/37-zamfara\3867-bungudu\26228-bingi-south\polling-units.json
ZAMFARA,BUNGUDU,BINGI SOUTH,KUNGURMI I / BAKIN GIDAN HAKIMI,36/05/02/001,https://inec-cvr-cache.s3.eu-west-1.amazonaws.com/cached/results/118004/result_65375_1677592323_thumb.jpg,2023-02-28T14:03:22.846Z,true,https://raw.githubusercontent.com/mykeels/inec-presidential-elections-2023/master/results/37-zamfara\3867-bungudu\26228-bingi-south\polling-units.json
ZAMFARA,BUNGUDU,BINGI SOUTH,KUNGURMI II / PR. SCH.,36/05/02/021,,,false,https://raw.githubusercontent.com/mykeels/inec-presidential-elections-2023/master/results/37-zamfara\3867-bungudu\26228-bingi-south\polling-units.json
ZAMFARA,BUNGUDU,BINGI SOUTH,KUNGURMI II/ PRI.SCH,36/05/02/024,,,false,https://raw.githubusercontent.com/mykeels/inec-presidential-elections-2023/master/results/37-zamfara\3867-bungudu\26228-bingi-south\polling-units.json
ZAMFARA,BUNGUDU,BINGI SOUTH,KURAR MOTA I  /  PRIMARY SCHOOL,36/05/02/016,https://inec-cvr-cache.s3.eu-west-1.amazonaws.com/cached/results/118019/result_65390_1677599305_thumb.jpg,2023-02-28T15:49:06.582Z,false,https://raw.githubusercontent.com/mykeels/inec-presidential-elections-2023/master/results/37-zamfara\3867-bungudu\26228-bingi-south\polling-units.json
ZAMFARA,BUNGUDU,BINGI SOUTH,KURAR MOTA II / BAKIN GIDAN HAKIMI,36/05/02/022,,,false,https://raw.githubusercontent.com/mykeels/inec-presidential-elections-2023/master/results/37-zamfara\3867-bungudu\26228-bingi-south\polling-units.json
ZAMFARA,BUNGUDU,BINGI SOUTH,KURAR MOTA II/  PRI.SCH,36/05/02/025,,,false,https://raw.githubusercontent.com/mykeels/inec-presidential-elections-2023/master/results/37-zamfara\3867-bungudu\26228-bingi-south\polling-units.json
ZAMFARA,BUNGUDU,BINGI SOUTH,LADAN DAJI / LANDAI,36/05/02/005,https://inec-cvr-cache.s3.eu-west-1.amazonaws.com/cached/results/118008/result_65379_1677594389_thumb.jpg,2023-02-28T14:27:12.932Z,false,https://raw.githubusercontent.com/mykeels/inec-presidential-elections-2023/master/results/37-zamfara\3867-bungudu\26228-bingi-south\polling-units.json
ZAMFARA,BUNGUDU,BINGI SOUTH,MAKWA / DURKWAI II / DAN HILI,36/05/02/023,,,false,https://raw.githubusercontent.com/mykeels/inec-presidential-elections-2023/master/results/37-zamfara\3867-bungudu\26228-bingi-south\polling-units.json
ZAMFARA,BUNGUDU,BINGI SOUTH,MAKWAI DURKAI I / BAKIN G/HAKIMI,36/05/02/003,https://inec-cvr-cache.s3.eu-west-1.amazonaws.com/cached/results/118006/result_65377_1677593676_thumb.jpg,2023-02-28T14:15:10.096Z,false,https://raw.githubusercontent.com/mykeels/inec-presidential-elections-2023/master/results/37-zamfara\3867-bungudu\26228-bingi-south\polling-units.json
ZAMFARA,BUNGUDU,BINGI SOUTH,MAYABA    /  BAKIN G/ HAKIMI,36/05/02/010,https://inec-cvr-cache.s3.eu-west-1.amazonaws.com/cached/results/118013/result_65384_1677595820_thumb.jpg,2023-02-28T14:51:08.884Z,false,https://raw.githubusercontent.com/mykeels/inec-presidential-elections-2023/master/results/37-zamfara\3867-bungudu\26228-bingi-south\polling-units.json
ZAMFARA,BUNGUDU,BINGI SOUTH,MAYEBE / BAKIN G/ HAKIMI,36/05/02/012,https://inec-cvr-cache.s3.eu-west-1.amazonaws.com/cached/results/118015/result_65386_1677596225_thumb.jpg,2023-02-28T14:57:12.547Z,false,https://raw.githubusercontent.com/mykeels/inec-presidential-elections-2023/master/results/37-zamfara\3867-bungudu\26228-bingi-south\polling-units.json
ZAMFARA,BUNGUDU,BINGI SOUTH,ROGOJE / BAKIN G/ HAKIMI,36/05/02/008,https://inec-cvr-cache.s3.eu-west-1.amazonaws.com/cached/results/118011/result_65382_1677595390_thumb.jpg,2023-02-28T14:43:14.242Z,false,https://raw.githubusercontent.com/mykeels/inec-presidential-elections-2023/master/results/37-zamfara\3867-bungudu\26228-bingi-south\polling-units.json
ZAMFARA,BUNGUDU,BINGI SOUTH,RUWAN MESA /  BAKIN GIDAN HAKIMI,36/05/02/020,,,false,https://raw.githubusercontent.com/mykeels/inec-presidential-elections-2023/master/results/37-zamfara\3867-bungudu\26228-bingi-south\polling-units.json
ZAMFARA,BUNGUDU,BINGI SOUTH,TUDUN WADA / BAKIN G/HAKIMI,36/05/02/004,https://inec-cvr-cache.s3.eu-west-1.amazonaws.com/cached/results/118007/result_65378_1677594278_thumb.jpg,2023-02-28T14:25:10.409Z,false,https://raw.githubusercontent.com/mykeels/inec-presidential-elections-2023/master/results/37-zamfara\3867-bungudu\26228-bingi-south\polling-units.json
ZAMFARA,BUNGUDU,BINGI SOUTH,TUKURWA / BAKIN / GIDAN HAKIMI,36/05/02/014,https://inec-cvr-cache.s3.eu-west-1.amazonaws.com,2023-02-28T15:23:07.524Z,false,https://raw.githubusercontent.com/mykeels/inec-presidential-elections-2023/master/results/37-zamfara\3867-bungudu\26228-bingi-south\polling-units.json
ZAMFARA,BUNGUDU,BINGI SOUTH,UNGUWAR BARE-BARI  /  BAKIN GIDAN HAKIMI,36/05/02/015,https://inec-cvr-cache.s3.eu-west-1.amazonaws.com/cached/results/118018/result_65389_1677598680_thumb.jpg,2023-02-28T15:38:04.229Z,false,https://raw.githubusercontent.com/mykeels/inec-presidential-elections-2023/master/results/37-zamfara\3867-bungudu\26228-bingi-south\polling-units.json
ZAMFARA,BUNGUDU,BINGI SOUTH,YAR WUTSIYA / BAKIN G/ HAKIMI,36/05/02/009,https://inec-cvr-cache.s3.eu-west-1.amazonaws.com/cached/results/118012/result_65383_1677595625_thumb.jpg,2023-02-28T14:47:08.607Z,false,https://raw.githubusercontent.com/mykeels/inec-presidential-elections-2023/master/results/37-zamfara\3867-bungudu\26228-bingi-south\polling-units.json
ZAMFARA,BUNGUDU,BUNGUDU,ARWA PRI.SCH,36/05/03/038,https://inec-cvr-cache.s3.eu-west-1.amazonaws.com/cached/results/673915/result_65438_1677499320_thumb.jpg,2023-03-01T05:49:30.217Z,true,https://raw.githubusercontent.com/mykeels/inec-presidential-elections-2023/master/results/37-zamfara\3867-bungudu\26229-bungudu\polling-units.json
ZAMFARA,BUNGUDU,BUNGUDU,B/DURUMI MASALLACI LALLE D/FILI,36/05/03/020,https://inec-cvr-cache.s3.eu-west-1.amazonaws.com/cached/results/673897/result_65420_1677504743_thumb.jpg,2023-02-28T17:39:00.279Z,true,https://raw.githubusercontent.com/mykeels/inec-presidential-elections-2023/master/results/37-zamfara\3867-bungudu\26229-bungudu\polling-units.json
ZAMFARA,BUNGUDU,BUNGUDU,BIRNIN MALAN  /  PRIMARY SCHOOL,36/05/03/004,https://inec-cvr-cache.s3.eu-west-1.amazonaws.com/cached/results/118030/result_65404_1677505289_thumb.jpg,2023-02-28T18:07:47.732Z,true,https://raw.githubusercontent.com/mykeels/inec-presidential-elections-2023/master/results/37-zamfara\3867-bungudu\26229-bungudu\polling-units.json
ZAMFARA,BUNGUDU,BUNGUDU,BIRNIN MALAN II/ PRI.SCH,36/05/03/037,https://inec-cvr-cache.s3.eu-west-1.amazonaws.com/cached/results/673914/result_65437_1677499960_thumb.jpg,2023-02-28T20:24:04.989Z,true,https://raw.githubusercontent.com/mykeels/inec-presidential-elections-2023/master/results/37-zamfara\3867-bungudu\26229-bungudu\polling-units.json
ZAMFARA,BUNGUDU,BUNGUDU,BIRNIN MALAN PRI.SCH II,36/05/03/021,https://inec-cvr-cache.s3.eu-west-1.amazonaws.com/cached/results/673898/result_65421_1677498947_thumb.jpg,2023-02-28T18:22:24.482Z,true,https://raw.githubusercontent.com/mykeels/inec-presidential-elections-2023/master/results/37-zamfara\3867-bungudu\26229-bungudu\polling-units.json
ZAMFARA,BUNGUDU,BUNGUDU,COMM/PRI.SCH U/SARKI III,36/05/03/029,https://inec-cvr-cache.s3.eu-west-1.amazonaws.com/cached/results/673906/result_65429_1677499665_thumb.jpg,2023-02-28T17:33:45.803Z,true,https://raw.githubusercontent.com/mykeels/inec-presidential-elections-2023/master/results/37-zamfara\3867-bungudu\26229-bungudu\polling-units.json
ZAMFARA,BUNGUDU,BUNGUDU,DAN DABI DAN FILI,36/05/03/022,https://inec-cvr-cache.s3.eu-west-1.amazonaws.com/cached/results/673899/result_65422_1677501439_thumb.jpg,2023-02-28T20:22:17.887Z,true,https://raw.githubusercontent.com/mykeels/inec-presidential-elections-2023/master/results/37-zamfara\3867-bungudu\26229-bungudu\polling-units.json
ZAMFARA,BUNGUDU,BUNGUDU,DAN SOKOTO II/ PRI.SCH,36/05/03/023,https://inec-cvr-cache.s3.eu-west-1.amazonaws.com/cached/results/673900/result_65423_1677504897_thumb.jpg,2023-02-28T20:26:28.977Z,true,https://raw.githubusercontent.com/mykeels/inec-presidential-elections-2023/master/results/37-zamfara\3867-bungudu\26229-bungudu\polling-units.json
ZAMFARA,BUNGUDU,BUNGUDU,DAN SOKOTO III/ PRI.SCH,36/05/03/024,https://inec-cvr-cache.s3.eu-west-1.amazonaws.com/cached/results/673901/result_65424_1677496830_thumb.jpg,2023-02-28T17:33:14.960Z,true,https://raw.githubusercontent.com/mykeels/inec-presidential-elections-2023/master/results/37-zamfara\3867-bungudu\26229-bungudu\polling-units.json
ZAMFARA,BUNGUDU,BUNGUDU,FADA I/ BAKIN GIDAN SARKI,36/05/03/013,,,false,https://raw.githubusercontent.com/mykeels/inec-presidential-elections-2023/master/results/37-zamfara\3867-bungudu\26229-bungudu\polling-units.json
ZAMFARA,BUNGUDU,BUNGUDU,FADA II / MAGAMA FADA,36/05/03/014,https://inec-cvr-cache.s3.eu-west-1.amazonaws.com/cached/results/118040/result_65414_1677505887_thumb.jpg,2023-02-28T20:39:18.454Z,true,https://raw.githubusercontent.com/mykeels/inec-presidential-elections-2023/master/results/37-zamfara\3867-bungudu\26229-bungudu\polling-units.json
ZAMFARA,BUNGUDU,BUNGUDU,GALADANCI / MAGAMA,36/05/03/003,https://inec-cvr-cache.s3.eu-west-1.amazonaws.com/cached/results/118029/result_65403_1677498441_thumb.jpg,2023-02-28T20:40:52.952Z,false,https://raw.githubusercontent.com/mykeels/inec-presidential-elections-2023/master/results/37-zamfara\3867-bungudu\26229-bungudu\polling-units.json
ZAMFARA,BUNGUDU,BUNGUDU,GIDAN DANGWARI / BAKIN GIDAN HAKIMI,36/05/03/010,https://inec-cvr-cache.s3.eu-west-1.amazonaws.com/cached/results/118036/result_65410_1677500454_thumb.jpg,2023-02-28T20:28:00.160Z,true,https://raw.githubusercontent.com/mykeels/inec-presidential-elections-2023/master/results/37-zamfara\3867-bungudu\26229-bungudu\polling-units.json
ZAMFARA,BUNGUDU,BUNGUDU,GIRLS F/PRI.SCH K/RUWA,36/05/03/031,https://inec-cvr-cache.s3.eu-west-1.amazonaws.com/cached/results/673908/result_65431_1677498653_thumb.jpg,2023-02-28T21:31:48.353Z,false,https://raw.githubusercontent.com/mykeels/inec-presidential-elections-2023/master/results/37-zamfara\3867-bungudu\26229-bungudu\polling-units.json
ZAMFARA,BUNGUDU,BUNGUDU,GIRLS F/PRI.SCH K/RUWA/ZYH,36/05/03/032,https://inec-cvr-cache.s3.eu-west-1.amazonaws.com/cached/results/673909/result_65432_1677506682_thumb.jpg,2023-02-28T21:45:16.936Z,true,https://raw.githubusercontent.com/mykeels/inec-presidential-elections-2023/master/results/37-zamfara\3867-bungudu\26229-bungudu\polling-units.json
ZAMFARA,BUNGUDU,BUNGUDU,GOBIRAWA / DAN HILI,36/05/03/006,https://inec-cvr-cache.s3.eu-west-1.amazonaws.com/cached/results/118032/result_65406_1677501569_thumb.jpg,2023-02-28T21:40:31.679Z,true,https://raw.githubusercontent.com/mykeels/inec-presidential-elections-2023/master/results/37-zamfara\3867-bungudu\26229-bungudu\polling-units.json
ZAMFARA,BUNGUDU,BUNGUDU,KASHA RUWA / PRIMARY SCHOOL,36/05/03/008,https://inec-cvr-cache.s3.eu-west-1.amazonaws.com/cached/results/118034/result_65408_1677506099_thumb.jpg,2023-02-28T18:24:29.960Z,true,https://raw.githubusercontent.com/mykeels/inec-presidential-elections-2023/master/results/37-zamfara\3867-bungudu\26229-bungudu\polling-units.json
ZAMFARA,BUNGUDU,BUNGUDU,KASHA RUWA II/ PRI.SCH,36/05/03/030,https://inec-cvr-cache.s3.eu-west-1.amazonaws.com/cached/results/673907/result_65430_1677499771_thumb.jpg,2023-02-28T18:08:52.835Z,true,https://raw.githubusercontent.com/mykeels/inec-presidential-elections-2023/master/results/37-zamfara\3867-bungudu\26229-bungudu\polling-units.json
ZAMFARA,BUNGUDU,BUNGUDU,KOFAR KADE DAN FILI/KWAKWARA,36/05/03/033,https://inec-cvr-cache.s3.eu-west-1.amazonaws.com/cached/results/673910/result_65433_1677496625_thumb.jpg,2023-02-28T17:44:06.078Z,false,https://raw.githubusercontent.com/mykeels/inec-presidential-elections-2023/master/results/37-zamfara\3867-bungudu\26229-bungudu\polling-units.json
ZAMFARA,BUNGUDU,BUNGUDU,KOFAR MAGAJI D/FILI,36/05/03/017,,,false,https://raw.githubusercontent.com/mykeels/inec-presidential-elections-2023/master/results/37-zamfara\3867-bungudu\26229-bungudu\polling-units.json
ZAMFARA,BUNGUDU,BUNGUDU,KUKOKI  /  VET OFFICE,36/05/03/002,https://inec-cvr-cache.s3.eu-west-1.amazonaws.com/cached/results/118028/result_65402_1677506231_thumb.jpg,2023-02-28T21:26:27.394Z,true,https://raw.githubusercontent.com/mykeels/inec-presidential-elections-2023/master/results/37-zamfara\3867-bungudu\26229-bungudu\polling-units.json
ZAMFARA,BUNGUDU,BUNGUDU,LANGA LANGA S/F/PRI.SCH,36/05/03/027,https://inec-cvr-cache.s3.eu-west-1.amazonaws.com/cached/results/673904/result_65427_1677495819_thumb.jpg,2023-02-28T21:32:37.108Z,true,https://raw.githubusercontent.com/mykeels/inec-presidential-elections-2023/master/results/37-zamfara\3867-bungudu\26229-bungudu\polling-units.json
ZAMFARA,BUNGUDU,BUNGUDU,LIMANCI  II,36/05/03/011,https://inec-cvr-cache.s3.eu-west-1.amazonaws.com/cached/results/118037/result_65411_1677500692_thumb.jpg,2023-02-28T17:29:55.120Z,true,https://raw.githubusercontent.com/mykeels/inec-presidential-elections-2023/master/results/37-zamfara\3867-bungudu\26229-bungudu\polling-units.json
ZAMFARA,BUNGUDU,BUNGUDU,LIMANCI I / BAKIN GIDAN LIMAN,36/05/03/007,,,false,https://raw.githubusercontent.com/mykeels/inec-presidential-elections-2023/master/results/37-zamfara\3867-bungudu\26229-bungudu\polling-units.json
ZAMFARA,BUNGUDU,BUNGUDU,MALLAMAWA I / PRIMARY SCHOOL,36/05/03/001,https://inec-cvr-cache.s3.eu-west-1.amazonaws.com/cached/results/118027/result_65401_1677496060_thumb.jpg,2023-02-28T18:11:59.029Z,false,https://raw.githubusercontent.com/mykeels/inec-presidential-elections-2023/master/results/37-zamfara\3867-bungudu\26229-bungudu\polling-units.json
ZAMFARA,BUNGUDU,BUNGUDU,MALLAMAWA II / DAN HILI,36/05/03/012,https://inec-cvr-cache.s3.eu-west-1.amazonaws.com/cached/results/118038/result_65412_1677499154_thumb.jpg,2023-02-28T17:35:09.358Z,true,https://raw.githubusercontent.com/mykeels/inec-presidential-elections-2023/master/results/37-zamfara\3867-bungudu\26229-bungudu\polling-units.json
ZAMFARA,BUNGUDU,BUNGUDU,MALLAMAWA III / DAN DABI,36/05/03/015,https://inec-cvr-cache.s3.eu-west-1.amazonaws.com/cached/results/118041/result_65415_1677505160_thumb.jpg,2023-02-28T18:21:01.464Z,true,https://raw.githubusercontent.com/mykeels/inec-presidential-elections-2023/master/results/37-zamfara\3867-bungudu\26229-bungudu\polling-units.json
ZAMFARA,BUNGUDU,BUNGUDU,MATSERI COMM PRI.SCH,36/05/03/018,https://inec-cvr-cache.s3.eu-west-1.amazonaws.com/cached/results/673895/result_65418_1677507086_thumb.jpg,2023-02-28T20:20:10.370Z,true,https://raw.githubusercontent.com/mykeels/inec-presidential-elections-2023/master/results/37-zamfara\3867-bungudu\26229-bungudu\polling-units.json
ZAMFARA,BUNGUDU,BUNGUDU,MUDALI'A DAN FILI,36/05/03/025,https://inec-cvr-cache.s3.eu-west-1.amazonaws.com/cached/results/673902/result_65425_1677501267_thumb.jpg,2023-02-28T20:34:33.755Z,true,https://raw.githubusercontent.com/mykeels/inec-presidential-elections-2023/master/results/37-zamfara\3867-bungudu\26229-bungudu\polling-units.json
ZAMFARA,BUNGUDU,BUNGUDU,POST OFFICE BUNGUDU,36/05/03/035,https://inec-cvr-cache.s3.eu-west-1.amazonaws.com/cached/results/673912/result_65435_1677500285_thumb.jpg,2023-02-28T21:41:28.815Z,true,https://raw.githubusercontent.com/mykeels/inec-presidential-elections-2023/master/results/37-zamfara\3867-bungudu\26229-bungudu\polling-units.json
ZAMFARA,BUNGUDU,BUNGUDU,RUGGA D/FILI U/GAWO,36/05/03/036,https://inec-cvr-cache.s3.eu-west-1.amazonaws.com/cached/results/673913/result_65436_1677496328_thumb.jpg,2023-02-28T21:30:17.807Z,false,https://raw.githubusercontent.com/mykeels/inec-presidential-elections-2023/master/results/37-zamfara\3867-bungudu\26229-bungudu\polling-units.json
ZAMFARA,BUNGUDU,BUNGUDU,S/FULANI I/ PRI.SCH,36/05/03/028,https://inec-cvr-cache.s3.eu-west-1.amazonaws.com/cached/results/673905/result_65428_1677506951_thumb.jpg,2023-02-28T21:35:05.259Z,true,https://raw.githubusercontent.com/mykeels/inec-presidential-elections-2023/master/results/37-zamfara\3867-bungudu\26229-bungudu\polling-units.json
ZAMFARA,BUNGUDU,BUNGUDU,S/FULANI II /MODEL PRI.SCH,36/05/03/034,https://inec-cvr-cache.s3.eu-west-1.amazonaws.com/cached/results/673911/result_65434_1677500141_thumb.jpg,2023-02-28T18:08:24.951Z,true,https://raw.githubusercontent.com/mykeels/inec-presidential-elections-2023/master/results/37-zamfara\3867-bungudu\26229-bungudu\polling-units.json
ZAMFARA,BUNGUDU,BUNGUDU,SABON BIRNI DISPENSARY,36/05/03/026,https://inec-cvr-cache.s3.eu-west-1.amazonaws.com/cached/results/673903/result_65426_1677506502_thumb.jpg,2023-02-28T21:35:04.819Z,true,https://raw.githubusercontent.com/mykeels/inec-presidential-elections-2023/master/results/37-zamfara\3867-bungudu\26229-bungudu\polling-units.json
ZAMFARA,BUNGUDU,BUNGUDU,SAYE COMM PRI.SCH,36/05/03/019,https://inec-cvr-cache.s3.eu-west-1.amazonaws.com/cached/results/673896/result_65419_1677497102_thumb.jpg,2023-02-28T18:18:45.293Z,false,https://raw.githubusercontent.com/mykeels/inec-presidential-elections-2023/master/results/37-zamfara\3867-bungudu\26229-bungudu\polling-units.json
ZAMFARA,BUNGUDU,BUNGUDU,SHIYAR IDI/  S/ BIRNI DAN HILI,36/05/03/005,https://inec-cvr-cache.s3.eu-west-1.amazonaws.com/cached/results/118031/result_65405_1677506751_thumb.jpg,2023-02-28T18:24:28.027Z,true,https://raw.githubusercontent.com/mykeels/inec-presidential-elections-2023/master/results/37-zamfara\3867-bungudu\26229-bungudu\polling-units.json
ZAMFARA,BUNGUDU,BUNGUDU,TUDUN YAN SARKI/ BAKIN GIDAN HAKIMI,36/05/03/016,https://inec-cvr-cache.s3.eu-west-1.amazonaws.com/cached/results/118042/result_65416_1677507047_thumb.jpg,2023-02-28T17:28:40.264Z,true,https://raw.githubusercontent.com/mykeels/inec-presidential-elections-2023/master/results/37-zamfara\3867-bungudu\26229-bungudu\polling-units.json
ZAMFARA,BUNGUDU,BUNGUDU,YAR TUKUNYA / PRIMARY SCHOOL,36/05/03/009,,,false,https://raw.githubusercontent.com/mykeels/inec-presidential-elections-2023/master/results/37-zamfara\3867-bungudu\26229-bungudu\polling-units.json
ZAMFARA,BUNGUDU,FURFURI/KWAI-KWAI,AUKI / G/ JA'E /BAKIN GIDAN JA'E,36/05/04/021,https://inec-cvr-cache.s3.eu-west-1.amazonaws.com/cached/results/118063/result_65459_1677594879_thumb.jpg,2023-02-28T14:35:02.525Z,false,https://raw.githubusercontent.com/mykeels/inec-presidential-elections-2023/master/results/37-zamfara\3867-bungudu\26230-furfuri-kwai-kwai\polling-units.json
ZAMFARA,BUNGUDU,FURFURI/KWAI-KWAI,AUKI / PRI. SCH.,36/05/04/011,https://docs.inecelectionresults.net/elections_prod/1292/state/1/lga/3867/ward/26230/pu/119153/119153-1677500273.pdf,2023-02-27T12:18:02.107Z,false,https://raw.githubusercontent.com/mykeels/inec-presidential-elections-2023/master/results/37-zamfara\3867-bungudu\26230-furfuri-kwai-kwai\polling-units.json
ZAMFARA,BUNGUDU,FURFURI/KWAI-KWAI,AUKI II/ PRI.SCH,36/05/04/022,https://inec-cvr-cache.s3.eu-west-1.amazonaws.com/cached/results/673916/result_65460_1677595302_thumb.jpg,2023-02-28T14:42:04.260Z,false,https://raw.githubusercontent.com/mykeels/inec-presidential-elections-2023/master/results/37-zamfara\3867-bungudu\26230-furfuri-kwai-kwai\polling-units.json
ZAMFARA,BUNGUDU,FURFURI/KWAI-KWAI,AWALA PRI.SCH,36/05/04/023,https://inec-cvr-cache.s3.eu-west-1.amazonaws.com/cached/results/673917/result_65461_1677593661_thumb.jpg,2023-02-28T14:15:08.066Z,false,https://raw.githubusercontent.com/mykeels/inec-presidential-elections-2023/master/results/37-zamfara\3867-bungudu\26230-furfuri-kwai-kwai\polling-units.json
ZAMFARA,BUNGUDU,FURFURI/KWAI-KWAI,AWALA PRI.SCH,36/05/04/032,https://docs.inecelectionresults.net/elections_prod/1292/state/1/lga/3867/ward/26230/pu/177877/177877-1677502574.pdf,2023-02-27T12:57:00.306Z,false,https://raw.githubusercontent.com/mykeels/inec-presidential-elections-2023/master/results/37-zamfara\3867-bungudu\26230-furfuri-kwai-kwai\polling-units.json
ZAMFARA,BUNGUDU,FURFURI/KWAI-KWAI,FANTARU   /   PRI. SCH.,36/05/04/014,https://docs.inecelectionresults.net/elections_prod/1292/state/1/lga/3867/ward/26230/pu/119156/119156-1677500652.pdf,2023-02-27T12:25:01.150Z,false,https://raw.githubusercontent.com/mykeels/inec-presidential-elections-2023/master/results/37-zamfara\3867-bungudu\26230-furfuri-kwai-kwai\polling-units.json
ZAMFARA,BUNGUDU,FURFURI/KWAI-KWAI,FURFURI DISPENSARY,36/05/04/030,https://docs.inecelectionresults.net/elections_prod/1292/state/1/lga/3867/ward/26230/pu/177875/177875-1677502796.pdf,2023-02-27T13:01:01.151Z,false,https://raw.githubusercontent.com/mykeels/inec-presidential-elections-2023/master/results/37-zamfara\3867-bungudu\26230-furfuri-kwai-kwai\polling-units.json
ZAMFARA,BUNGUDU,FURFURI/KWAI-KWAI,FURFURI I/ GOVT DAY SEC SCH,36/05/04/024,https://inec-cvr-cache.s3.eu-west-1.amazonaws.com/cached/results/673918/result_65462_1677594032_thumb.jpg,2023-02-28T14:21:05.377Z,false,https://raw.githubusercontent.com/mykeels/inec-presidential-elections-2023/master/results/37-zamfara\3867-bungudu\26230-furfuri-kwai-kwai\polling-units.json
ZAMFARA,BUNGUDU,FURFURI/KWAI-KWAI,FURFURI II/ G.D.S.S,36/05/04/025,,,false,https://raw.githubusercontent.com/mykeels/inec-presidential-elections-2023/master/results/37-zamfara\3867-bungudu\26230-furfuri-kwai-kwai\polling-units.json
ZAMFARA,BUNGUDU,FURFURI/KWAI-KWAI,GALADANCI /BAKIN OFISHIN MAIGARI,36/05/04/003,https://docs.inecelectionresults.net/elections_prod/1292/state/1/lga/3867/ward/26230/pu/119145/119145-1677499006.pdf,2023-02-27T11:57:01.020Z,false,https://raw.githubusercontent.com/mykeels/inec-presidential-elections-2023/master/results/37-zamfara\3867-bungudu\26230-furfuri-kwai-kwai\polling-units.json
ZAMFARA,BUNGUDU,FURFURI/KWAI-KWAI,GARKA B/MASALLACI,36/05/04/029,https://inec-cvr-cache.s3.eu-west-1.amazonaws.com/cached/results/673923/result_65467_1677593387_thumb.jpg,2023-02-28T14:10:08.080Z,false,https://raw.githubusercontent.com/mykeels/inec-presidential-elections-2023/master/results/37-zamfara\3867-bungudu\26230-furfuri-kwai-kwai\polling-units.json
ZAMFARA,BUNGUDU,FURFURI/KWAI-KWAI,GIDAN DAN INNA D/ FILI,36/05/04/036,https://inec-cvr-cache.s3.eu-west-1.amazonaws.com/cached/results/673930/result_65474_1677593900_thumb.jpg,2023-02-28T14:19:10.313Z,false,https://raw.githubusercontent.com/mykeels/inec-presidential-elections-2023/master/results/37-zamfara\3867-bungudu\26230-furfuri-kwai-kwai\polling-units.json
ZAMFARA,BUNGUDU,FURFURI/KWAI-KWAI,GIDAN DAWA PRI.SCH,36/05/04/031,https://docs.inecelectionresults.net/elections_prod/1292/state/1/lga/3867/ward/26230/pu/177876/177876-1677502498.pdf,2023-02-27T12:55:59.881Z,false,https://raw.githubusercontent.com/mykeels/inec-presidential-elections-2023/master/results/37-zamfara\3867-bungudu\26230-furfuri-kwai-kwai\polling-units.json
ZAMFARA,BUNGUDU,FURFURI/KWAI-KWAI,GIDAN GAGGA   /  BAKIN GIDAN HAKIMI,36/05/04/017,https://docs.inecelectionresults.net/elections_prod/1292/state/1/lga/3867/ward/26230/pu/119159/119159-1677500990.pdf,2023-02-27T12:30:01.732Z,false,https://raw.githubusercontent.com/mykeels/inec-presidential-elections-2023/master/results/37-zamfara\3867-bungudu\26230-furfuri-kwai-kwai\polling-units.json
ZAMFARA,BUNGUDU,FURFURI/KWAI-KWAI,GUGA / BAKIN GIDAN HAKIMI,36/05/04/008,https://docs.inecelectionresults.net/elections_prod/1292/state/1/lga/3867/ward/26230/pu/119150/119150-1677499896.pdf,2023-02-27T12:12:01.033Z,false,https://raw.githubusercontent.com/mykeels/inec-presidential-elections-2023/master/results/37-zamfara\3867-bungudu\26230-furfuri-kwai-kwai\polling-units.json
ZAMFARA,BUNGUDU,FURFURI/KWAI-KWAI,GWAJI / B / G / HAKIMI,36/05/04/016,https://docs.inecelectionresults.net/elections_prod/1292/state/1/lga/3867/ward/26230/pu/119158/119158-1677500877.pdf,2023-02-27T12:29:00.956Z,false,https://raw.githubusercontent.com/mykeels/inec-presidential-elections-2023/master/results/37-zamfara\3867-bungudu\26230-furfuri-kwai-kwai\polling-units.json
ZAMFARA,BUNGUDU,FURFURI/KWAI-KWAI,KOFAR YAMMA I/ PRI.SCH,36/05/04/026,https://inec-cvr-cache.s3.eu-west-1.amazonaws.com/cached/results/673920/result_65464_1677596222_thumb.jpg,2023-02-28T14:57:13.470Z,false,https://raw.githubusercontent.com/mykeels/inec-presidential-elections-2023/master/results/37-zamfara\3867-bungudu\26230-furfuri-kwai-kwai\polling-units.json
ZAMFARA,BUNGUDU,FURFURI/KWAI-KWAI,KOFAR YAMMA II/ PRI.SCH,36/05/04/027,https://inec-cvr-cache.s3.eu-west-1.amazonaws.com/cached/results/673921/result_65465_1677592625_thumb.jpg,2023-02-28T14:09:19.688Z,false,https://raw.githubusercontent.com/mykeels/inec-presidential-elections-2023/master/results/37-zamfara\3867-bungudu\26230-furfuri-kwai-kwai\polling-units.json
ZAMFARA,BUNGUDU,FURFURI/KWAI-KWAI,KOFAR YAMMA III/ PRI.SCH,36/05/04/028,https://inec-cvr-cache.s3.eu-west-1.amazonaws.com/cached/results/673922/result_65466_1677593122_thumb.jpg,2023-02-28T14:06:41.294Z,false,https://raw.githubusercontent.com/mykeels/inec-presidential-elections-2023/master/results/37-zamfara\3867-bungudu\26230-furfuri-kwai-kwai\polling-units.json
ZAMFARA,BUNGUDU,FURFURI/KWAI-KWAI,KUGA   /   BAKIN GIDAN HAKIMI,36/05/04/019,https://docs.inecelectionresults.net/elections_prod/1292/state/1/lga/3867/ward/26230/pu/119161/119161-1677501355.pdf,2023-02-27T12:36:01.526Z,false,https://raw.githubusercontent.com/mykeels/inec-presidential-elections-2023/master/results/37-zamfara\3867-bungudu\26230-furfuri-kwai-kwai\polling-units.json
ZAMFARA,BUNGUDU,FURFURI/KWAI-KWAI,KUKAR MADA    /   BAKIN GIDAN HAKIMI,36/05/04/018,https://docs.inecelectionresults.net/elections_prod/1292/state/1/lga/3867/ward/26230/pu/119160/119160-1677501233.pdf,2023-02-27T12:34:01.194Z,false,https://raw.githubusercontent.com/mykeels/inec-presidential-elections-2023/master/results/37-zamfara\3867-bungudu\26230-furfuri-kwai-kwai\polling-units.json
ZAMFARA,BUNGUDU,FURFURI/KWAI-KWAI,KUKAR NINI   /  BAKIN GIDAN HAKIMI,36/05/04/013,https://docs.inecelectionresults.net/elections_prod/1292/state/1/lga/3867/ward/26230/pu/119155/119155-1677500527.pdf,2023-02-27T12:22:59.977Z,false,https://raw.githubusercontent.com/mykeels/inec-presidential-elections-2023/master/results/37-zamfara\3867-bungudu\26230-furfuri-kwai-kwai\polling-units.json
ZAMFARA,BUNGUDU,FURFURI/KWAI-KWAI,KWAI-KWAI   /  BAKIN GIDANHAKIMI,36/05/04/012,https://docs.inecelectionresults.net/elections_prod/1292/state/1/lga/3867/ward/26230/pu/119154/119154-1677500399.pdf,2023-02-27T12:20:59.857Z,false,https://raw.githubusercontent.com/mykeels/inec-presidential-elections-2023/master/results/37-zamfara\3867-bungudu\26230-furfuri-kwai-kwai\polling-units.json
ZAMFARA,BUNGUDU,FURFURI/KWAI-KWAI,KWARE I / DAN HILI,36/05/04/004,https://docs.inecelectionresults.net/elections_prod/1292/state/1/lga/3867/ward/26230/pu/119146/119146-1677499253.pdf,2023-02-27T12:01:02.076Z,false,https://raw.githubusercontent.com/mykeels/inec-presidential-elections-2023/master/results/37-zamfara\3867-bungudu\26230-furfuri-kwai-kwai\polling-units.json
ZAMFARA,BUNGUDU,FURFURI/KWAI-KWAI,KWARE II /  MAGAMA,36/05/04/005,https://docs.inecelectionresults.net/elections_prod/1292/state/1/lga/3867/ward/26230/pu/119147/119147-1677499376.pdf,2023-02-27T12:03:59.846Z,false,https://raw.githubusercontent.com/mykeels/inec-presidential-elections-2023/master/results/37-zamfara\3867-bungudu\26230-furfuri-kwai-kwai\polling-units.json
ZAMFARA,BUNGUDU,FURFURI/KWAI-KWAI,MADIDI/ BAKIN GIDAN HAKIMI,36/05/04/010,https://docs.inecelectionresults.net/elections_prod/1292/state/1/lga/3867/ward/26230/pu/119152/119152-1677500132.pdf,2023-02-27T12:16:00.756Z,false,https://raw.githubusercontent.com/mykeels/inec-presidential-elections-2023/master/results/37-zamfara\3867-bungudu\26230-furfuri-kwai-kwai\polling-units.json
ZAMFARA,BUNGUDU,FURFURI/KWAI-KWAI,MADIDIN TUDU PRI.SCH,36/05/04/033,https://docs.inecelectionresults.net/elections_prod/1292/state/1/lga/3867/ward/26230/pu/177878/177878-1677502375.pdf,2023-02-27T12:53:59.829Z,false,https://raw.githubusercontent.com/mykeels/inec-presidential-elections-2023/master/results/37-zamfara\3867-bungudu\26230-furfuri-kwai-kwai\polling-units.json
ZAMFARA,BUNGUDU,FURFURI/KWAI-KWAI,MAI GIJE /  BAKIN GIDAN HAKIMI,36/05/04/020,https://inec-cvr-cache.s3.eu-west-1.amazonaws.com/cached/results/118062/result_65458_1677594435_thumb.jpg,2023-02-28T14:27:23.931Z,false,https://raw.githubusercontent.com/mykeels/inec-presidential-elections-2023/master/results/37-zamfara\3867-bungudu\26230-furfuri-kwai-kwai\polling-units.json
ZAMFARA,BUNGUDU,FURFURI/KWAI-KWAI,R/Y/M/TSAUNI H/GADA,36/05/04/034,https://docs.inecelectionresults.net/elections_prod/1292/state/1/lga/3867/ward/26230/pu/177879/177879-1677502699.pdf,2023-02-27T12:59:01.236Z,false,https://raw.githubusercontent.com/mykeels/inec-presidential-elections-2023/master/results/37-zamfara\3867-bungudu\26230-furfuri-kwai-kwai\polling-units.json
ZAMFARA,BUNGUDU,FURFURI/KWAI-KWAI,RUNJI B/KWAKWARA,36/05/04/035,https://inec-cvr-cache.s3.eu-west-1.amazonaws.com/cached/results/673929/result_65473_1677594122_thumb.jpg,2023-02-28T14:22:15.099Z,false,https://raw.githubusercontent.com/mykeels/inec-presidential-elections-2023/master/results/37-zamfara\3867-bungudu\26230-furfuri-kwai-kwai\polling-units.json
ZAMFARA,BUNGUDU,FURFURI/KWAI-KWAI,RUNJI I / BAKIN GIDAN MAI UNGUWA,36/05/04/006,https://docs.inecelectionresults.net/elections_prod/1292/state/1/lga/3867/ward/26230/pu/119148/119148-1677499573.pdf,2023-02-27T12:07:01.673Z,false,https://raw.githubusercontent.com/mykeels/inec-presidential-elections-2023/master/results/37-zamfara\3867-bungudu\26230-furfuri-kwai-kwai\polling-units.json
ZAMFARA,BUNGUDU,FURFURI/KWAI-KWAI,RUNJI II / BAKIN GIDAN NA RUNJI,36/05/04/007,https://docs.inecelectionresults.net/elections_prod/1292/state/1/lga/3867/ward/26230/pu/119149/119149-1677499699.pdf,2023-02-27T12:09:01.737Z,false,https://raw.githubusercontent.com/mykeels/inec-presidential-elections-2023/master/results/37-zamfara\3867-bungudu\26230-furfuri-kwai-kwai\polling-units.json
ZAMFARA,BUNGUDU,FURFURI/KWAI-KWAI,SABON BIRNIN I /  PRI. SCHOOL,36/05/04/001,https://docs.inecelectionresults.net/elections_prod/1292/state/1/lga/3867/ward/26230/pu/119143/119143-1677497806.pdf,2023-02-27T11:37:01.759Z,false,https://raw.githubusercontent.com/mykeels/inec-presidential-elections-2023/master/results/37-zamfara\3867-bungudu\26230-furfuri-kwai-kwai\polling-units.json
ZAMFARA,BUNGUDU,FURFURI/KWAI-KWAI,SABON BIRNIN II /  DAN HILI,36/05/04/002,https://docs.inecelectionresults.net/elections_prod/1292/state/1/lga/3867/ward/26230/pu/119144/119144-1677498528.pdf,2023-02-27T11:49:01.418Z,false,https://raw.githubusercontent.com/mykeels/inec-presidential-elections-2023/master/results/37-zamfara\3867-bungudu\26230-furfuri-kwai-kwai\polling-units.json
ZAMFARA,BUNGUDU,FURFURI/KWAI-KWAI,SHIRGI / BAKIN GIDAN HAKIMI,36/05/04/009,https://docs.inecelectionresults.net/elections_prod/1292/state/1/lga/3867/ward/26230/pu/119151/119151-1677500037.pdf,2023-02-27T12:14:59.914Z,false,https://raw.githubusercontent.com/mykeels/inec-presidential-elections-2023/master/results/37-zamfara\3867-bungudu\26230-furfuri-kwai-kwai\polling-units.json
ZAMFARA,BUNGUDU,FURFURI/KWAI-KWAI,ZAMAN GIRA    /  BAKIN GIDAN HAKIMI,36/05/04/015,https://docs.inecelectionresults.net/elections_prod/1292/state/1/lga/3867/ward/26230/pu/119157/119157-1677500754.pdf,2023-02-27T12:26:01.704Z,false,https://raw.githubusercontent.com/mykeels/inec-presidential-elections-2023/master/results/37-zamfara\3867-bungudu\26230-furfuri-kwai-kwai\polling-units.json
ZAMFARA,BUNGUDU,GADA / KARAKKAI,AWALA / BAKIN GIDAN MAI UNGUWA,36/05/05/006,https://docs.inecelectionresults.net/elections_prod/1292/state/1/lga/3867/ward/26231/pu/119169/119169-1677487610.pdf,2023-02-27T08:47:00.266Z,false,https://raw.githubusercontent.com/mykeels/inec-presidential-elections-2023/master/results/37-zamfara\3867-bungudu\26231-gada-karakkai\polling-units.json
ZAMFARA,BUNGUDU,GADA / KARAKKAI,BAICEN DAN MAGORI  /  BAKIN GIDAN HAKIMI,36/05/05/013,https://docs.inecelectionresults.net/elections_prod/1292/state/1/lga/3867/ward/26231/pu/119176/119176-1677489501.pdf,2023-02-27T09:19:00.360Z,false,https://raw.githubusercontent.com/mykeels/inec-presidential-elections-2023/master/results/37-zamfara\3867-bungudu\26231-gada-karakkai\polling-units.json
ZAMFARA,BUNGUDU,GADA / KARAKKAI,BARZO /BAKIN GIDAN MAI UNGUWA,36/05/05/009,https://docs.inecelectionresults.net/elections_prod/1292/state/1/lga/3867/ward/26231/pu/119172/119172-1677488890.pdf,2023-02-27T09:08:59.965Z,false,https://raw.githubusercontent.com/mykeels/inec-presidential-elections-2023/master/results/37-zamfara\3867-bungudu\26231-gada-karakkai\polling-units.json
ZAMFARA,BUNGUDU,GADA / KARAKKAI,DAMBA / DISPENSARY,36/05/05/005,https://docs.inecelectionresults.net/elections_prod/1292/state/1/lga/3867/ward/26231/pu/119168/119168-1677487489.pdf,2023-02-27T08:45:00.386Z,false,https://raw.githubusercontent.com/mykeels/inec-presidential-elections-2023/master/results/37-zamfara\3867-bungudu\26231-gada-karakkai\polling-units.json
ZAMFARA,BUNGUDU,GADA / KARAKKAI,DAN MARKE / BAKIN GIDAN HAKIMI,36/05/05/015,https://docs.inecelectionresults.net/elections_prod/1292/state/1/lga/3867/ward/26231/pu/119178/119178-1677492075.pdf,2023-02-27T10:01:59.970Z,false,https://raw.githubusercontent.com/mykeels/inec-presidential-elections-2023/master/results/37-zamfara\3867-bungudu\26231-gada-karakkai\polling-units.json
ZAMFARA,BUNGUDU,GADA / KARAKKAI,FADA DAN MAGORI   /  BAKIN GIDAN HAKIMI,36/05/05/012,https://docs.inecelectionresults.net/elections_prod/1292/state/1/lga/3867/ward/26231/pu/119175/119175-1677489339.pdf,2023-02-27T09:16:00.928Z,false,https://raw.githubusercontent.com/mykeels/inec-presidential-elections-2023/master/results/37-zamfara\3867-bungudu\26231-gada-karakkai\polling-units.json
ZAMFARA,BUNGUDU,GADA / KARAKKAI,FADA GADA / BAKIN GIDAN MAI GARI,36/05/05/002,https://docs.inecelectionresults.net/elections_prod/1292/state/1/lga/3867/ward/26231/pu/119165/119165-1677487173.pdf,2023-02-27T08:40:00.134Z,false,https://raw.githubusercontent.com/mykeels/inec-presidential-elections-2023/master/results/37-zamfara\3867-bungudu\26231-gada-karakkai\polling-units.json
ZAMFARA,BUNGUDU,GADA / KARAKKAI,FADAMAWA / BAKIN FADAMA,36/05/05/018,https://docs.inecelectionresults.net/elections_prod/1292/state/1/lga/3867/ward/26231/pu/119181/119181-1677492546.pdf,2023-02-27T10:10:01.066Z,false,https://raw.githubusercontent.com/mykeels/inec-presidential-elections-2023/master/results/37-zamfara\3867-bungudu\26231-gada-karakkai\polling-units.json
ZAMFARA,BUNGUDU,GADA / KARAKKAI,GANGARA TULU B/BEDI,36/05/05/025,https://docs.inecelectionresults.net/elections_prod/1292/state/1/lga/3867/ward/26231/pu/177884/177884-1677493265.pdf,2023-02-27T10:22:01.066Z,false,https://raw.githubusercontent.com/mykeels/inec-presidential-elections-2023/master/results/37-zamfara\3867-bungudu\26231-gada-karakkai\polling-units.json
ZAMFARA,BUNGUDU,GADA / KARAKKAI,GIDAN BAWA/B/G/ ALH. BAWA,36/05/05/003,https://docs.inecelectionresults.net/elections_prod/1292/state/1/lga/3867/ward/26231/pu/119166/119166-1677487298.pdf,2023-02-27T08:42:00.136Z,false,https://raw.githubusercontent.com/mykeels/inec-presidential-elections-2023/master/results/37-zamfara\3867-bungudu\26231-gada-karakkai\polling-units.json
ZAMFARA,BUNGUDU,GADA / KARAKKAI,GIDAN GOJE / BAKIN GIDAN HAKIMI,36/05/05/021,https://docs.inecelectionresults.net/elections_prod/1292/state/1/lga/3867/ward/26231/pu/119184/119184-1677492886.pdf,2023-02-27T10:15:00.837Z,false,https://raw.githubusercontent.com/mykeels/inec-presidential-elections-2023/master/results/37-zamfara\3867-bungudu\26231-gada-karakkai\polling-units.json
ZAMFARA,BUNGUDU,GADA / KARAKKAI,GIDAN MASU / BAKIN GIDAN HAKIMI,36/05/05/019,https://docs.inecelectionresults.net/elections_prod/1292/state/1/lga/3867/ward/26231/pu/119182/119182-1677492680.pdf,2023-02-27T10:12:01.011Z,false,https://raw.githubusercontent.com/mykeels/inec-presidential-elections-2023/master/results/37-zamfara\3867-bungudu\26231-gada-karakkai\polling-units.json
ZAMFARA,BUNGUDU,GADA / KARAKKAI,KANAN NAMI PRI.SCH,36/05/05/023,,,false,https://raw.githubusercontent.com/mykeels/inec-presidential-elections-2023/master/results/37-zamfara\3867-bungudu\26231-gada-karakkai\polling-units.json
ZAMFARA,BUNGUDU,GADA / KARAKKAI,KARAKKAI II/ PRI.SCH,36/05/05/028,https://inec-cvr-cache.s3.eu-west-1.amazonaws.com/cached/results/673936/result_65502_1677590559_thumb.jpg,2023-02-28T14:02:02.215Z,false,https://raw.githubusercontent.com/mykeels/inec-presidential-elections-2023/master/results/37-zamfara\3867-bungudu\26231-gada-karakkai\polling-units.json
ZAMFARA,BUNGUDU,GADA / KARAKKAI,KARAKKAI/ KWANAR BEDI,36/05/05/027,https://docs.inecelectionresults.net/elections_prod/1292/state/1/lga/3867/ward/26231/pu/177886/177886-1677493599.pdf,2023-02-27T10:27:00.716Z,false,https://raw.githubusercontent.com/mykeels/inec-presidential-elections-2023/master/results/37-zamfara\3867-bungudu\26231-gada-karakkai\polling-units.json
ZAMFARA,BUNGUDU,GADA / KARAKKAI,KUKOKI    /  BAKIN GIDAN MAI UNGUWA,36/05/05/011,https://docs.inecelectionresults.net/elections_prod/1292/state/01/lga/05/ward/05/pu/011/011-1677375314.pdf,2023-02-26T01:36:01.035Z,false,https://raw.githubusercontent.com/mykeels/inec-presidential-elections-2023/master/results/37-zamfara\3867-bungudu\26231-gada-karakkai\polling-units.json
ZAMFARA,BUNGUDU,GADA / KARAKKAI,MAGUNGUTSA / BAKIN GIDAN MAI UNGUNWA,36/05/05/010,,,false,https://raw.githubusercontent.com/mykeels/inec-presidential-elections-2023/master/results/37-zamfara\3867-bungudu\26231-gada-karakkai\polling-units.json
ZAMFARA,BUNGUDU,GADA / KARAKKAI,MARKAU   /  BAKIN GIDAN HAKIMI,36/05/05/014,https://docs.inecelectionresults.net/elections_prod/1292/state/1/lga/3867/ward/26231/pu/119177/119177-1677481392.pdf,2023-02-27T07:03:59.950Z,false,https://raw.githubusercontent.com/mykeels/inec-presidential-elections-2023/master/results/37-zamfara\3867-bungudu\26231-gada-karakkai\polling-units.json
ZAMFARA,BUNGUDU,GADA / KARAKKAI,MARKAU/KANKARA / DAN HILI,36/05/05/022,https://docs.inecelectionresults.net/elections_prod/1292/state/1/lga/3867/ward/26231/pu/119185/119185-1677492961.pdf,2023-02-27T10:17:01.019Z,false,https://raw.githubusercontent.com/mykeels/inec-presidential-elections-2023/master/results/37-zamfara\3867-bungudu\26231-gada-karakkai\polling-units.json
ZAMFARA,BUNGUDU,GADA / KARAKKAI,MARMARA   /  DAN HILI,36/05/05/017,https://docs.inecelectionresults.net/elections_prod/1292/state/1/lga/3867/ward/26231/pu/119180/119180-1677492411.pdf,2023-02-27T10:07:00.677Z,false,https://raw.githubusercontent.com/mykeels/inec-presidential-elections-2023/master/results/37-zamfara\3867-bungudu\26231-gada-karakkai\polling-units.json
ZAMFARA,BUNGUDU,GADA / KARAKKAI,MARMARA PRI.SCH K/KAI,36/05/05/026,https://docs.inecelectionresults.net/elections_prod/1292/state/1/lga/3867/ward/26231/pu/177885/177885-1677493513.pdf,2023-02-27T10:25:59.888Z,false,https://raw.githubusercontent.com/mykeels/inec-presidential-elections-2023/master/results/37-zamfara\3867-bungudu\26231-gada-karakkai\polling-units.json
ZAMFARA,BUNGUDU,GADA / KARAKKAI,RINTSAWA PRI.SCH,36/05/05/024,https://inec-cvr-cache.s3.eu-west-1.amazonaws.com/cached/results/673932/result_65498_1677590927_thumb.jpg,2023-02-28T14:08:07.402Z,false,https://raw.githubusercontent.com/mykeels/inec-presidential-elections-2023/master/results/37-zamfara\3867-bungudu\26231-gada-karakkai\polling-units.json
ZAMFARA,BUNGUDU,GADA / KARAKKAI,RUGGA / BAKIN GIDAN  HAKIMI,36/05/05/004,https://docs.inecelectionresults.net/elections_prod/1292/state/1/lga/3867/ward/26231/pu/119167/119167-1677487401.pdf,2023-02-27T08:43:59.944Z,false,https://raw.githubusercontent.com/mykeels/inec-presidential-elections-2023/master/results/37-zamfara\3867-bungudu\26231-gada-karakkai\polling-units.json
ZAMFARA,BUNGUDU,GADA / KARAKKAI,RUGGAR KAIWA  / BAKIN GIDAN MAI UNGUWA,36/05/05/008,https://docs.inecelectionresults.net/elections_prod/1292/state/1/lga/3867/ward/26231/pu/119171/119171-1677488759.pdf,2023-02-27T09:06:59.836Z,false,https://raw.githubusercontent.com/mykeels/inec-presidential-elections-2023/master/results/37-zamfara\3867-bungudu\26231-gada-karakkai\polling-units.json
ZAMFARA,BUNGUDU,GADA / KARAKKAI,RUGGAR KASSARAWA / BAKIN GIDAN MAI UNGUWA,36/05/05/007,https://docs.inecelectionresults.net/elections_prod/1292/state/1/lga/3867/ward/26231/pu/119170/119170-1677488667.pdf,2023-02-27T09:05:00.232Z,false,https://raw.githubusercontent.com/mykeels/inec-presidential-elections-2023/master/results/37-zamfara\3867-bungudu\26231-gada-karakkai\polling-units.json
ZAMFARA,BUNGUDU,GADA / KARAKKAI,RUGGAR TUDU / BAKIN GIDAN HAKIMI,36/05/05/020,https://docs.inecelectionresults.net/elections_prod/1292/state/1/lga/3867/ward/26231/pu/119183/119183-1677492777.pdf,2023-02-27T10:13:01.050Z,false,https://raw.githubusercontent.com/mykeels/inec-presidential-elections-2023/master/results/37-zamfara\3867-bungudu\26231-gada-karakkai\polling-units.json
ZAMFARA,BUNGUDU,GADA / KARAKKAI,RUGUZAWA /  PRIMARY SCHOOL,36/05/05/016,https://docs.inecelectionresults.net/elections_prod/1292/state/1/lga/3867/ward/26231/pu/119179/119179-1677492196.pdf,2023-02-27T10:04:01.089Z,false,https://raw.githubusercontent.com/mykeels/inec-presidential-elections-2023/master/results/37-zamfara\3867-bungudu\26231-gada-karakkai\polling-units.json
ZAMFARA,BUNGUDU,GADA / KARAKKAI,SABON BIRIN / PRIMARY SCHOOL,36/05/05/001,https://docs.inecelectionresults.net/elections_prod/1292/state/1/lga/3867/ward/26231/pu/119164/119164-1677487017.pdf,2023-02-27T08:37:00.171Z,false,https://raw.githubusercontent.com/mykeels/inec-presidential-elections-2023/master/results/37-zamfara\3867-bungudu\26231-gada-karakkai\polling-units.json
ZAMFARA,BUNGUDU,KWATARKWASHI,AISHA /TUKU DAWA    /   BAKIN GIDAN HAKIMI,36/05/07/017,https://docs.inecelectionresults.net/elections_prod/1292/state/1/lga/3867/ward/26233/pu/119223/119223-1677483803.pdf,2023-02-27T07:43:59.978Z,false,https://raw.githubusercontent.com/mykeels/inec-presidential-elections-2023/master/results/37-zamfara\3867-bungudu\26233-kwatarkwashi\polling-units.json
ZAMFARA,BUNGUDU,KWATARKWASHI,BARAKALLAHU/ PRI SCH,36/05/07/032,https://docs.inecelectionresults.net/elections_prod/1292/state/1/lga/3867/ward/26233/pu/177904/177904-1677482787.pdf,2023-02-27T07:27:00.143Z,false,https://raw.githubusercontent.com/mykeels/inec-presidential-elections-2023/master/results/37-zamfara\3867-bungudu\26233-kwatarkwashi\polling-units.json
ZAMFARA,BUNGUDU,KWATARKWASHI,DAMASHI / COMM PRI.SCH,36/05/07/026,https://docs.inecelectionresults.net/elections_prod/1292/state/1/lga/3867/ward/26233/pu/177898/177898-1677464250.pdf,2023-02-27T02:17:59.924Z,false,https://raw.githubusercontent.com/mykeels/inec-presidential-elections-2023/master/results/37-zamfara\3867-bungudu\26233-kwatarkwashi\polling-units.json
ZAMFARA,BUNGUDU,KWATARKWASHI,FARAR KASA / TAMBAKE    /  BAKIN GIDAN HAKIMI,36/05/07/016,https://docs.inecelectionresults.net/elections_prod/1292/state/1/lga/3867/ward/26233/pu/119222/119222-1677494963.pdf,2023-02-27T10:50:00.603Z,false,https://raw.githubusercontent.com/mykeels/inec-presidential-elections-2023/master/results/37-zamfara\3867-bungudu\26233-kwatarkwashi\polling-units.json
ZAMFARA,BUNGUDU,KWATARKWASHI,G/ZAMA /G. YAWA/KOFI / BAKIN GIDAN HAKIMI,36/05/07/020,https://docs.inecelectionresults.net/elections_prod/1292/state/1/lga/3867/ward/26233/pu/119226/119226-1677484532.pdf,2023-02-27T07:56:00.401Z,false,https://raw.githubusercontent.com/mykeels/inec-presidential-elections-2023/master/results/37-zamfara\3867-bungudu\26233-kwatarkwashi\polling-units.json
ZAMFARA,BUNGUDU,KWATARKWASHI,GAMRAKI    /  B/OFISHIN MAGAJI,36/05/07/009,https://docs.inecelectionresults.net/elections_prod/1292/state/1/lga/3867/ward/26233/pu/119215/119215-1677484926.pdf,2023-02-27T08:02:59.913Z,false,https://raw.githubusercontent.com/mykeels/inec-presidential-elections-2023/master/results/37-zamfara\3867-bungudu\26233-kwatarkwashi\polling-units.json
ZAMFARA,BUNGUDU,KWATARKWASHI,GAMRAKI II/ PRI SCH,36/05/07/036,https://docs.inecelectionresults.net/elections_prod/1292/state/1/lga/3867/ward/26233/pu/177908/177908-1677483765.pdf,2023-02-27T07:43:00.128Z,false,https://raw.githubusercontent.com/mykeels/inec-presidential-elections-2023/master/results/37-zamfara\3867-bungudu\26233-kwatarkwashi\polling-units.json
ZAMFARA,BUNGUDU,KWATARKWASHI,GIDAN ALGO/DISPENSARY,36/05/07/031,https://docs.inecelectionresults.net/elections_prod/1292/state/1/lga/3867/ward/26233/pu/177903/177903-1677466280.pdf,2023-02-27T02:51:59.891Z,false,https://raw.githubusercontent.com/mykeels/inec-presidential-elections-2023/master/results/37-zamfara\3867-bungudu\26233-kwatarkwashi\polling-units.json
ZAMFARA,BUNGUDU,KWATARKWASHI,GIDAN YAWA/COMM PRI SCH,36/05/07/025,https://docs.inecelectionresults.net/elections_prod/1292/state/1/lga/3867/ward/26233/pu/177897/177897-1677494013.pdf,2023-02-27T10:34:00.431Z,false,https://raw.githubusercontent.com/mykeels/inec-presidential-elections-2023/master/results/37-zamfara\3867-bungudu\26233-kwatarkwashi\polling-units.json
ZAMFARA,BUNGUDU,KWATARKWASHI,GULUBBA / KWARE / PRIMARY SCHOOL,36/05/07/018,https://docs.inecelectionresults.net/elections_prod/1292/state/1/lga/3867/ward/26233/pu/119224/119224-1677494746.pdf,2023-02-27T10:46:01.191Z,false,https://raw.githubusercontent.com/mykeels/inec-presidential-elections-2023/master/results/37-zamfara\3867-bungudu\26233-kwatarkwashi\polling-units.json
ZAMFARA,BUNGUDU,KWATARKWASHI,GYATTA / GIDAN ALGO   /  PRMARY SCHOOL,36/05/07/014,https://docs.inecelectionresults.net/elections_prod/1292/state/1/lga/3867/ward/26233/pu/119220/119220-1677482497.pdf,2023-02-27T07:22:00.215Z,false,https://raw.githubusercontent.com/mykeels/inec-presidential-elections-2023/master/results/37-zamfara\3867-bungudu\26233-kwatarkwashi\polling-units.json
ZAMFARA,BUNGUDU,KWATARKWASHI,KAGARA    /  BAKIN GIDAN HAKIMI,36/05/07/007,https://docs.inecelectionresults.net/elections_prod/1292/state/1/lga/3867/ward/26233/pu/119213/119213-1677465817.pdf,2023-02-27T02:43:59.980Z,false,https://raw.githubusercontent.com/mykeels/inec-presidential-elections-2023/master/results/37-zamfara\3867-bungudu\26233-kwatarkwashi\polling-units.json
ZAMFARA,BUNGUDU,KWATARKWASHI,KANGIWA   /  PRI. SCH,36/05/07/005,,,false,https://raw.githubusercontent.com/mykeels/inec-presidential-elections-2023/master/results/37-zamfara\3867-bungudu\26233-kwatarkwashi\polling-units.json
ZAMFARA,BUNGUDU,KWATARKWASHI,KWAREN TSAUNI   /  BAKIN GIDAN MAI UNGUWA,36/05/07/010,https://docs.inecelectionresults.net/elections_prod/1292/state/1/lga/3867/ward/26233/pu/119216/119216-1677484078.pdf,2023-02-27T07:48:59.956Z,false,https://raw.githubusercontent.com/mykeels/inec-presidential-elections-2023/master/results/37-zamfara\3867-bungudu\26233-kwatarkwashi\polling-units.json
ZAMFARA,BUNGUDU,KWATARKWASHI,LIMANCI   /    BAKIN GIDAN LIMAN,36/05/07/006,https://docs.inecelectionresults.net/elections_prod/1292/state/1/lga/3867/ward/26233/pu/119212/119212-1677463664.pdf,2023-02-27T02:07:59.864Z,false,https://raw.githubusercontent.com/mykeels/inec-presidential-elections-2023/master/results/37-zamfara\3867-bungudu\26233-kwatarkwashi\polling-units.json
ZAMFARA,BUNGUDU,KWATARKWASHI,MARERAWA / BAKIN GIDAN MAI UNGUWA,36/05/07/003,https://docs.inecelectionresults.net/elections_prod/1292/state/1/lga/3867/ward/26233/pu/119209/119209-1677462509.pdf,2023-02-27T01:55:07.423Z,false,https://raw.githubusercontent.com/mykeels/inec-presidential-elections-2023/master/results/37-zamfara\3867-bungudu\26233-kwatarkwashi\polling-units.json
ZAMFARA,BUNGUDU,KWATARKWASHI,MARERAWA HAYI   /  DAN HILI,36/05/07/001,https://docs.inecelectionresults.net/elections_prod/1292/state/01/lga/05/ward/07/pu/001/001-1677427804.pdf,2023-02-26T16:11:01.009Z,false,https://raw.githubusercontent.com/mykeels/inec-presidential-elections-2023/master/results/37-zamfara\3867-bungudu\26233-kwatarkwashi\polling-units.json
ZAMFARA,BUNGUDU,KWATARKWASHI,MARERAWA II,36/05/07/038,https://docs.inecelectionresults.net/elections_prod/1292/state/1/lga/3867/ward/26233/pu/177910/177910-1677465251.pdf,2023-02-27T02:34:59.848Z,false,https://raw.githubusercontent.com/mykeels/inec-presidential-elections-2023/master/results/37-zamfara\3867-bungudu\26233-kwatarkwashi\polling-units.json
ZAMFARA,BUNGUDU,KWATARKWASHI,NASARAWA I/ UBE PRI SCH,36/05/07/029,https://docs.inecelectionresults.net/elections_prod/1292/state/1/lga/3867/ward/26233/pu/177901/177901-1677481414.pdf,2023-02-27T07:04:00.451Z,false,https://raw.githubusercontent.com/mykeels/inec-presidential-elections-2023/master/results/37-zamfara\3867-bungudu\26233-kwatarkwashi\polling-units.json
ZAMFARA,BUNGUDU,KWATARKWASHI,RUSAWA   /  BAKIN G/SARKI,36/05/07/004,https://docs.inecelectionresults.net/elections_prod/1292/state/1/lga/3867/ward/26233/pu/119210/119210-1677495364.pdf,2023-02-27T10:56:59.942Z,false,https://raw.githubusercontent.com/mykeels/inec-presidential-elections-2023/master/results/37-zamfara\3867-bungudu\26233-kwatarkwashi\polling-units.json
ZAMFARA,BUNGUDU,KWATARKWASHI,RUSAWA PRI.SCH II,36/05/07/035,https://docs.inecelectionresults.net/elections_prod/1292/state/1/lga/3867/ward/26233/pu/177907/177907-1677464975.pdf,2023-02-27T02:30:00.081Z,false,https://raw.githubusercontent.com/mykeels/inec-presidential-elections-2023/master/results/37-zamfara\3867-bungudu\26233-kwatarkwashi\polling-units.json
ZAMFARA,BUNGUDU,KWATARKWASHI,SABAWA   /  BAKIN GIDAN HAKIMI,36/05/07/002,https://docs.inecelectionresults.net/elections_prod/1292/state/1/lga/3867/ward/26233/pu/119208/119208-1677479631.pdf,2023-02-27T06:34:00.481Z,false,https://raw.githubusercontent.com/mykeels/inec-presidential-elections-2023/master/results/37-zamfara\3867-bungudu\26233-kwatarkwashi\polling-units.json
ZAMFARA,BUNGUDU,KWATARKWASHI,SABAWA II,36/05/07/037,https://docs.inecelectionresults.net/elections_prod/1292/state/1/lga/3867/ward/26233/pu/177909/177909-1677482911.pdf,2023-02-27T07:29:00.291Z,false,https://raw.githubusercontent.com/mykeels/inec-presidential-elections-2023/master/results/37-zamfara\3867-bungudu\26233-kwatarkwashi\polling-units.json
ZAMFARA,BUNGUDU,KWATARKWASHI,SAMINAKA,36/05/07/033,https://docs.inecelectionresults.net/elections_prod/1292/state/1/lga/3867/ward/26233/pu/177905/177905-1677480761.pdf,2023-02-27T06:53:00.442Z,false,https://raw.githubusercontent.com/mykeels/inec-presidential-elections-2023/master/results/37-zamfara\3867-bungudu\26233-kwatarkwashi\polling-units.json
ZAMFARA,BUNGUDU,KWATARKWASHI,SULLUBAWA    /  BAKIN GIDAN HAKIMI,36/05/07/023,https://docs.inecelectionresults.net/elections_prod/1292/state/1/lga/3867/ward/26233/pu/119229/119229-1677483458.pdf,2023-02-27T07:38:00.320Z,false,https://raw.githubusercontent.com/mykeels/inec-presidential-elections-2023/master/results/37-zamfara\3867-bungudu\26233-kwatarkwashi\polling-units.json
ZAMFARA,BUNGUDU,KWATARKWASHI,SULLUBAWA / BANFA / RIKIN / PRIMARY SCHOOL.,36/05/07/019,https://docs.inecelectionresults.net/elections_prod/1292/state/1/lga/3867/ward/26233/pu/119225/119225-1677495436.pdf,2023-02-27T10:58:01.180Z,false,https://raw.githubusercontent.com/mykeels/inec-presidential-elections-2023/master/results/37-zamfara\3867-bungudu\26233-kwatarkwashi\polling-units.json
ZAMFARA,BUNGUDU,KWATARKWASHI,TAMBAKE/ PRI SCH,36/05/07/030,https://docs.inecelectionresults.net/elections_prod/1292/state/1/lga/3867/ward/26233/pu/177902/177902-1677483132.pdf,2023-02-27T07:32:59.924Z,false,https://raw.githubusercontent.com/mykeels/inec-presidential-elections-2023/master/results/37-zamfara\3867-bungudu\26233-kwatarkwashi\polling-units.json
ZAMFARA,BUNGUDU,KWATARKWASHI,TAZAME  /   PRIMARY SCHOOL,36/05/07/008,https://docs.inecelectionresults.net/elections_prod/1292/state/1/lga/3867/ward/26233/pu/119214/119214-1677482210.pdf,2023-02-27T07:17:00.531Z,false,https://raw.githubusercontent.com/mykeels/inec-presidential-elections-2023/master/results/37-zamfara\3867-bungudu\26233-kwatarkwashi\polling-units.json
ZAMFARA,BUNGUDU,KWATARKWASHI,TAZAME DISPENSARY,36/05/07/028,https://docs.inecelectionresults.net/elections_prod/1292/state/1/lga/3867/ward/26233/pu/177900/177900-1677466137.pdf,2023-02-27T02:48:59.939Z,false,https://raw.githubusercontent.com/mykeels/inec-presidential-elections-2023/master/results/37-zamfara\3867-bungudu\26233-kwatarkwashi\polling-units.json
ZAMFARA,BUNGUDU,KWATARKWASHI,TUKUDAWA/ DAN FILI,36/05/07/027,https://docs.inecelectionresults.net/elections_prod/1292/state/1/lga/3867/ward/26233/pu/177899/177899-1677481770.pdf,2023-02-27T07:10:00.059Z,false,https://raw.githubusercontent.com/mykeels/inec-presidential-elections-2023/master/results/37-zamfara\3867-bungudu\26233-kwatarkwashi\polling-units.json
ZAMFARA,BUNGUDU,KWATARKWASHI,TUNFAFI    /   BAKIN GIDAN MAI UNGUWA,36/05/07/012,https://docs.inecelectionresults.net/elections_prod/1292/state/1/lga/3867/ward/26233/pu/119218/119218-1677460820.pdf,2023-02-27T01:20:59.881Z,false,https://raw.githubusercontent.com/mykeels/inec-presidential-elections-2023/master/results/37-zamfara\3867-bungudu\26233-kwatarkwashi\polling-units.json
ZAMFARA,BUNGUDU,KWATARKWASHI,TURMUZAWA/YAR TSAKUWA   /  BAKIN GIDAN MAI UNGUWA,36/05/07/021,https://docs.inecelectionresults.net/elections_prod/1292/state/1/lga/3867/ward/26233/pu/119227/119227-1677462026.pdf,2023-02-27T01:55:04.300Z,false,https://raw.githubusercontent.com/mykeels/inec-presidential-elections-2023/master/results/37-zamfara\3867-bungudu\26233-kwatarkwashi\polling-units.json
ZAMFARA,BUNGUDU,KWATARKWASHI,UNGUWAR DAN HILLAI   /  PRIMARY SCHOOL,36/05/07/013,https://docs.inecelectionresults.net/elections_prod/1292/state/1/lga/3867/ward/26233/pu/119219/119219-1677484078.pdf,2023-02-27T07:48:59.836Z,false,https://raw.githubusercontent.com/mykeels/inec-presidential-elections-2023/master/results/37-zamfara\3867-bungudu\26233-kwatarkwashi\polling-units.json
ZAMFARA,BUNGUDU,KWATARKWASHI,UNGUWAR DUNYA    /  BAKIN G/HAKIMI,36/05/07/015,https://docs.inecelectionresults.net/elections_prod/1292/state/1/lga/3867/ward/26233/pu/119221/119221-1677464578.pdf,2023-02-27T02:23:00.251Z,false,https://raw.githubusercontent.com/mykeels/inec-presidential-elections-2023/master/results/37-zamfara\3867-bungudu\26233-kwatarkwashi\polling-units.json
ZAMFARA,BUNGUDU,KWATARKWASHI,UNGUWAR DUNYA/FARA  KASA  /   BAKIN GIDAN HAKIMI,36/05/07/022,https://docs.inecelectionresults.net/elections_prod/1292/state/1/lga/3867/ward/26233/pu/119228/119228-1677461679.pdf,2023-02-27T01:55:01.818Z,false,https://raw.githubusercontent.com/mykeels/inec-presidential-elections-2023/master/results/37-zamfara\3867-bungudu\26233-kwatarkwashi\polling-units.json
ZAMFARA,BUNGUDU,KWATARKWASHI,YAR MARZA KWARE/ BAKIN KWATA,36/05/07/024,https://docs.inecelectionresults.net/elections_prod/1292/state/1/lga/3867/ward/26233/pu/177896/177896-1677482553.pdf,2023-02-27T07:22:59.951Z,false,https://raw.githubusercontent.com/mykeels/inec-presidential-elections-2023/master/results/37-zamfara\3867-bungudu\26233-kwatarkwashi\polling-units.json
ZAMFARA,BUNGUDU,KWATARKWASHI,ZAMAN RUWA    /  BAKIN GIDAN MAI UNGUWA,36/05/07/011,https://docs.inecelectionresults.net/elections_prod/1292/state/1/lga/3867/ward/26233/pu/119217/119217-1677496044.pdf,2023-02-27T11:08:00.578Z,false,https://raw.githubusercontent.com/mykeels/inec-presidential-elections-2023/master/results/37-zamfara\3867-bungudu\26233-kwatarkwashi\polling-units.json
ZAMFARA,BUNGUDU,KWATARKWASHI,ZANGUNAWA PRI. SCH,36/05/07/034,https://docs.inecelectionresults.net/elections_prod/1292/state/1/lga/3867/ward/26233/pu/177906/177906-1677484871.pdf,2023-02-27T08:01:59.853Z,false,https://raw.githubusercontent.com/mykeels/inec-presidential-elections-2023/master/results/37-zamfara\3867-bungudu\26233-kwatarkwashi\polling-units.json
ZAMFARA,BUNGUDU,NAHUCE,BAICEN GABAS   / DAN BAICE,36/05/06/019,,,false,https://raw.githubusercontent.com/mykeels/inec-presidential-elections-2023/master/results/37-zamfara\3867-bungudu\26232-nahuce\polling-units.json
ZAMFARA,BUNGUDU,NAHUCE,BAICEN YAMMA / BAKIN GIDAN HAKIMI,36/05/06/012,https://inec-cvr-cache.s3.eu-west-1.amazonaws.com/cached/results/118097/result_65514_1677494096_thumb.jpg,2023-02-28T20:24:15.362Z,true,https://raw.githubusercontent.com/mykeels/inec-presidential-elections-2023/master/results/37-zamfara\3867-bungudu\26232-nahuce\polling-units.json
ZAMFARA,BUNGUDU,NAHUCE,BAICIN ASIBITI NAHUCE,36/05/06/029,https://inec-cvr-cache.s3.eu-west-1.amazonaws.com/cached/results/673959/result_65531_1677492828_thumb.jpg,2023-02-28T17:40:10.510Z,false,https://raw.githubusercontent.com/mykeels/inec-presidential-elections-2023/master/results/37-zamfara\3867-bungudu\26232-nahuce\polling-units.json
ZAMFARA,BUNGUDU,NAHUCE,BARGAJA / BAKIN GIDAN HAKIMI,36/05/06/009,https://docs.inecelectionresults.net/elections_prod/1292/state/01/lga/05/ward/06/pu/009/009-1677391699.pdf,2023-02-26T06:56:17.064Z,false,https://raw.githubusercontent.com/mykeels/inec-presidential-elections-2023/master/results/37-zamfara\3867-bungudu\26232-nahuce\polling-units.json
ZAMFARA,BUNGUDU,NAHUCE,DAJEN GABAS / PRIMARY SCHOOL,36/05/06/005,https://inec-cvr-cache.s3.eu-west-1.amazonaws.com/cached/results/118090/result_65507_1677492713_thumb.jpg,2023-02-28T20:35:40.262Z,false,https://raw.githubusercontent.com/mykeels/inec-presidential-elections-2023/master/results/37-zamfara\3867-bungudu\26232-nahuce\polling-units.json
ZAMFARA,BUNGUDU,NAHUCE,DAJEN YAMMA / DAN HILI,36/05/06/004,https://docs.inecelectionresults.net/elections_prod/1292/state/1/lga/3867/ward/26232/pu/119189/119189-1677484452.pdf,2023-02-27T07:55:01.015Z,false,https://raw.githubusercontent.com/mykeels/inec-presidential-elections-2023/master/results/37-zamfara\3867-bungudu\26232-nahuce\polling-units.json
ZAMFARA,BUNGUDU,NAHUCE,DAN DAJI / BAKIN GIDAN HAKIMI,36/05/06/011,https://inec-cvr-cache.s3.eu-west-1.amazonaws.com/cached/results/118096/result_65513_1677492493_thumb.jpg,2023-02-28T20:27:08.773Z,false,https://raw.githubusercontent.com/mykeels/inec-presidential-elections-2023/master/results/37-zamfara\3867-bungudu\26232-nahuce\polling-units.json
ZAMFARA,BUNGUDU,NAHUCE,DIRFA   /  MAGAMA,36/05/06/016,https://inec-cvr-cache.s3.eu-west-1.amazonaws.com/cached/results/118101/result_65518_1677491717_thumb.jpg,2023-02-28T20:35:35.371Z,true,https://raw.githubusercontent.com/mykeels/inec-presidential-elections-2023/master/results/37-zamfara\3867-bungudu\26232-nahuce\polling-units.json
ZAMFARA,BUNGUDU,NAHUCE,GANUWAJE I / BAKIN GIDAN HAKIMI,36/05/06/008,https://inec-cvr-cache.s3.eu-west-1.amazonaws.com/cached/results/118093/result_65510_1677493260_thumb.jpg,2023-02-28T17:39:32.178Z,true,https://raw.githubusercontent.com/mykeels/inec-presidential-elections-2023/master/results/37-zamfara\3867-bungudu\26232-nahuce\polling-units.json
ZAMFARA,BUNGUDU,NAHUCE,GANUWAJE II / BAKIN GIDAN HAKIMI,36/05/06/013,https://inec-cvr-cache.s3.eu-west-1.amazonaws.com/cached/results/118098/result_65515_1677491852_thumb.jpg,2023-02-28T21:40:07.532Z,false,https://raw.githubusercontent.com/mykeels/inec-presidential-elections-2023/master/results/37-zamfara\3867-bungudu\26232-nahuce\polling-units.json
ZAMFARA,BUNGUDU,NAHUCE,GIDAN MASAKA KABA   /  DAN HILI,36/05/06/015,https://inec-cvr-cache.s3.eu-west-1.amazonaws.com/cached/results/118100/result_65517_1677492396_thumb.jpg,2023-02-28T21:25:27.736Z,true,https://raw.githubusercontent.com/mykeels/inec-presidential-elections-2023/master/results/37-zamfara\3867-bungudu\26232-nahuce\polling-units.json
ZAMFARA,BUNGUDU,NAHUCE,GOVT DAY SEC SCH NAHUCHE,36/05/06/028,https://inec-cvr-cache.s3.eu-west-1.amazonaws.com/cached/results/673958/result_65530_1677493832_thumb.jpg,2023-02-28T18:06:28.246Z,true,https://raw.githubusercontent.com/mykeels/inec-presidential-elections-2023/master/results/37-zamfara\3867-bungudu\26232-nahuce\polling-units.json
ZAMFARA,BUNGUDU,NAHUCE,GWARGWABE / BAKIN GIDAN HAKIMI,36/05/06/006,https://inec-cvr-cache.s3.eu-west-1.amazonaws.com/cached/results/118091/result_65508_1677491989_thumb.jpg,2023-02-28T21:32:15.126Z,false,https://raw.githubusercontent.com/mykeels/inec-presidential-elections-2023/master/results/37-zamfara\3867-bungudu\26232-nahuce\polling-units.json
ZAMFARA,BUNGUDU,NAHUCE,KANON MAGAJI I / BAKIN GIDAN MAGAJI,36/05/06/003,https://inec-cvr-cache.s3.eu-west-1.amazonaws.com/cached/results/118088/result_65505_1677494247_thumb.jpg,2023-02-28T18:05:31.938Z,true,https://raw.githubusercontent.com/mykeels/inec-presidential-elections-2023/master/results/37-zamfara\3867-bungudu\26232-nahuce\polling-units.json
ZAMFARA,BUNGUDU,NAHUCE,KOFAR GABAS / BAKIN GIDAN HAKIMI,36/05/06/010,https://inec-cvr-cache.s3.eu-west-1.amazonaws.com/cached/results/118095/result_65512_1677492296_thumb.jpg,2023-02-28T18:27:00.363Z,false,https://raw.githubusercontent.com/mykeels/inec-presidential-elections-2023/master/results/37-zamfara\3867-bungudu\26232-nahuce\polling-units.json
ZAMFARA,BUNGUDU,NAHUCE,KOFAR YAMMA    /  BAKIN KOFA YAMMA,36/05/06/020,https://inec-cvr-cache.s3.eu-west-1.amazonaws.com/cached/results/118105/result_65522_1677495226_thumb.jpg,2023-02-28T21:34:55.284Z,false,https://raw.githubusercontent.com/mykeels/inec-presidential-elections-2023/master/results/37-zamfara\3867-bungudu\26232-nahuce\polling-units.json
ZAMFARA,BUNGUDU,NAHUCE,LEKA ZAGI /  BAKIN GIDAN HAKIMI,36/05/06/018,https://inec-cvr-cache.s3.eu-west-1.amazonaws.com/cached/results/118103/result_65520_1677493967_thumb.jpg,2023-02-28T17:40:23.045Z,true,https://raw.githubusercontent.com/mykeels/inec-presidential-elections-2023/master/results/37-zamfara\3867-bungudu\26232-nahuce\polling-units.json
ZAMFARA,BUNGUDU,NAHUCE,MALLAMAWA I / BAKIN GIDAN HAKIMI,36/05/06/002,https://inec-cvr-cache.s3.eu-west-1.amazonaws.com/cached/results/118087/result_65504_1677494928_thumb.jpg,2023-02-28T20:24:41.998Z,false,https://raw.githubusercontent.com/mykeels/inec-presidential-elections-2023/master/results/37-zamfara\3867-bungudu\26232-nahuce\polling-units.json
ZAMFARA,BUNGUDU,NAHUCE,MALLAMAWA II    /   DAN HILI,36/05/06/021,https://inec-cvr-cache.s3.eu-west-1.amazonaws.com/cached/results/118106/result_65523_1677495359_thumb.jpg,2023-02-28T18:22:26.415Z,true,https://raw.githubusercontent.com/mykeels/inec-presidential-elections-2023/master/results/37-zamfara\3867-bungudu\26232-nahuce\polling-units.json
ZAMFARA,BUNGUDU,NAHUCE,MASARI  /   DAN HILI,36/05/06/014,https://inec-cvr-cache.s3.eu-west-1.amazonaws.com/cached/results/118099/result_65516_1677493474_thumb.jpg,2023-02-28T20:22:34.795Z,false,https://raw.githubusercontent.com/mykeels/inec-presidential-elections-2023/master/results/37-zamfara\3867-bungudu\26232-nahuce\polling-units.json
ZAMFARA,BUNGUDU,NAHUCE,MODAMAWA / BAKIN GIDAN HAKIMI,36/05/06/001,,,false,https://raw.githubusercontent.com/mykeels/inec-presidential-elections-2023/master/results/37-zamfara\3867-bungudu\26232-nahuce\polling-units.json
ZAMFARA,BUNGUDU,NAHUCE,MUHAMMADU NAHUCE   /  BAKIN GIDAN HAKIMI,36/05/06/017,https://inec-cvr-cache.s3.eu-west-1.amazonaws.com/cached/results/118102/result_65519_1677494813_thumb.jpg,2023-02-28T20:25:25.115Z,false,https://raw.githubusercontent.com/mykeels/inec-presidential-elections-2023/master/results/37-zamfara\3867-bungudu\26232-nahuce\polling-units.json
ZAMFARA,BUNGUDU,NAHUCE,NAHUCHE III/ PRI.SCH,36/05/06/025,https://inec-cvr-cache.s3.eu-west-1.amazonaws.com/cached/results/673955/result_65527_1677492616_thumb.jpg,2023-02-28T21:21:55.159Z,false,https://raw.githubusercontent.com/mykeels/inec-presidential-elections-2023/master/results/37-zamfara\3867-bungudu\26232-nahuce\polling-units.json
ZAMFARA,BUNGUDU,NAHUCE,NAHUCHE IV/ PRI.SCH.,36/05/06/026,https://inec-cvr-cache.s3.eu-west-1.amazonaws.com/cached/results/673956/result_65528_1677493586_thumb.jpg,2023-02-28T20:41:31.881Z,false,https://raw.githubusercontent.com/mykeels/inec-presidential-elections-2023/master/results/37-zamfara\3867-bungudu\26232-nahuce\polling-units.json
ZAMFARA,BUNGUDU,NAHUCE,NAHUCHE PRI.SCH II,36/05/06/022,https://inec-cvr-cache.s3.eu-west-1.amazonaws.com/cached/results/673952/result_65524_1677494467_thumb.jpg,2023-03-01T05:49:18.218Z,true,https://raw.githubusercontent.com/mykeels/inec-presidential-elections-2023/master/results/37-zamfara\3867-bungudu\26232-nahuce\polling-units.json
ZAMFARA,BUNGUDU,NAHUCE,NAHUCHE V/ PRI.SCH.,36/05/06/027,https://inec-cvr-cache.s3.eu-west-1.amazonaws.com/cached/results/673957/result_65529_1677493687_thumb.jpg,2023-02-28T21:25:45.050Z,false,https://raw.githubusercontent.com/mykeels/inec-presidential-elections-2023/master/results/37-zamfara\3867-bungudu\26232-nahuce\polling-units.json
ZAMFARA,BUNGUDU,NAHUCE,NAHUCHE/ NEW GOVT DAY SEC SCH,36/05/06/024,,,false,https://raw.githubusercontent.com/mykeels/inec-presidential-elections-2023/master/results/37-zamfara\3867-bungudu\26232-nahuce\polling-units.json
ZAMFARA,BUNGUDU,NAHUCE,RUGGAR BUDA / PRIMARY SCHOOL,36/05/06/007,https://inec-cvr-cache.s3.eu-west-1.amazonaws.com/cached/results/118092/result_65509_1677493138_thumb.jpg,2023-02-28T18:10:00.403Z,false,https://raw.githubusercontent.com/mykeels/inec-presidential-elections-2023/master/results/37-zamfara\3867-bungudu\26232-nahuce\polling-units.json
ZAMFARA,BUNGUDU,NAHUCE,UNGUWAR NA AWALA B/K,36/05/06/023,https://inec-cvr-cache.s3.eu-west-1.amazonaws.com/cached/results/673953/result_65525_1677492959_thumb.jpg,2023-02-28T21:38:10.072Z,false,https://raw.githubusercontent.com/mykeels/inec-presidential-elections-2023/master/results/37-zamfara\3867-bungudu\26232-nahuce\polling-units.json
ZAMFARA,BUNGUDU,RAWAYYA/ BELA,AWALA LANGO D/FILI,36/05/08/040,https://inec-cvr-cache.s3.eu-west-1.amazonaws.com/cached/results/673967/result_65609_1677503798_thumb.jpg,2023-02-28T21:29:28.522Z,false,https://raw.githubusercontent.com/mykeels/inec-presidential-elections-2023/master/results/37-zamfara\3867-bungudu\26234-rawayya-bela\polling-units.json
ZAMFARA,BUNGUDU,RAWAYYA/ BELA,BELA/ASAKO II    /  DAN HILI,36/05/08/032,https://inec-cvr-cache.s3.eu-west-1.amazonaws.com/cached/results/118161/result_65601_1677503019_thumb.jpg,2023-02-28T18:06:27.534Z,false,https://raw.githubusercontent.com/mykeels/inec-presidential-elections-2023/master/results/37-zamfara\3867-bungudu\26234-rawayya-bela\polling-units.json
ZAMFARA,BUNGUDU,RAWAYYA/ BELA,BELA/ASKO I   /  PRIMARY SCHOOL,36/05/08/024,,,false,https://raw.githubusercontent.com/mykeels/inec-presidential-elections-2023/master/results/37-zamfara\3867-bungudu\26234-rawayya-bela\polling-units.json
ZAMFARA,BUNGUDU,RAWAYYA/ BELA,DAZA   /   PRIMARY SCHOOL,36/05/08/020,https://inec-cvr-cache.s3.eu-west-1.amazonaws.com/cached/results/118149/result_65589_1677501975_thumb.jpg,2023-02-28T18:26:37.333Z,false,https://raw.githubusercontent.com/mykeels/inec-presidential-elections-2023/master/results/37-zamfara\3867-bungudu\26234-rawayya-bela\polling-units.json
ZAMFARA,BUNGUDU,RAWAYYA/ BELA,DAZA NOMADIC PRI.SCH,36/05/08/033,https://inec-cvr-cache.s3.eu-west-1.amazonaws.com/cached/results/673960/result_65602_1677503090_thumb.jpg,2023-02-28T20:38:44.635Z,false,https://raw.githubusercontent.com/mykeels/inec-presidential-elections-2023/master/results/37-zamfara\3867-bungudu\26234-rawayya-bela\polling-units.json
ZAMFARA,BUNGUDU,RAWAYYA/ BELA,GIDAN BUNU I    /  OFISHIN HAKIMI,36/05/08/021,https://inec-cvr-cache.s3.eu-west-1.amazonaws.com/cached/results/118150/result_65590_1677502125_thumb.jpg,2023-02-28T21:22:15.768Z,false,https://raw.githubusercontent.com/mykeels/inec-presidential-elections-2023/master/results/37-zamfara\3867-bungudu\26234-rawayya-bela\polling-units.json
ZAMFARA,BUNGUDU,RAWAYYA/ BELA,GIDAN BUNU II   /  B / G / BUNU,36/05/08/030,,,false,https://raw.githubusercontent.com/mykeels/inec-presidential-elections-2023/master/results/37-zamfara\3867-bungudu\26234-rawayya-bela\polling-units.json
ZAMFARA,BUNGUDU,RAWAYYA/ BELA,GIDAN GOJE    / BAKIN GIDAN HAKIMI,36/05/08/023,https://inec-cvr-cache.s3.eu-west-1.amazonaws.com/cached/results/118152/result_65592_1677502338_thumb.jpg,2023-02-28T17:39:50.526Z,false,https://raw.githubusercontent.com/mykeels/inec-presidential-elections-2023/master/results/37-zamfara\3867-bungudu\26234-rawayya-bela\polling-units.json
ZAMFARA,BUNGUDU,RAWAYYA/ BELA,GIDAN GOJE D/FILI,36/05/08/038,https://inec-cvr-cache.s3.eu-west-1.amazonaws.com/cached/results/673965/result_65607_1677503524_thumb.jpg,2023-02-28T20:21:18.861Z,false,https://raw.githubusercontent.com/mykeels/inec-presidential-elections-2023/master/results/37-zamfara\3867-bungudu\26234-rawayya-bela\polling-units.json
ZAMFARA,BUNGUDU,RAWAYYA/ BELA,GIDAN JELANI I   /  DAN HILI,36/05/08/022,https://inec-cvr-cache.s3.eu-west-1.amazonaws.com/cached/results/118151/result_65591_1677502226_thumb.jpg,2023-02-28T17:24:41.143Z,true,https://raw.githubusercontent.com/mykeels/inec-presidential-elections-2023/master/results/37-zamfara\3867-bungudu\26234-rawayya-bela\polling-units.json
ZAMFARA,BUNGUDU,RAWAYYA/ BELA,GIDAN JELANI II  /  B / G / JELANI,36/05/08/031,https://inec-cvr-cache.s3.eu-west-1.amazonaws.com/cached/results/118160/result_65600_1677502956_thumb.jpg,2023-02-28T17:38:53.396Z,true,https://raw.githubusercontent.com/mykeels/inec-presidential-elections-2023/master/results/37-zamfara\3867-bungudu\26234-rawayya-bela\polling-units.json
ZAMFARA,BUNGUDU,RAWAYYA/ BELA,JAURIN GABAS I    /  BAKIN GIDAN HAKIMI,36/05/08/011,https://inec-cvr-cache.s3.eu-west-1.amazonaws.com/cached/results/118140/result_65580_1677500962_thumb.jpg,2023-02-28T21:35:06.015Z,false,https://raw.githubusercontent.com/mykeels/inec-presidential-elections-2023/master/results/37-zamfara\3867-bungudu\26234-rawayya-bela\polling-units.json
ZAMFARA,BUNGUDU,RAWAYYA/ BELA,JAURIN GABAS II   /  DAN HILI,36/05/08/012,https://inec-cvr-cache.s3.eu-west-1.amazonaws.com/cached/results/118141/result_65581_1677501027_thumb.jpg,2023-02-28T17:23:51.447Z,true,https://raw.githubusercontent.com/mykeels/inec-presidential-elections-2023/master/results/37-zamfara\3867-bungudu\26234-rawayya-bela\polling-units.json
ZAMFARA,BUNGUDU,RAWAYYA/ BELA,JAURIN YAMMA   /  BAKIN GIDAN HAKIMI,36/05/08/013,https://inec-cvr-cache.s3.eu-west-1.amazonaws.com/cached/results/118142/result_65582_1677501171_thumb.jpg,2023-02-28T20:31:18.776Z,false,https://raw.githubusercontent.com/mykeels/inec-presidential-elections-2023/master/results/37-zamfara\3867-bungudu\26234-rawayya-bela\polling-units.json
ZAMFARA,BUNGUDU,RAWAYYA/ BELA,JAURIN YAMMA II /PRI.SCH/ MARMARA,36/05/08/035,https://inec-cvr-cache.s3.eu-west-1.amazonaws.com/cached/results/673962/result_65604_1677503227_thumb.jpg,2023-02-28T18:11:55.173Z,false,https://raw.githubusercontent.com/mykeels/inec-presidential-elections-2023/master/results/37-zamfara\3867-bungudu\26234-rawayya-bela\polling-units.json
ZAMFARA,BUNGUDU,RAWAYYA/ BELA,KAIDA   /    PRIMARY SCHOOL,36/05/08/027,https://inec-cvr-cache.s3.eu-west-1.amazonaws.com/cached/results/118156/result_65596_1677502636_thumb.jpg,2023-02-28T21:24:50.995Z,false,https://raw.githubusercontent.com/mykeels/inec-presidential-elections-2023/master/results/37-zamfara\3867-bungudu\26234-rawayya-bela\polling-units.json
ZAMFARA,BUNGUDU,RAWAYYA/ BELA,KAIDA   /  PRIMARY SCHOOL,36/05/08/029,https://inec-cvr-cache.s3.eu-west-1.amazonaws.com/cached/results/118158/result_65598_1677502803_thumb.jpg,2023-02-28T17:23:33.702Z,true,https://raw.githubusercontent.com/mykeels/inec-presidential-elections-2023/master/results/37-zamfara\3867-bungudu\26234-rawayya-bela\polling-units.json
ZAMFARA,BUNGUDU,RAWAYYA/ BELA,KOFAR GABAS I    / BAKIN GIDAN RASHI,36/05/08/001,https://inec-cvr-cache.s3.eu-west-1.amazonaws.com/cached/results/118130/result_65570_1677499404_thumb.jpg,2023-02-28T18:28:22.005Z,false,https://raw.githubusercontent.com/mykeels/inec-presidential-elections-2023/master/results/37-zamfara\3867-bungudu\26234-rawayya-bela\polling-units.json
ZAMFARA,BUNGUDU,RAWAYYA/ BELA,KOFAR GABAS II /  BAKIN TASHA,36/05/08/002,https://inec-cvr-cache.s3.eu-west-1.amazonaws.com/cached/results/118131/result_65571_1677499957_thumb.jpg,2023-02-28T18:04:09.580Z,false,https://raw.githubusercontent.com/mykeels/inec-presidential-elections-2023/master/results/37-zamfara\3867-bungudu\26234-rawayya-bela\polling-units.json
ZAMFARA,BUNGUDU,RAWAYYA/ BELA,KOFAR YAMMA  /  B/RIMI,36/05/08/008,https://inec-cvr-cache.s3.eu-west-1.amazonaws.com/cached/results/118137/result_65577_1677500669_thumb.jpg,2023-02-28T20:42:59.169Z,false,https://raw.githubusercontent.com/mykeels/inec-presidential-elections-2023/master/results/37-zamfara\3867-bungudu\26234-rawayya-bela\polling-units.json
ZAMFARA,BUNGUDU,RAWAYYA/ BELA,KURMI  / BAKIN GIDAN HAKIMI,36/05/08/005,https://inec-cvr-cache.s3.eu-west-1.amazonaws.com/cached/results/118134/result_65574_1677500289_thumb.jpg,2023-02-28T18:15:32.331Z,false,https://raw.githubusercontent.com/mykeels/inec-presidential-elections-2023/master/results/37-zamfara\3867-bungudu\26234-rawayya-bela\polling-units.json
ZAMFARA,BUNGUDU,RAWAYYA/ BELA,KWAGE  / BAKIN GIDAN HAKIMI,36/05/08/007,https://inec-cvr-cache.s3.eu-west-1.amazonaws.com/cached/results/118136/result_65576_1677500516_thumb.jpg,2023-02-28T17:30:02.586Z,true,https://raw.githubusercontent.com/mykeels/inec-presidential-elections-2023/master/results/37-zamfara\3867-bungudu\26234-rawayya-bela\polling-units.json
ZAMFARA,BUNGUDU,RAWAYYA/ BELA,LANGO     /  B/G/HAKIMI,36/05/08/028,https://inec-cvr-cache.s3.eu-west-1.amazonaws.com/cached/results/118157/result_65597_1677502740_thumb.jpg,2023-02-28T20:25:29.662Z,false,https://raw.githubusercontent.com/mykeels/inec-presidential-elections-2023/master/results/37-zamfara\3867-bungudu\26234-rawayya-bela\polling-units.json
ZAMFARA,BUNGUDU,RAWAYYA/ BELA,MAIGIZARE I  / BAKIN GIDAN HAKIMI,36/05/08/003,https://inec-cvr-cache.s3.eu-west-1.amazonaws.com/cached/results/118132/result_65572_1677500104_thumb.jpg,2023-02-28T21:38:35.364Z,false,https://raw.githubusercontent.com/mykeels/inec-presidential-elections-2023/master/results/37-zamfara\3867-bungudu\26234-rawayya-bela\polling-units.json
ZAMFARA,BUNGUDU,RAWAYYA/ BELA,MAIGIZARE II  / DAN HILI,36/05/08/004,https://inec-cvr-cache.s3.eu-west-1.amazonaws.com/cached/results/118133/result_65573_1677500212_thumb.jpg,2023-02-28T18:03:07.857Z,false,https://raw.githubusercontent.com/mykeels/inec-presidential-elections-2023/master/results/37-zamfara\3867-bungudu\26234-rawayya-bela\polling-units.json
ZAMFARA,BUNGUDU,RAWAYYA/ BELA,MAJE    /  PRIMARY SCHOOL,36/05/08/026,https://inec-cvr-cache.s3.eu-west-1.amazonaws.com/cached/results/118155/result_65595_1677502538_thumb.jpg,2023-02-28T17:23:47.784Z,true,https://raw.githubusercontent.com/mykeels/inec-presidential-elections-2023/master/results/37-zamfara\3867-bungudu\26234-rawayya-bela\polling-units.json
ZAMFARA,BUNGUDU,RAWAYYA/ BELA,MAMOLA PRI.SCH,36/05/08/037,https://inec-cvr-cache.s3.eu-west-1.amazonaws.com/cached/results/673964/result_65606_1677503405_thumb.jpg,2023-02-28T18:09:22.095Z,false,https://raw.githubusercontent.com/mykeels/inec-presidential-elections-2023/master/results/37-zamfara\3867-bungudu\26234-rawayya-bela\polling-units.json
ZAMFARA,BUNGUDU,RAWAYYA/ BELA,MARKE D/F /K/YAMMA,36/05/08/036,https://inec-cvr-cache.s3.eu-west-1.amazonaws.com/cached/results/673963/result_65605_1677503343_thumb.jpg,2023-02-28T21:31:58.529Z,false,https://raw.githubusercontent.com/mykeels/inec-presidential-elections-2023/master/results/37-zamfara\3867-bungudu\26234-rawayya-bela\polling-units.json
ZAMFARA,BUNGUDU,RAWAYYA/ BELA,MARKE I  /  BAKIN GIDAN HAKIMI,36/05/08/014,,,false,https://raw.githubusercontent.com/mykeels/inec-presidential-elections-2023/master/results/37-zamfara\3867-bungudu\26234-rawayya-bela\polling-units.json
ZAMFARA,BUNGUDU,RAWAYYA/ BELA,MARKE II   /  DAN HILI,36/05/08/015,https://inec-cvr-cache.s3.eu-west-1.amazonaws.com/cached/results/118144/result_65584_1677501308_thumb.jpg,2023-02-28T20:24:23.989Z,false,https://raw.githubusercontent.com/mykeels/inec-presidential-elections-2023/master/results/37-zamfara\3867-bungudu\26234-rawayya-bela\polling-units.json
ZAMFARA,BUNGUDU,RAWAYYA/ BELA,RAZBA G/LIMAN/ S/ D/ FILI,36/05/08/041,https://inec-cvr-cache.s3.eu-west-1.amazonaws.com/cached/results/673968/result_65610_1677503909_thumb.jpg,2023-02-28T18:18:56.306Z,false,https://raw.githubusercontent.com/mykeels/inec-presidential-elections-2023/master/results/37-zamfara\3867-bungudu\26234-rawayya-bela\polling-units.json
ZAMFARA,BUNGUDU,RAWAYYA/ BELA,RUGGAR KAYA    /  PRIMARY SCHOOL,36/05/08/025,https://inec-cvr-cache.s3.eu-west-1.amazonaws.com/cached/results/118154/result_65594_1677502463_thumb.jpg,2023-02-28T17:42:13.882Z,false,https://raw.githubusercontent.com/mykeels/inec-presidential-elections-2023/master/results/37-zamfara\3867-bungudu\26234-rawayya-bela\polling-units.json
ZAMFARA,BUNGUDU,RAWAYYA/ BELA,S/BIRNI GABAS   /  BAKIN GIDAN MAI UNGUWA,36/05/08/009,https://inec-cvr-cache.s3.eu-west-1.amazonaws.com/cached/results/118138/result_65578_1677500767_thumb.jpg,2023-02-28T21:42:59.455Z,false,https://raw.githubusercontent.com/mykeels/inec-presidential-elections-2023/master/results/37-zamfara\3867-bungudu\26234-rawayya-bela\polling-units.json
ZAMFARA,BUNGUDU,RAWAYYA/ BELA,S/BIRNI YAMMA    /  BAKIN GIDAN HAKIMI,36/05/08/010,https://inec-cvr-cache.s3.eu-west-1.amazonaws.com/cached/results/118139/result_65579_1677500850_thumb.jpg,2023-02-28T17:25:02.055Z,true,https://raw.githubusercontent.com/mykeels/inec-presidential-elections-2023/master/results/37-zamfara\3867-bungudu\26234-rawayya-bela\polling-units.json
ZAMFARA,BUNGUDU,RAWAYYA/ BELA,SABON GIDA PRI.SCH,36/05/08/034,https://inec-cvr-cache.s3.eu-west-1.amazonaws.com/cached/results/673961/result_65603_1677503172_thumb.jpg,2023-02-28T17:33:35.370Z,true,https://raw.githubusercontent.com/mykeels/inec-presidential-elections-2023/master/results/37-zamfara\3867-bungudu\26234-rawayya-bela\polling-units.json
ZAMFARA,BUNGUDU,RAWAYYA/ BELA,SAKKARAWA I /  BAKIN GIDAN HAKIMI,36/05/08/018,https://inec-cvr-cache.s3.eu-west-1.amazonaws.com/cached/results/118147/result_65587_1677501515_thumb.jpg,2023-02-28T21:35:58.809Z,false,https://raw.githubusercontent.com/mykeels/inec-presidential-elections-2023/master/results/37-zamfara\3867-bungudu\26234-rawayya-bela\polling-units.json
ZAMFARA,BUNGUDU,RAWAYYA/ BELA,SAKKARAWA II   /  DAN HILI,36/05/08/019,https://inec-cvr-cache.s3.eu-west-1.amazonaws.com/cached/results/118148/result_65588_1677501605_thumb.jpg,2023-02-28T21:31:54.229Z,false,https://raw.githubusercontent.com/mykeels/inec-presidential-elections-2023/master/results/37-zamfara\3867-bungudu\26234-rawayya-bela\polling-units.json
ZAMFARA,BUNGUDU,RAWAYYA/ BELA,TUDUN WADA    /  PRIMARY SCHOOL,36/05/08/016,,,false,https://raw.githubusercontent.com/mykeels/inec-presidential-elections-2023/master/results/37-zamfara\3867-bungudu\26234-rawayya-bela\polling-units.json
ZAMFARA,BUNGUDU,RAWAYYA/ BELA,UNG/MARAFA/D FILI,36/05/08/039,https://inec-cvr-cache.s3.eu-west-1.amazonaws.com/cached/results/673966/result_65608_1677503662_thumb.jpg,2023-02-28T20:35:39.718Z,false,https://raw.githubusercontent.com/mykeels/inec-presidential-elections-2023/master/results/37-zamfara\3867-bungudu\26234-rawayya-bela\polling-units.json
ZAMFARA,BUNGUDU,RAWAYYA/ BELA,YAR LABE / BAKIN GIDAN HAKIMI,36/05/08/017,https://inec-cvr-cache.s3.eu-west-1.amazonaws.com/cached/results/118146/result_65586_1677501409_thumb.jpg,2023-02-28T21:37:20.858Z,false,https://raw.githubusercontent.com/mykeels/inec-presidential-elections-2023/master/results/37-zamfara\3867-bungudu\26234-rawayya-bela\polling-units.json
ZAMFARA,BUNGUDU,RAWAYYA/ BELA,YAR MASAKA  / DAN HILI,36/05/08/006,https://inec-cvr-cache.s3.eu-west-1.amazonaws.com/cached/results/118135/result_65575_1677500367_thumb.jpg,2023-02-28T17:43:27.660Z,false,https://raw.githubusercontent.com/mykeels/inec-presidential-elections-2023/master/results/37-zamfara\3867-bungudu\26234-rawayya-bela\polling-units.json
ZAMFARA,BUNGUDU,SAMAWA,BIRNIN GIDE   /  BAKIN GIDAN HAKIMI,36/05/09/003,https://inec-cvr-cache.s3.eu-west-1.amazonaws.com/cached/results/118164/result_65613_1677491377_thumb.jpg,2023-02-28T21:28:27.455Z,true,https://raw.githubusercontent.com/mykeels/inec-presidential-elections-2023/master/results/37-zamfara\3867-bungudu\26235-samawa\polling-units.json
ZAMFARA,BUNGUDU,SAMAWA,DAN BINA / BAKIN LARABA   /   PRIMARY SCHOOL,36/05/09/010,https://inec-cvr-cache.s3.eu-west-1.amazonaws.com/cached/results/118171/result_65620_1677492309_thumb.jpg,2023-02-28T21:37:15.375Z,true,https://raw.githubusercontent.com/mykeels/inec-presidential-elections-2023/master/results/37-zamfara\3867-bungudu\26235-samawa\polling-units.json
ZAMFARA,BUNGUDU,SAMAWA,GIDAN GYARE  /  BAKIN GIDAN HAKIMI,36/05/09/007,https://inec-cvr-cache.s3.eu-west-1.amazonaws.com/cached/results/118168/result_65617_1677491826_thumb.jpg,2023-02-28T18:26:39.114Z,true,https://raw.githubusercontent.com/mykeels/inec-presidential-elections-2023/master/results/37-zamfara\3867-bungudu\26235-samawa\polling-units.json
ZAMFARA,BUNGUDU,SAMAWA,GIDAN WAKASO  /  BAKIN GIDAN HAKIMI,36/05/09/006,https://inec-cvr-cache.s3.eu-west-1.amazonaws.com/cached/results/118167/result_65616_1677491694_thumb.jpg,2023-02-28T17:39:24.332Z,true,https://raw.githubusercontent.com/mykeels/inec-presidential-elections-2023/master/results/37-zamfara\3867-bungudu\26235-samawa\polling-units.json
ZAMFARA,BUNGUDU,SAMAWA,GINDI RUWA C/PRI.SCH,36/05/09/016,https://inec-cvr-cache.s3.eu-west-1.amazonaws.com/cached/results/673973/result_65626_1677493149_thumb.jpg,2023-02-28T21:45:17.591Z,true,https://raw.githubusercontent.com/mykeels/inec-presidential-elections-2023/master/results/37-zamfara\3867-bungudu\26235-samawa\polling-units.json
ZAMFARA,BUNGUDU,SAMAWA,KWABO SHIRYAR WAKILI  /  BAKIN GIDAN HAKIMI,36/05/09/009,https://inec-cvr-cache.s3.eu-west-1.amazonaws.com/cached/results/118170/result_65619_1677492097_thumb.jpg,2023-02-28T17:34:33.838Z,true,https://raw.githubusercontent.com/mykeels/inec-presidential-elections-2023/master/results/37-zamfara\3867-bungudu\26235-samawa\polling-units.json
ZAMFARA,BUNGUDU,SAMAWA,KWATTA   /   PRIMARY SCHOOL,36/05/09/008,https://inec-cvr-cache.s3.eu-west-1.amazonaws.com/cached/results/118169/result_65618_1677491960_thumb.jpg,2023-02-28T17:40:08.727Z,true,https://raw.githubusercontent.com/mykeels/inec-presidential-elections-2023/master/results/37-zamfara\3867-bungudu\26235-samawa\polling-units.json
ZAMFARA,BUNGUDU,SAMAWA,KWATTA /GIDAN ZALLA   / DAN HILI,36/05/09/011,https://inec-cvr-cache.s3.eu-west-1.amazonaws.com/cached/results/118172/result_65621_1677492459_thumb.jpg,2023-02-28T20:31:54.424Z,true,https://raw.githubusercontent.com/mykeels/inec-presidential-elections-2023/master/results/37-zamfara\3867-bungudu\26235-samawa\polling-units.json
ZAMFARA,BUNGUDU,SAMAWA,KWATTA DAN FILI,36/05/09/012,https://inec-cvr-cache.s3.eu-west-1.amazonaws.com/cached/results/673969/result_65622_1677492663_thumb.jpg,2023-02-28T21:40:44.906Z,true,https://raw.githubusercontent.com/mykeels/inec-presidential-elections-2023/master/results/37-zamfara\3867-bungudu\26235-samawa\polling-units.json
ZAMFARA,BUNGUDU,SAMAWA,KWATTA DISPENSARY,36/05/09/014,https://inec-cvr-cache.s3.eu-west-1.amazonaws.com/cached/results/673971/result_65624_1677492928_thumb.jpg,2023-02-28T20:26:52.003Z,true,https://raw.githubusercontent.com/mykeels/inec-presidential-elections-2023/master/results/37-zamfara\3867-bungudu\26235-samawa\polling-units.json
ZAMFARA,BUNGUDU,SAMAWA,RUGGA PRI.SCH,36/05/09/013,https://inec-cvr-cache.s3.eu-west-1.amazonaws.com/cached/results/673970/result_65623_1677492736_thumb.jpg,2023-02-28T18:20:01.004Z,true,https://raw.githubusercontent.com/mykeels/inec-presidential-elections-2023/master/results/37-zamfara\3867-bungudu\26235-samawa\polling-units.json
ZAMFARA,BUNGUDU,SAMAWA,SAMAWA GABAS  /  OFISHIN MAI GARI,36/05/09/001,https://inec-cvr-cache.s3.eu-west-1.amazonaws.com/cached/results/118162/result_65611_1677491130_thumb.jpg,2023-02-28T18:24:43.331Z,true,https://raw.githubusercontent.com/mykeels/inec-presidential-elections-2023/master/results/37-zamfara\3867-bungudu\26235-samawa\polling-units.json
ZAMFARA,BUNGUDU,SAMAWA,SAMAWA YAMMA   /  BAKIN GIDAN MAI ANGUWA,36/05/09/002,,,false,https://raw.githubusercontent.com/mykeels/inec-presidential-elections-2023/master/results/37-zamfara\3867-bungudu\26235-samawa\polling-units.json
ZAMFARA,BUNGUDU,SAMAWA,YAR BACHAKA,36/05/09/015,https://inec-cvr-cache.s3.eu-west-1.amazonaws.com/cached/results/673972/result_65625_1677493037_thumb.jpg,2023-02-28T21:42:16.830Z,true,https://raw.githubusercontent.com/mykeels/inec-presidential-elections-2023/master/results/37-zamfara\3867-bungudu\26235-samawa\polling-units.json
ZAMFARA,BUNGUDU,SAMAWA,YAR KWABE  /  BAKIN GIDAN HAKIMI,36/05/09/005,https://inec-cvr-cache.s3.eu-west-1.amazonaws.com/cached/results/118166/result_65615_1677491607_thumb.jpg,2023-02-28T17:28:54.850Z,true,https://raw.githubusercontent.com/mykeels/inec-presidential-elections-2023/master/results/37-zamfara\3867-bungudu\26235-samawa\polling-units.json
ZAMFARA,BUNGUDU,SAMAWA,YAR SAMAWA   /    BAKIN GIDAN HAKIMI,36/05/09/004,https://inec-cvr-cache.s3.eu-west-1.amazonaws.com/cached/results/118165/result_65614_1677491477_thumb.jpg,2023-02-28T17:38:27.707Z,true,https://raw.githubusercontent.com/mykeels/inec-presidential-elections-2023/master/results/37-zamfara\3867-bungudu\26235-samawa\polling-units.json
ZAMFARA,BUNGUDU,SAMAWA,YAR SAMAWA D/MARKE,36/05/09/017,https://inec-cvr-cache.s3.eu-west-1.amazonaws.com/cached/results/673974/result_65627_1677493229_thumb.jpg,2023-02-28T18:20:04.091Z,true,https://raw.githubusercontent.com/mykeels/inec-presidential-elections-2023/master/results/37-zamfara\3867-bungudu\26235-samawa\polling-units.json
ZAMFARA,BUNGUDU,SANKALAWA,BAKWANTA    /  PRIMARY SCHOOL,36/05/10/005,https://inec-cvr-cache.s3.eu-west-1.amazonaws.com/cached/results/118177/result_65632_1677502812_thumb.jpg,2023-02-28T17:45:41.975Z,true,https://raw.githubusercontent.com/mykeels/inec-presidential-elections-2023/master/results/37-zamfara\3867-bungudu\26236-sankalawa\polling-units.json
ZAMFARA,BUNGUDU,SANKALAWA,BAREBARI KURA,36/05/10/016,https://inec-cvr-cache.s3.eu-west-1.amazonaws.com/cached/results/673976/result_65643_1677501931_thumb.jpg,2023-02-28T17:37:50.072Z,true,https://raw.githubusercontent.com/mykeels/inec-presidential-elections-2023/master/results/37-zamfara\3867-bungudu\26236-sankalawa\polling-units.json
ZAMFARA,BUNGUDU,SANKALAWA,DUBEWA PRI.SCH,36/05/10/019,https://inec-cvr-cache.s3.eu-west-1.amazonaws.com/cached/results/673979/result_65646_1677502713_thumb.jpg,2023-02-28T20:27:21.486Z,true,https://raw.githubusercontent.com/mykeels/inec-presidential-elections-2023/master/results/37-zamfara\3867-bungudu\26236-sankalawa\polling-units.json
ZAMFARA,BUNGUDU,SANKALAWA,GIDAN BATURE D/FILI,36/05/10/017,https://inec-cvr-cache.s3.eu-west-1.amazonaws.com/cached/results/673977/result_65644_1677502039_thumb.jpg,2023-02-28T21:37:50.535Z,true,https://raw.githubusercontent.com/mykeels/inec-presidential-elections-2023/master/results/37-zamfara\3867-bungudu\26236-sankalawa\polling-units.json
ZAMFARA,BUNGUDU,SANKALAWA,GIDAN ZAI/DUBEWA    /  DAN HILI,36/05/10/007,https://inec-cvr-cache.s3.eu-west-1.amazonaws.com/cached/results/118179/result_65634_1677503663_thumb.jpg,2023-02-28T20:37:44.978Z,true,https://raw.githubusercontent.com/mykeels/inec-presidential-elections-2023/master/results/37-zamfara\3867-bungudu\26236-sankalawa\polling-units.json
ZAMFARA,BUNGUDU,SANKALAWA,HOMAWA    /  BAKIN GIDAN MAI ANGUWA,36/05/10/004,https://inec-cvr-cache.s3.eu-west-1.amazonaws.com/cached/results/118176/result_65631_1677501786_thumb.jpg,2023-02-28T17:29:39.699Z,true,https://raw.githubusercontent.com/mykeels/inec-presidential-elections-2023/master/results/37-zamfara\3867-bungudu\26236-sankalawa\polling-units.json
ZAMFARA,BUNGUDU,SANKALAWA,KAWARI / BAKIN GIDAN HAKIMI,36/05/10/014,https://inec-cvr-cache.s3.eu-west-1.amazonaws.com/cached/results/118186/result_65641_1677503265_thumb.jpg,2023-02-28T21:30:48.790Z,true,https://raw.githubusercontent.com/mykeels/inec-presidential-elections-2023/master/results/37-zamfara\3867-bungudu\26236-sankalawa\polling-units.json
ZAMFARA,BUNGUDU,SANKALAWA,KURA I   /  PRIMARY SCHOOL,36/05/10/003,https://inec-cvr-cache.s3.eu-west-1.amazonaws.com/cached/results/118175/result_65630_1677501051_thumb.jpg,2023-02-28T20:28:41.974Z,true,https://raw.githubusercontent.com/mykeels/inec-presidential-elections-2023/master/results/37-zamfara\3867-bungudu\26236-sankalawa\polling-units.json
ZAMFARA,BUNGUDU,SANKALAWA,KURA II  /  BAKIN GIDAN HAKIMI,36/05/10/012,https://inec-cvr-cache.s3.eu-west-1.amazonaws.com/cached/results/118184/result_65639_1677503035_thumb.jpg,2023-02-28T18:05:47.392Z,true,https://raw.githubusercontent.com/mykeels/inec-presidential-elections-2023/master/results/37-zamfara\3867-bungudu\26236-sankalawa\polling-units.json
ZAMFARA,BUNGUDU,SANKALAWA,KURAJE PRI.SCH,36/05/10/022,https://inec-cvr-cache.s3.eu-west-1.amazonaws.com/cached/results/673982/result_65649_1677503173_thumb.jpg,2023-02-28T17:31:06.699Z,true,https://raw.githubusercontent.com/mykeels/inec-presidential-elections-2023/master/results/37-zamfara\3867-bungudu\26236-sankalawa\polling-units.json
ZAMFARA,BUNGUDU,SANKALAWA,KURMI    /  BAKIN GIDAN M/ANGUWA,36/05/10/006,https://inec-cvr-cache.s3.eu-west-1.amazonaws.com/cached/results/118178/result_65633_1677501149_thumb.jpg,2023-02-28T18:24:21.875Z,true,https://raw.githubusercontent.com/mykeels/inec-presidential-elections-2023/master/results/37-zamfara\3867-bungudu\26236-sankalawa\polling-units.json
ZAMFARA,BUNGUDU,SANKALAWA,RIBE   / PRIMARY SCHOOL,36/05/10/008,https://inec-cvr-cache.s3.eu-west-1.amazonaws.com/cached/results/118180/result_65635_1677502147_thumb.jpg,2023-02-28T21:26:06.597Z,true,https://raw.githubusercontent.com/mykeels/inec-presidential-elections-2023/master/results/37-zamfara\3867-bungudu\26236-sankalawa\polling-units.json
ZAMFARA,BUNGUDU,SANKALAWA,RIBE G.D.S.S,36/05/10/020,https://inec-cvr-cache.s3.eu-west-1.amazonaws.com/cached/results/673980/result_65647_1677503815_thumb.jpg,2023-02-28T21:45:40.545Z,true,https://raw.githubusercontent.com/mykeels/inec-presidential-elections-2023/master/results/37-zamfara\3867-bungudu\26236-sankalawa\polling-units.json
ZAMFARA,BUNGUDU,SANKALAWA,RIBE II    /   B/G/HAKIMI,36/05/10/013,https://inec-cvr-cache.s3.eu-west-1.amazonaws.com/cached/results/118185/result_65640_1677500733_thumb.jpg,2023-02-28T18:27:55.137Z,true,https://raw.githubusercontent.com/mykeels/inec-presidential-elections-2023/master/results/37-zamfara\3867-bungudu\26236-sankalawa\polling-units.json
ZAMFARA,BUNGUDU,SANKALAWA,RUKA DAN FILI,36/05/10/021,https://inec-cvr-cache.s3.eu-west-1.amazonaws.com/cached/results/673981/result_65648_1677501251_thumb.jpg,2023-02-28T18:27:13.242Z,true,https://raw.githubusercontent.com/mykeels/inec-presidential-elections-2023/master/results/37-zamfara\3867-bungudu\26236-sankalawa\polling-units.json
ZAMFARA,BUNGUDU,SANKALAWA,SABON GIDA/KWAIRE   / PRIMARY SCHOOL,36/05/10/002,https://inec-cvr-cache.s3.eu-west-1.amazonaws.com/cached/results/118174/result_65629_1677502307_thumb.jpg,2023-02-28T20:20:29.787Z,true,https://raw.githubusercontent.com/mykeels/inec-presidential-elections-2023/master/results/37-zamfara\3867-bungudu\26236-sankalawa\polling-units.json
ZAMFARA,BUNGUDU,SANKALAWA,SANKALAWA  I  /   PRIMARY SCHOOL,36/05/10/001,https://inec-cvr-cache.s3.eu-west-1.amazonaws.com/cached/results/118173/result_65628_1677502917_thumb.jpg,2023-02-28T18:14:28.469Z,true,https://raw.githubusercontent.com/mykeels/inec-presidential-elections-2023/master/results/37-zamfara\3867-bungudu\26236-sankalawa\polling-units.json
ZAMFARA,BUNGUDU,SANKALAWA,SANKALAWA G.D.S.S,36/05/10/018,https://inec-cvr-cache.s3.eu-west-1.amazonaws.com/cached/results/673978/result_65645_1677502572_thumb.jpg,2023-02-28T18:12:41.867Z,true,https://raw.githubusercontent.com/mykeels/inec-presidential-elections-2023/master/results/37-zamfara\3867-bungudu\26236-sankalawa\polling-units.json
ZAMFARA,BUNGUDU,SANKALAWA,SANKALAWA II    /  BAKIN G/HAKIMI,36/05/10/011,https://inec-cvr-cache.s3.eu-west-1.amazonaws.com/cached/results/118183/result_65638_1677500920_thumb.jpg,2023-02-28T20:36:38.595Z,true,https://raw.githubusercontent.com/mykeels/inec-presidential-elections-2023/master/results/37-zamfara\3867-bungudu\26236-sankalawa\polling-units.json
ZAMFARA,BUNGUDU,SANKALAWA,YARA DAN FILI,36/05/10/015,https://inec-cvr-cache.s3.eu-west-1.amazonaws.com/cached/results/673975/result_65642_1677503357_thumb.jpg,2023-03-01T05:48:14.912Z,true,https://raw.githubusercontent.com/mykeels/inec-presidential-elections-2023/master/results/37-zamfara\3867-bungudu\26236-sankalawa\polling-units.json
ZAMFARA,BUNGUDU,SANKALAWA,YASHI/KWARE   /  BAKIN G/M/GARI,36/05/10/009,https://inec-cvr-cache.s3.eu-west-1.amazonaws.com/cached/results/118181/result_65636_1677501472_thumb.jpg,2023-02-28T20:17:29.774Z,true,https://raw.githubusercontent.com/mykeels/inec-presidential-elections-2023/master/results/37-zamfara\3867-bungudu\26236-sankalawa\polling-units.json
ZAMFARA,BUNGUDU,SANKALAWA,ZABORO  /  BAKIN GIDAN MAI UNGUWA,36/05/10/010,https://inec-cvr-cache.s3.eu-west-1.amazonaws.com/cached/results/118182/result_65637_1677502495_thumb.jpg,2023-02-28T17:29:03.144Z,true,https://raw.githubusercontent.com/mykeels/inec-presidential-elections-2023/master/results/37-zamfara\3867-bungudu\26236-sankalawa\polling-units.json
ZAMFARA,BUNGUDU,TOFA,BAMFARA  / BAKIN GIDAN MAI UNGUWA,36/05/11/004,https://inec-cvr-cache.s3.eu-west-1.amazonaws.com/cached/results/118190/result_65653_1677491312_thumb.jpg,2023-02-28T20:18:55.420Z,true,https://raw.githubusercontent.com/mykeels/inec-presidential-elections-2023/master/results/37-zamfara\3867-bungudu\26237-tofa\polling-units.json
ZAMFARA,BUNGUDU,TOFA,DAN DAJI   /  BAKIN  GIDAN MAI UNGUWA,36/05/11/006,https://docs.inecelectionresults.net/elections_prod/1292/state/1/lga/3867/ward/26237/pu/119292/119292-1677461724.pdf,2023-02-27T01:55:02.081Z,false,https://raw.githubusercontent.com/mykeels/inec-presidential-elections-2023/master/results/37-zamfara\3867-bungudu\26237-tofa\polling-units.json
ZAMFARA,BUNGUDU,TOFA,GAMAWA  /   PRIMARY SCHOOL,36/05/11/005,https://inec-cvr-cache.s3.eu-west-1.amazonaws.com/cached/results/118191/result_65654_1677491459_thumb.jpg,2023-02-28T17:42:25.013Z,true,https://raw.githubusercontent.com/mykeels/inec-presidential-elections-2023/master/results/37-zamfara\3867-bungudu\26237-tofa\polling-units.json
ZAMFARA,BUNGUDU,TOFA,GAMAWA /NOMADIC PRI SCH G/FULANI,36/05/11/018,https://inec-cvr-cache.s3.eu-west-1.amazonaws.com/cached/results/673984/result_65667_1677494502_thumb.jpg,2023-02-28T17:24:11.163Z,true,https://raw.githubusercontent.com/mykeels/inec-presidential-elections-2023/master/results/37-zamfara\3867-bungudu\26237-tofa\polling-units.json
ZAMFARA,BUNGUDU,TOFA,JAN DUTSI    /  BAKIN GIDAN MAI ANGUWA,36/05/11/003,https://inec-cvr-cache.s3.eu-west-1.amazonaws.com/cached/results/118189/result_65652_1677491060_thumb.jpg,2023-02-28T21:43:32.215Z,true,https://raw.githubusercontent.com/mykeels/inec-presidential-elections-2023/master/results/37-zamfara\3867-bungudu\26237-tofa\polling-units.json
ZAMFARA,BUNGUDU,TOFA,JAN DUTSI  /  DOGARAI/BAKIN G/HAKIM,36/05/11/016,https://inec-cvr-cache.s3.eu-west-1.amazonaws.com/cached/results/118202/result_65665_1677493431_thumb.jpg,2023-02-28T18:23:46.686Z,true,https://raw.githubusercontent.com/mykeels/inec-presidential-elections-2023/master/results/37-zamfara\3867-bungudu\26237-tofa\polling-units.json
ZAMFARA,BUNGUDU,TOFA,KANON HAKI PRI.SCH,36/05/11/021,https://inec-cvr-cache.s3.eu-west-1.amazonaws.com/cached/results/673987/result_65670_1677494274_thumb.jpg,2023-02-28T18:19:07.152Z,true,https://raw.githubusercontent.com/mykeels/inec-presidential-elections-2023/master/results/37-zamfara\3867-bungudu\26237-tofa\polling-units.json
ZAMFARA,BUNGUDU,TOFA,KAROKA    /   BAKIN GIDA MAI ANGUWA,36/05/11/011,https://inec-cvr-cache.s3.eu-west-1.amazonaws.com/cached/results/118197/result_65660_1677492715_thumb.jpg,2023-02-28T20:26:53.295Z,true,https://raw.githubusercontent.com/mykeels/inec-presidential-elections-2023/master/results/37-zamfara\3867-bungudu\26237-tofa\polling-units.json
ZAMFARA,BUNGUDU,TOFA,M /SOLAR STATION,36/05/11/020,https://inec-cvr-cache.s3.eu-west-1.amazonaws.com/cached/results/673986/result_65669_1677493982_thumb.jpg,2023-02-28T18:10:57.630Z,true,https://raw.githubusercontent.com/mykeels/inec-presidential-elections-2023/master/results/37-zamfara\3867-bungudu\26237-tofa\polling-units.json
ZAMFARA,BUNGUDU,TOFA,SABON GARI KUMBURI,36/05/11/017,https://inec-cvr-cache.s3.eu-west-1.amazonaws.com/cached/results/673983/result_65666_1677493662_thumb.jpg,2023-02-28T18:15:06.413Z,true,https://raw.githubusercontent.com/mykeels/inec-presidential-elections-2023/master/results/37-zamfara\3867-bungudu\26237-tofa\polling-units.json
ZAMFARA,BUNGUDU,TOFA,SAGE-SAGI  / BAKIN GIDA MAI ANGUWA,36/05/11/012,https://inec-cvr-cache.s3.eu-west-1.amazonaws.com/cached/results/118198/result_65661_1677492836_thumb.jpg,2023-02-28T21:44:37.151Z,true,https://raw.githubusercontent.com/mykeels/inec-presidential-elections-2023/master/results/37-zamfara\3867-bungudu\26237-tofa\polling-units.json
ZAMFARA,BUNGUDU,TOFA,SULLUBAWA    /  BAKIN GIDA HAKIMI,36/05/11/009,https://inec-cvr-cache.s3.eu-west-1.amazonaws.com/cached/results/118195/result_65658_1677492457_thumb.jpg,2023-02-28T17:28:49.054Z,true,https://raw.githubusercontent.com/mykeels/inec-presidential-elections-2023/master/results/37-zamfara\3867-bungudu\26237-tofa\polling-units.json
ZAMFARA,BUNGUDU,TOFA,TOFA GIDAN SALAU  /  BAKIN GIDAM MAI HAKIMI,36/05/11/002,https://inec-cvr-cache.s3.eu-west-1.amazonaws.com/cached/results/118188/result_65651_1677490840_thumb.jpg,2023-02-28T18:13:39.522Z,true,https://raw.githubusercontent.com/mykeels/inec-presidential-elections-2023/master/results/37-zamfara\3867-bungudu\26237-tofa\polling-units.json
ZAMFARA,BUNGUDU,TOFA,TOFA I    /   PRIMARY SCHOOL,36/05/11/001,https://inec-cvr-cache.s3.eu-west-1.amazonaws.com/cached/results/118187/result_65650_1677490407_thumb.jpg,2023-02-28T20:16:40.282Z,true,https://raw.githubusercontent.com/mykeels/inec-presidential-elections-2023/master/results/37-zamfara\3867-bungudu\26237-tofa\polling-units.json
ZAMFARA,BUNGUDU,TOFA,TOFA II   /  BAKIN KASUWA,36/05/11/015,https://inec-cvr-cache.s3.eu-west-1.amazonaws.com/cached/results/118201/result_65664_1677493263_thumb.jpg,2023-02-28T20:18:51.363Z,true,https://raw.githubusercontent.com/mykeels/inec-presidential-elections-2023/master/results/37-zamfara\3867-bungudu\26237-tofa\polling-units.json
ZAMFARA,BUNGUDU,TOFA,TOFA P.H.C,36/05/11/019,https://inec-cvr-cache.s3.eu-west-1.amazonaws.com/cached/results/673985/result_65668_1677493859_thumb.jpg,2023-02-28T21:24:12.607Z,true,https://raw.githubusercontent.com/mykeels/inec-presidential-elections-2023/master/results/37-zamfara\3867-bungudu\26237-tofa\polling-units.json
ZAMFARA,BUNGUDU,TOFA,TSUNA  / BAKIN GIDA MAI ANGUWA,36/05/11/013,https://inec-cvr-cache.s3.eu-west-1.amazonaws.com/cached/results/118199/result_65662_1677492950_thumb.jpg,2023-02-28T20:37:27.265Z,true,https://raw.githubusercontent.com/mykeels/inec-presidential-elections-2023/master/results/37-zamfara\3867-bungudu\26237-tofa\polling-units.json
ZAMFARA,BUNGUDU,TOFA,TUKULE  / BAKIN GIDA MAI ANGUWA,36/05/11/014,https://inec-cvr-cache.s3.eu-west-1.amazonaws.com/cached/results/118200/result_65663_1677493071_thumb.jpg,2023-02-28T20:29:41.792Z,true,https://raw.githubusercontent.com/mykeels/inec-presidential-elections-2023/master/results/37-zamfara\3867-bungudu\26237-tofa\polling-units.json
ZAMFARA,BUNGUDU,TOFA,UNGUWAR DUNYA   /   PRIMARY SCHOOL,36/05/11/007,https://inec-cvr-cache.s3.eu-west-1.amazonaws.com/cached/results/118193/result_65656_1677492010_thumb.jpg,2023-02-28T18:24:47.784Z,true,https://raw.githubusercontent.com/mykeels/inec-presidential-elections-2023/master/results/37-zamfara\3867-bungudu\26237-tofa\polling-units.json
ZAMFARA,BUNGUDU,TOFA,WAZOJI  /   PRIMARY SCHOOL,36/05/11/010,https://inec-cvr-cache.s3.eu-west-1.amazonaws.com/cached/results/118196/result_65659_1677492571_thumb.jpg,2023-02-28T20:19:38.932Z,true,https://raw.githubusercontent.com/mykeels/inec-presidential-elections-2023/master/results/37-zamfara\3867-bungudu\26237-tofa\polling-units.json
ZAMFARA,BUNGUDU,TOFA,ZODDA   /  BAKIN GIDA HAKIMI,36/05/11/008,https://inec-cvr-cache.s3.eu-west-1.amazonaws.com/cached/results/118194/result_65657_1677492307_thumb.jpg,2023-02-28T21:24:31.502Z,true,https://raw.githubusercontent.com/mykeels/inec-presidential-elections-2023/master/results/37-zamfara\3867-bungudu\26237-tofa\polling-units.json
ZAMFARA,GUMMI,BARDOKI,AWALA/MAKARANTA,36/06/01/004,https://inec-cvr-cache.s3.eu-west-1.amazonaws.com/cached/results/118206/result_65674_1677681573_thumb.jpg,2023-03-01T14:40:07.183Z,false,https://raw.githubusercontent.com/mykeels/inec-presidential-elections-2023/master/results/37-zamfara\3868-gummi\26238-bardoki\polling-units.json
ZAMFARA,GUMMI,BARDOKI,BABBAN RAFI  / HANYA GULBI,36/06/01/019,https://inec-cvr-cache.s3.eu-west-1.amazonaws.com/cached/results/118221/result_65689_1677678441_thumb.jpg,2023-03-01T13:48:06.443Z,false,https://raw.githubusercontent.com/mykeels/inec-presidential-elections-2023/master/results/37-zamfara\3868-gummi\26238-bardoki\polling-units.json
ZAMFARA,GUMMI,BARDOKI,BARDOKI   /  KAN TUDU,36/06/01/017,https://inec-cvr-cache.s3.eu-west-1.amazonaws.com,2023-03-01T15:18:07.661Z,false,https://raw.githubusercontent.com/mykeels/inec-presidential-elections-2023/master/results/37-zamfara\3868-gummi\26238-bardoki\polling-units.json
ZAMFARA,GUMMI,BARDOKI,BARDOKI / KAN WURI,36/06/01/013,https://inec-cvr-cache.s3.eu-west-1.amazonaws.com/cached/results/118215/result_65683_1677683455_thumb.jpg,2023-03-01T15:11:02.809Z,false,https://raw.githubusercontent.com/mykeels/inec-presidential-elections-2023/master/results/37-zamfara\3868-gummi\26238-bardoki\polling-units.json
ZAMFARA,GUMMI,BARDOKI,BARDOKI / PRIMARY SCHOOL,36/06/01/009,https://inec-cvr-cache.s3.eu-west-1.amazonaws.com/cached/results/118211/result_65679_1677682661_thumb.jpg,2023-03-01T14:58:05.921Z,false,https://raw.githubusercontent.com/mykeels/inec-presidential-elections-2023/master/results/37-zamfara\3868-gummi\26238-bardoki\polling-units.json
ZAMFARA,GUMMI,BARDOKI,BARDOKI /SEC. SCH,36/06/01/023,https://inec-cvr-cache.s3.eu-west-1.amazonaws.com/cached/results/673990/result_65693_1677684911_thumb.jpg,2023-03-01T15:36:06.170Z,false,https://raw.githubusercontent.com/mykeels/inec-presidential-elections-2023/master/results/37-zamfara\3868-gummi\26238-bardoki\polling-units.json
ZAMFARA,GUMMI,BARDOKI,BARIKIN DAJI / MAKARANTA,36/06/01/015,https://inec-cvr-cache.s3.eu-west-1.amazonaws.com/cached/results/118217/result_65685_1677685896_thumb.jpg,2023-03-01T15:52:05.477Z,false,https://raw.githubusercontent.com/mykeels/inec-presidential-elections-2023/master/results/37-zamfara\3868-gummi\26238-bardoki\polling-units.json
ZAMFARA,GUMMI,BARDOKI,DADU / BAKIN KASUWA,36/06/01/020,https://inec-cvr-cache.s3.eu-west-1.amazonaws.com,2023-03-01T15:53:10.030Z,false,https://raw.githubusercontent.com/mykeels/inec-presidential-elections-2023/master/results/37-zamfara\3868-gummi\26238-bardoki\polling-units.json
ZAMFARA,GUMMI,BARDOKI,GALKO / MAKARANTA,36/06/01/010,https://inec-cvr-cache.s3.eu-west-1.amazonaws.com/cached/results/118212/result_65680_1677682771_thumb.jpg,2023-03-01T15:00:07.311Z,false,https://raw.githubusercontent.com/mykeels/inec-presidential-elections-2023/master/results/37-zamfara\3868-gummi\26238-bardoki\polling-units.json
ZAMFARA,GUMMI,BARDOKI,GUTSURA / MAKARANTA,36/06/01/011,https://inec-cvr-cache.s3.eu-west-1.amazonaws.com/cached/results/118213/result_65681_1677685659_thumb.jpg,2023-03-01T15:48:02.087Z,false,https://raw.githubusercontent.com/mykeels/inec-presidential-elections-2023/master/results/37-zamfara\3868-gummi\26238-bardoki\polling-units.json
ZAMFARA,GUMMI,BARDOKI,GWALLI II / PRI SCH,36/06/01/024,https://inec-cvr-cache.s3.eu-west-1.amazonaws.com/cached/results/673991/result_65694_1677684646_thumb.jpg,2023-03-01T15:31:04.613Z,false,https://raw.githubusercontent.com/mykeels/inec-presidential-elections-2023/master/results/37-zamfara\3868-gummi\26238-bardoki\polling-units.json
ZAMFARA,GUMMI,BARDOKI,GWALLI M.  /  PRIMARY SCHOOL,36/06/01/001,https://inec-cvr-cache.s3.eu-west-1.amazonaws.com/cached/results/118203/result_65671_1677685513_thumb.jpg,2023-03-01T15:46:04.386Z,false,https://raw.githubusercontent.com/mykeels/inec-presidential-elections-2023/master/results/37-zamfara\3868-gummi\26238-bardoki\polling-units.json
ZAMFARA,GUMMI,BARDOKI,KARAJE / MAKARANTA,36/06/01/005,,,false,https://raw.githubusercontent.com/mykeels/inec-presidential-elections-2023/master/results/37-zamfara\3868-gummi\26238-bardoki\polling-units.json
ZAMFARA,GUMMI,BARDOKI,KIBLI GARI / KIBLI KAN WURI,36/06/01/003,https://inec-cvr-cache.s3.eu-west-1.amazonaws.com/cached/results/118205/result_65673_1677685347_thumb.jpg,2023-03-01T15:43:04.374Z,false,https://raw.githubusercontent.com/mykeels/inec-presidential-elections-2023/master/results/37-zamfara\3868-gummi\26238-bardoki\polling-units.json
ZAMFARA,GUMMI,BARDOKI,LANKE KIBLI   /  MAKARANTA,36/06/01/018,https://inec-cvr-cache.s3.eu-west-1.amazonaws.com/cached/results/118220/result_65688_1677684104_thumb.jpg,2023-03-01T15:22:03.339Z,false,https://raw.githubusercontent.com/mykeels/inec-presidential-elections-2023/master/results/37-zamfara\3868-gummi\26238-bardoki\polling-units.json
ZAMFARA,GUMMI,BARDOKI,PASS / ZAWIIYYA,36/06/01/008,https://inec-cvr-cache.s3.eu-west-1.amazonaws.com/cached/results/118210/result_65678_1677682574_thumb.jpg,2023-03-01T14:57:05.942Z,false,https://raw.githubusercontent.com/mykeels/inec-presidential-elections-2023/master/results/37-zamfara\3868-gummi\26238-bardoki\polling-units.json
ZAMFARA,GUMMI,BARDOKI,PASS II / ZAWIYYA,36/06/01/025,https://inec-cvr-cache.s3.eu-west-1.amazonaws.com/cached/results/673992/result_65695_1677684736_thumb.jpg,2023-03-01T15:33:03.517Z,false,https://raw.githubusercontent.com/mykeels/inec-presidential-elections-2023/master/results/37-zamfara\3868-gummi\26238-bardoki\polling-units.json
ZAMFARA,GUMMI,BARDOKI,S/TUDU / KAN WURI,36/06/01/012,https://inec-cvr-cache.s3.eu-west-1.amazonaws.com/cached/results/118214/result_65682_1677682958_thumb.jpg,2023-03-01T15:03:07.147Z,false,https://raw.githubusercontent.com/mykeels/inec-presidential-elections-2023/master/results/37-zamfara\3868-gummi\26238-bardoki\polling-units.json
ZAMFARA,GUMMI,BARDOKI,SAHON KIBLI / SH-LIMAN,36/06/01/016,https://inec-cvr-cache.s3.eu-west-1.amazonaws.com/cached/results/118218/result_65686_1677683802_thumb.jpg,2023-03-01T15:17:05.811Z,false,https://raw.githubusercontent.com/mykeels/inec-presidential-elections-2023/master/results/37-zamfara\3868-gummi\26238-bardoki\polling-units.json
ZAMFARA,GUMMI,BARDOKI,TAGADI / KASUWA,36/06/01/014,https://inec-cvr-cache.s3.eu-west-1.amazonaws.com,2023-03-01T15:50:08.563Z,false,https://raw.githubusercontent.com/mykeels/inec-presidential-elections-2023/master/results/37-zamfara\3868-gummi\26238-bardoki\polling-units.json
ZAMFARA,GUMMI,BARDOKI,TAGADI II /MAKARANTA,36/06/01/021,https://inec-cvr-cache.s3.eu-west-1.amazonaws.com/cached/results/673988/result_65691_1677684370_thumb.jpg,2023-03-01T15:27:04.798Z,false,https://raw.githubusercontent.com/mykeels/inec-presidential-elections-2023/master/results/37-zamfara\3868-gummi\26238-bardoki\polling-units.json
ZAMFARA,GUMMI,BARDOKI,TULMI  I / PRIMARY SCHOOL,36/06/01/006,https://inec-cvr-cache.s3.eu-west-1.amazonaws.com/cached/results/118208/result_65676_1677685245_thumb.jpg,2023-03-01T15:41:04.688Z,false,https://raw.githubusercontent.com/mykeels/inec-presidential-elections-2023/master/results/37-zamfara\3868-gummi\26238-bardoki\polling-units.json
ZAMFARA,GUMMI,BARDOKI,TULMI II / KAN WURI,36/06/01/007,https://inec-cvr-cache.s3.eu-west-1.amazonaws.com/cached/results/118209/result_65677_1677685093_thumb.jpg,2023-03-01T15:39:04.871Z,false,https://raw.githubusercontent.com/mykeels/inec-presidential-elections-2023/master/results/37-zamfara\3868-gummi\26238-bardoki\polling-units.json
ZAMFARA,GUMMI,BARDOKI,TULMI III / PRI SCH,36/06/01/022,https://inec-cvr-cache.s3.eu-west-1.amazonaws.com/cached/results/673989/result_65692_1677684994_thumb.jpg,2023-03-01T15:37:05.944Z,false,https://raw.githubusercontent.com/mykeels/inec-presidential-elections-2023/master/results/37-zamfara\3868-gummi\26238-bardoki\polling-units.json
ZAMFARA,GUMMI,BARDOKI,YAR GUSAU / KAN WURI,36/06/01/002,https://inec-cvr-cache.s3.eu-west-1.amazonaws.com/cached/results/118204/result_65672_1677685430_thumb.jpg,2023-03-01T15:44:04.409Z,false,https://raw.githubusercontent.com/mykeels/inec-presidential-elections-2023/master/results/37-zamfara\3868-gummi\26238-bardoki\polling-units.json
ZAMFARA,GUMMI,BIRNIN MAGAJI,BIRIN MAGAJI  /  PRIMARY SCHOOL,36/06/02/010,https://docs.inecelectionresults.net/elections_prod/1292/state/1/lga/3868/ward/26239/pu/119332/119332-1677667036.pdf,2023-03-01T10:38:00.295Z,true,https://raw.githubusercontent.com/mykeels/inec-presidential-elections-2023/master/results/37-zamfara\3868-gummi\26239-birnin-magaji\polling-units.json
ZAMFARA,GUMMI,BIRNIN MAGAJI,G/ HAMISU KA'OJI /  GARKAR KA'OJI,36/06/02/011,https://docs.inecelectionresults.net/elections_prod/1292/state/1/lga/3868/ward/26239/pu/119333/119333-1677666676.pdf,2023-03-01T10:32:00.218Z,true,https://raw.githubusercontent.com/mykeels/inec-presidential-elections-2023/master/results/37-zamfara\3868-gummi\26239-birnin-magaji\polling-units.json
ZAMFARA,GUMMI,BIRNIN MAGAJI,GAZURA  II /  GAZURA PRIMARY SCHOOL,36/06/02/007,https://docs.inecelectionresults.net/elections_prod/1292/state/1/lga/3868/ward/26239/pu/119329/119329-1677667785.pdf,2023-03-01T10:50:00.739Z,true,https://raw.githubusercontent.com/mykeels/inec-presidential-elections-2023/master/results/37-zamfara\3868-gummi\26239-birnin-magaji\polling-units.json
ZAMFARA,GUMMI,BIRNIN MAGAJI,GAZURA III /DOGON KARFE,36/06/02/013,https://docs.inecelectionresults.net/elections_prod/1292/state/1/lga/3868/ward/26239/pu/177944/177944-1677665991.pdf,2023-03-01T10:21:00.299Z,true,https://raw.githubusercontent.com/mykeels/inec-presidential-elections-2023/master/results/37-zamfara\3868-gummi\26239-birnin-magaji\polling-units.json
ZAMFARA,GUMMI,BIRNIN MAGAJI,GAZURAI    /  KAN TUDU,36/06/02/004,https://docs.inecelectionresults.net/elections_prod/1292/state/1/lga/3868/ward/26239/pu/119326/119326-1677668842.pdf,2023-03-01T11:08:00.497Z,true,https://raw.githubusercontent.com/mykeels/inec-presidential-elections-2023/master/results/37-zamfara\3868-gummi\26239-birnin-magaji\polling-units.json
ZAMFARA,GUMMI,BIRNIN MAGAJI,GIDAN MAGAJI / GARKAR MAGAJI,36/06/02/003,https://docs.inecelectionresults.net/elections_prod/1292/state/1/lga/3868/ward/26239/pu/119325/119325-1677669075.pdf,2023-03-01T11:12:00.210Z,true,https://raw.githubusercontent.com/mykeels/inec-presidential-elections-2023/master/results/37-zamfara\3868-gummi\26239-birnin-magaji\polling-units.json
ZAMFARA,GUMMI,BIRNIN MAGAJI,KALI / KALI KASUWA,36/06/02/006,https://inec-cvr-cache.s3.eu-west-1.amazonaws.com/cached/results/118228/result_65701_1677605562_thumb.jpg,2023-02-28T17:33:09.794Z,false,https://raw.githubusercontent.com/mykeels/inec-presidential-elections-2023/master/results/37-zamfara\3868-gummi\26239-birnin-magaji\polling-units.json
ZAMFARA,GUMMI,BIRNIN MAGAJI,KWAMAMAKA DIKKO / GARKAR DIKKO,36/06/02/008,https://docs.inecelectionresults.net/elections_prod/1292/state/1/lga/3868/ward/26239/pu/119330/119330-1677667461.pdf,2023-03-01T10:45:00.435Z,true,https://raw.githubusercontent.com/mykeels/inec-presidential-elections-2023/master/results/37-zamfara\3868-gummi\26239-birnin-magaji\polling-units.json
ZAMFARA,GUMMI,BIRNIN MAGAJI,KWAMAMAKA JIDI   / MAKARANTA,36/06/02/005,https://docs.inecelectionresults.net/elections_prod/1292/state/1/lga/3868/ward/26239/pu/119327/119327-1677668005.pdf,2023-03-01T10:55:00.109Z,true,https://raw.githubusercontent.com/mykeels/inec-presidential-elections-2023/master/results/37-zamfara\3868-gummi\26239-birnin-magaji\polling-units.json
ZAMFARA,GUMMI,BIRNIN MAGAJI,MALAMAWA    /  ADULT EDU. CLASS,36/06/02/012,https://docs.inecelectionresults.net/elections_prod/1292/state/1/lga/3868/ward/26239/pu/119334/119334-1677666453.pdf,2023-03-01T10:28:00.414Z,true,https://raw.githubusercontent.com/mykeels/inec-presidential-elections-2023/master/results/37-zamfara\3868-gummi\26239-birnin-magaji\polling-units.json
ZAMFARA,GUMMI,BIRNIN MAGAJI,RUWA KAFE / MAKARANTA,36/06/02/009,https://docs.inecelectionresults.net/elections_prod/1292/state/1/lga/3868/ward/26239/pu/119331/119331-1677667272.pdf,2023-03-01T10:42:00.240Z,true,https://raw.githubusercontent.com/mykeels/inec-presidential-elections-2023/master/results/37-zamfara\3868-gummi\26239-birnin-magaji\polling-units.json
ZAMFARA,GUMMI,BIRNIN MAGAJI,SH.KAN WURI / BAKIN KASUWA,36/06/02/002,https://docs.inecelectionresults.net/elections_prod/1292/state/1/lga/3868/ward/26239/pu/119324/119324-1677669306.pdf,2023-03-01T11:16:00.067Z,true,https://raw.githubusercontent.com/mykeels/inec-presidential-elections-2023/master/results/37-zamfara\3868-gummi\26239-birnin-magaji\polling-units.json
ZAMFARA,GUMMI,BIRNIN MAGAJI,SHIYAR KOFA / KOFA DISP.,36/06/02/001,https://docs.inecelectionresults.net/elections_prod/1292/state/1/lga/3868/ward/26239/pu/119323/119323-1677669564.pdf,2023-03-01T11:20:00.562Z,true,https://raw.githubusercontent.com/mykeels/inec-presidential-elections-2023/master/results/37-zamfara\3868-gummi\26239-birnin-magaji\polling-units.json
ZAMFARA,GUMMI,BIRNIN TUDU,BIRIN TUDU/ -MAKARANTA,36/06/03/010,https://docs.inecelectionresults.net/elections_prod/1292/state/1/lga/3868/ward/26240/pu/119344/119344-1677680648.pdf,2023-03-01T14:25:01.349Z,true,https://raw.githubusercontent.com/mykeels/inec-presidential-elections-2023/master/results/37-zamfara\3868-gummi\26240-birnin-tudu\polling-units.json
ZAMFARA,GUMMI,BIRNIN TUDU,DAKI TAKWAS  V / SABAGATARINKA,36/06/03/006,https://docs.inecelectionresults.net/elections_prod/1292/state/1/lga/3868/ward/26240/pu/119340/119340-1677678827.pdf,2023-03-01T13:54:00.811Z,false,https://raw.githubusercontent.com/mykeels/inec-presidential-elections-2023/master/results/37-zamfara\3868-gummi\26240-birnin-tudu\polling-units.json
ZAMFARA,GUMMI,BIRNIN TUDU,DAKI TAKWAS  VIIII/ MAKARANTA,36/06/03/025,https://docs.inecelectionresults.net/elections_prod/1292/state/1/lga/3868/ward/26240/pu/177945/177945-1677684066.pdf,2023-03-01T15:22:00.135Z,false,https://raw.githubusercontent.com/mykeels/inec-presidential-elections-2023/master/results/37-zamfara\3868-gummi\26240-birnin-tudu\polling-units.json
ZAMFARA,GUMMI,BIRNIN TUDU,DAKI TAKWAS I / TURMUZAWA,36/06/03/001,https://docs.inecelectionresults.net/elections_prod/1292/state/1/lga/3868/ward/26240/pu/119335/119335-1677676322.pdf,2023-03-01T13:13:00.258Z,false,https://raw.githubusercontent.com/mykeels/inec-presidential-elections-2023/master/results/37-zamfara\3868-gummi\26240-birnin-tudu\polling-units.json
ZAMFARA,GUMMI,BIRNIN TUDU,DAKI TAKWAS II/  HANYAR ZURU,36/06/03/002,https://docs.inecelectionresults.net/elections_prod/1292/state/1/lga/3868/ward/26240/pu/119336/119336-1677676753.pdf,2023-03-01T13:20:00.357Z,true,https://raw.githubusercontent.com/mykeels/inec-presidential-elections-2023/master/results/37-zamfara\3868-gummi\26240-birnin-tudu\polling-units.json
ZAMFARA,GUMMI,BIRNIN TUDU,DAKI TAKWAS III / MAKARANTA,36/06/03/003,https://docs.inecelectionresults.net/elections_prod/1292/state/1/lga/3868/ward/26240/pu/119337/119337-1677677112.pdf,2023-03-01T13:26:00.132Z,false,https://raw.githubusercontent.com/mykeels/inec-presidential-elections-2023/master/results/37-zamfara\3868-gummi\26240-birnin-tudu\polling-units.json
ZAMFARA,GUMMI,BIRNIN TUDU,DAKI TAKWAS IV / SH/ LIMAN,36/06/03/004,https://docs.inecelectionresults.net/elections_prod/1292/state/1/lga/3868/ward/26240/pu/119338/119338-1677677525.pdf,2023-03-01T13:33:00.127Z,false,https://raw.githubusercontent.com/mykeels/inec-presidential-elections-2023/master/results/37-zamfara\3868-gummi\26240-birnin-tudu\polling-units.json
ZAMFARA,GUMMI,BIRNIN TUDU,DAKI TAKWAS VI / H/B/TUDU,36/06/03/007,https://docs.inecelectionresults.net/elections_prod/1292/state/1/lga/3868/ward/26240/pu/119341/119341-1677679392.pdf,2023-03-01T14:04:00.263Z,false,https://raw.githubusercontent.com/mykeels/inec-presidential-elections-2023/master/results/37-zamfara\3868-gummi\26240-birnin-tudu\polling-units.json
ZAMFARA,GUMMI,BIRNIN TUDU,DAKI TAKWAS VII / SH/MAGAJI,36/06/03/008,https://docs.inecelectionresults.net/elections_prod/1292/state/1/lga/3868/ward/26240/pu/119342/119342-1677680159.pdf,2023-03-01T14:17:01.232Z,true,https://raw.githubusercontent.com/mykeels/inec-presidential-elections-2023/master/results/37-zamfara\3868-gummi\26240-birnin-tudu\polling-units.json
ZAMFARA,GUMMI,BIRNIN TUDU,DAKI TAKWAS VIII / KAGALI,36/06/03/009,https://docs.inecelectionresults.net/elections_prod/1292/state/1/lga/3868/ward/26240/pu/119343/119343-1677680414.pdf,2023-03-01T14:21:01.642Z,true,https://raw.githubusercontent.com/mykeels/inec-presidential-elections-2023/master/results/37-zamfara\3868-gummi\26240-birnin-tudu\polling-units.json
ZAMFARA,GUMMI,BIRNIN TUDU,FARAGUM   /  ADULT EDU. CLASS,36/06/03/016,https://docs.inecelectionresults.net/elections_prod/1292/state/1/lga/3868/ward/26240/pu/119350/119350-1677681867.pdf,2023-03-01T14:45:00.857Z,false,https://raw.githubusercontent.com/mykeels/inec-presidential-elections-2023/master/results/37-zamfara\3868-gummi\26240-birnin-tudu\polling-units.json
ZAMFARA,GUMMI,BIRNIN TUDU,GIDAN AL-KALI / ADULT EDU. CLASS,36/06/03/020,https://docs.inecelectionresults.net/elections_prod/1292/state/1/lga/3868/ward/26240/pu/119354/119354-1677683199.pdf,2023-03-01T15:07:00.544Z,false,https://raw.githubusercontent.com/mykeels/inec-presidential-elections-2023/master/results/37-zamfara\3868-gummi\26240-birnin-tudu\polling-units.json
ZAMFARA,GUMMI,BIRNIN TUDU,GIDAN AYUBA   /  SH. LIMAN,36/06/03/021,https://docs.inecelectionresults.net/elections_prod/1292/state/1/lga/3868/ward/26240/pu/119355/119355-1677683376.pdf,2023-03-01T15:10:00.818Z,false,https://raw.githubusercontent.com/mykeels/inec-presidential-elections-2023/master/results/37-zamfara\3868-gummi\26240-birnin-tudu\polling-units.json
ZAMFARA,GUMMI,BIRNIN TUDU,GIDAN MAIKANO/BAKIN KASUWA,36/06/03/012,https://docs.inecelectionresults.net/elections_prod/1292/state/1/lga/3868/ward/26240/pu/119346/119346-1677681026.pdf,2023-03-01T14:31:00.371Z,false,https://raw.githubusercontent.com/mykeels/inec-presidential-elections-2023/master/results/37-zamfara\3868-gummi\26240-birnin-tudu\polling-units.json
ZAMFARA,GUMMI,BIRNIN TUDU,KADARMA   /  BABAN KUNFA,36/06/03/022,https://docs.inecelectionresults.net/elections_prod/1292/state/1/lga/3868/ward/26240/pu/119356/119356-1677683517.pdf,2023-03-01T15:12:00.946Z,false,https://raw.githubusercontent.com/mykeels/inec-presidential-elections-2023/master/results/37-zamfara\3868-gummi\26240-birnin-tudu\polling-units.json
ZAMFARA,GUMMI,BIRNIN TUDU,KAGALI / KAGALI,36/06/03/024,https://docs.inecelectionresults.net/elections_prod/1292/state/1/lga/3868/ward/26240/pu/119358/119358-1677683861.pdf,2023-03-01T15:18:00.435Z,false,https://raw.githubusercontent.com/mykeels/inec-presidential-elections-2023/master/results/37-zamfara\3868-gummi\26240-birnin-tudu\polling-units.json
ZAMFARA,GUMMI,BIRNIN TUDU,KAIWA / PRIMARY SCHOOL,36/06/03/014,https://docs.inecelectionresults.net/elections_prod/1292/state/1/lga/3868/ward/26240/pu/119348/119348-1677681441.pdf,2023-03-01T14:38:00.373Z,false,https://raw.githubusercontent.com/mykeels/inec-presidential-elections-2023/master/results/37-zamfara\3868-gummi\26240-birnin-tudu\polling-units.json
ZAMFARA,GUMMI,BIRNIN TUDU,LESHI / MAKARANTA,36/06/03/019,https://docs.inecelectionresults.net/elections_prod/1292/state/1/lga/3868/ward/26240/pu/119353/119353-1677682984.pdf,2023-03-01T15:05:01.239Z,true,https://raw.githubusercontent.com/mykeels/inec-presidential-elections-2023/master/results/37-zamfara\3868-gummi\26240-birnin-tudu\polling-units.json
ZAMFARA,GUMMI,BIRNIN TUDU,LUNGUN KAWURI / LUNGU,36/06/03/013,https://docs.inecelectionresults.net/elections_prod/1292/state/1/lga/3868/ward/26240/pu/119347/119347-1677681238.pdf,2023-03-01T14:35:01.265Z,true,https://raw.githubusercontent.com/mykeels/inec-presidential-elections-2023/master/results/37-zamfara\3868-gummi\26240-birnin-tudu\polling-units.json
ZAMFARA,GUMMI,BIRNIN TUDU,MAIBUJAJI   /  BUJAJI,36/06/03/017,https://docs.inecelectionresults.net/elections_prod/1292/state/1/lga/3868/ward/26240/pu/119351/119351-1677682322.pdf,2023-03-01T14:54:01.189Z,true,https://raw.githubusercontent.com/mykeels/inec-presidential-elections-2023/master/results/37-zamfara\3868-gummi\26240-birnin-tudu\polling-units.json
ZAMFARA,GUMMI,BIRNIN TUDU,NASARAWA / D/GIMBA,36/06/03/018,https://docs.inecelectionresults.net/elections_prod/1292/state/1/lga/3868/ward/26240/pu/119352/119352-1677682806.pdf,2023-03-01T15:01:00.136Z,false,https://raw.githubusercontent.com/mykeels/inec-presidential-elections-2023/master/results/37-zamfara\3868-gummi\26240-birnin-tudu\polling-units.json
ZAMFARA,GUMMI,BIRNIN TUDU,NASARAWA / PRI. SCH.,36/06/03/011,https://docs.inecelectionresults.net/elections_prod/1292/state/1/lga/3868/ward/26240/pu/119345/119345-1677680847.pdf,2023-03-01T14:28:00.466Z,false,https://raw.githubusercontent.com/mykeels/inec-presidential-elections-2023/master/results/37-zamfara\3868-gummi\26240-birnin-tudu\polling-units.json
ZAMFARA,GUMMI,BIRNIN TUDU,SH. KWANDON/ TUDU,36/06/03/005,https://docs.inecelectionresults.net/elections_prod/1292/state/1/lga/3868/ward/26240/pu/119339/119339-1677678512.pdf,2023-03-01T13:49:00.921Z,true,https://raw.githubusercontent.com/mykeels/inec-presidential-elections-2023/master/results/37-zamfara\3868-gummi\26240-birnin-tudu\polling-units.json
ZAMFARA,GUMMI,BIRNIN TUDU,TASHAR TURAME / TASHAR TURAME,36/06/03/023,https://docs.inecelectionresults.net/elections_prod/1292/state/1/lga/3868/ward/26240/pu/119357/119357-1677683686.pdf,2023-03-01T15:15:00.538Z,false,https://raw.githubusercontent.com/mykeels/inec-presidential-elections-2023/master/results/37-zamfara\3868-gummi\26240-birnin-tudu\polling-units.json
ZAMFARA,GUMMI,BIRNIN TUDU,TUDUN NATSIRA   /  MAKARANTA,36/06/03/015,https://docs.inecelectionresults.net/elections_prod/1292/state/1/lga/3868/ward/26240/pu/119349/119349-1677681635.pdf,2023-03-01T14:41:00.491Z,false,https://raw.githubusercontent.com/mykeels/inec-presidential-elections-2023/master/results/37-zamfara\3868-gummi\26240-birnin-tudu\polling-units.json
ZAMFARA,GUMMI,FALALE,IYAKA / BAKIN DUTSI,36/06/04/002,,,false,https://raw.githubusercontent.com/mykeels/inec-presidential-elections-2023/master/results/37-zamfara\3868-gummi\26241-falale\polling-units.json
ZAMFARA,GUMMI,FALALE,IYAKA II SH/G.FARI / GARKAR G. FARI,36/06/04/011,https://docs.inecelectionresults.net/elections_prod/1292/state/01/lga/06/ward/04/pu/011/011-1677394262.pdf,2023-02-26T06:59:19.566Z,false,https://raw.githubusercontent.com/mykeels/inec-presidential-elections-2023/master/results/37-zamfara\3868-gummi\26241-falale\polling-units.json
ZAMFARA,GUMMI,FALALE,KAN WURI / FALALE DISPENSARY,36/06/04/001,https://docs.inecelectionresults.net/elections_prod/1292/state/1/lga/3868/ward/26241/pu/119359/119359-1677455622.pdf,2023-02-26T23:54:00.247Z,false,https://raw.githubusercontent.com/mykeels/inec-presidential-elections-2023/master/results/37-zamfara\3868-gummi\26241-falale\polling-units.json
ZAMFARA,GUMMI,FALALE,KAN WURI / IYAKA / PRIMARY SCHOOL.,36/06/04/003,https://docs.inecelectionresults.net/elections_prod/1292/state/01/lga/06/ward/04/pu/003/003-1677396909.pdf,2023-02-26T07:36:01.691Z,false,https://raw.githubusercontent.com/mykeels/inec-presidential-elections-2023/master/results/37-zamfara\3868-gummi\26241-falale\polling-units.json
ZAMFARA,GUMMI,FALALE,KOFAR GULBI I / BAKIN GULBI,36/06/04/006,https://docs.inecelectionresults.net/elections_prod/1292/state/1/lga/3868/ward/26241/pu/119364/119364-1677476560.pdf,2023-02-27T05:43:00.448Z,false,https://raw.githubusercontent.com/mykeels/inec-presidential-elections-2023/master/results/37-zamfara\3868-gummi\26241-falale\polling-units.json
ZAMFARA,GUMMI,FALALE,KOFAR GULBI II / BAKIN GULBI,36/06/04/010,https://docs.inecelectionresults.net/elections_prod/1292/state/1/lga/3868/ward/26241/pu/119368/119368-1677477110.pdf,2023-02-27T05:52:00.448Z,false,https://raw.githubusercontent.com/mykeels/inec-presidential-elections-2023/master/results/37-zamfara\3868-gummi\26241-falale\polling-units.json
ZAMFARA,GUMMI,FALALE,KUKOKI / KUKOKI,36/06/04/004,,,false,https://raw.githubusercontent.com/mykeels/inec-presidential-elections-2023/master/results/37-zamfara\3868-gummi\26241-falale\polling-units.json
ZAMFARA,GUMMI,FALALE,MAIKUSA / MAIKUSA,36/06/04/005,https://docs.inecelectionresults.net/elections_prod/1292/state/1/lga/3868/ward/26241/pu/119363/119363-1677453802.pdf,2023-02-26T23:23:59.947Z,false,https://raw.githubusercontent.com/mykeels/inec-presidential-elections-2023/master/results/37-zamfara\3868-gummi\26241-falale\polling-units.json
ZAMFARA,GUMMI,FALALE,UNG. GALADIMA  I / GARKAR DIKKO,36/06/04/007,https://docs.inecelectionresults.net/elections_prod/1292/state/1/lga/3868/ward/26241/pu/119365/119365-1677458549.pdf,2023-02-27T00:43:00.079Z,false,https://raw.githubusercontent.com/mykeels/inec-presidential-elections-2023/master/results/37-zamfara\3868-gummi\26241-falale\polling-units.json
ZAMFARA,GUMMI,FALALE,UNG. GALADIMA II / FALALE DISPEN.,36/06/04/008,https://docs.inecelectionresults.net/elections_prod/1292/state/1/lga/3868/ward/26241/pu/119366/119366-1677457958.pdf,2023-02-27T00:33:00.953Z,false,https://raw.githubusercontent.com/mykeels/inec-presidential-elections-2023/master/results/37-zamfara\3868-gummi\26241-falale\polling-units.json
ZAMFARA,GUMMI,FALALE,UNG. GALADIMA III /SABON GARI,36/06/04/009,https://docs.inecelectionresults.net/elections_prod/1292/state/1/lga/3868/ward/26241/pu/119367/119367-1677458247.pdf,2023-02-27T00:38:00.875Z,false,https://raw.githubusercontent.com/mykeels/inec-presidential-elections-2023/master/results/37-zamfara\3868-gummi\26241-falale\polling-units.json
ZAMFARA,GUMMI,FELFELDU / GAMO,DAN DOGO / KASUWA,36/06/05/004,https://docs.inecelectionresults.net/elections_prod/1292/state/1/lga/3868/ward/26242/pu/119373/119373-1677484417.pdf,2023-02-27T07:54:00.410Z,false,https://raw.githubusercontent.com/mykeels/inec-presidential-elections-2023/master/results/37-zamfara\3868-gummi\26242-felfeldu-gamo\polling-units.json
ZAMFARA,GUMMI,FELFELDU / GAMO,GAMO   /  SH/ YAMMA,36/06/05/002,,,false,https://raw.githubusercontent.com/mykeels/inec-presidential-elections-2023/master/results/37-zamfara\3868-gummi\26242-felfeldu-gamo\polling-units.json
ZAMFARA,GUMMI,FELFELDU / GAMO,GIDAN GARBE / DAN HAYI,36/06/05/003,,,false,https://raw.githubusercontent.com/mykeels/inec-presidential-elections-2023/master/results/37-zamfara\3868-gummi\26242-felfeldu-gamo\polling-units.json
ZAMFARA,GUMMI,FELFELDU / GAMO,GIDAN JANDO  / GIDAN JANDO,36/06/05/010,,,false,https://raw.githubusercontent.com/mykeels/inec-presidential-elections-2023/master/results/37-zamfara\3868-gummi\26242-felfeldu-gamo\polling-units.json
ZAMFARA,GUMMI,FELFELDU / GAMO,GIDAN MAGAJI / YAR KOFA,36/06/05/009,,,false,https://raw.githubusercontent.com/mykeels/inec-presidential-elections-2023/master/results/37-zamfara\3868-gummi\26242-felfeldu-gamo\polling-units.json
ZAMFARA,GUMMI,FELFELDU / GAMO,JABAKA / PRIMARY SCHOOL.,36/06/05/001,https://docs.inecelectionresults.net/elections_prod/1292/state/01/lga/06/ward/05/pu/001/001-1677367535.pdf,2023-02-25T23:26:02.436Z,false,https://raw.githubusercontent.com/mykeels/inec-presidential-elections-2023/master/results/37-zamfara\3868-gummi\26242-felfeldu-gamo\polling-units.json
ZAMFARA,GUMMI,FELFELDU / GAMO,MALAN KARA / MAKARANTA,36/06/05/006,https://docs.inecelectionresults.net/elections_prod/1292/state/01/lga/06/ward/05/pu/006/006-1677401372.pdf,2023-02-26T13:17:56.791Z,false,https://raw.githubusercontent.com/mykeels/inec-presidential-elections-2023/master/results/37-zamfara\3868-gummi\26242-felfeldu-gamo\polling-units.json
ZAMFARA,GUMMI,FELFELDU / GAMO,NANIYA / BAKIN KASUWA,36/06/05/007,,,false,https://raw.githubusercontent.com/mykeels/inec-presidential-elections-2023/master/results/37-zamfara\3868-gummi\26242-felfeldu-gamo\polling-units.json
ZAMFARA,GUMMI,FELFELDU / GAMO,SH. GABAS / BAKIN GULBI,36/06/05/008,,,false,https://raw.githubusercontent.com/mykeels/inec-presidential-elections-2023/master/results/37-zamfara\3868-gummi\26242-felfeldu-gamo\polling-units.json
ZAMFARA,GUMMI,FELFELDU / GAMO,WAWAN ICCE / PRIMARY SCHOOL,36/06/05/005,https://docs.inecelectionresults.net/elections_prod/1292/state/01/lga/06/ward/05/pu/005/005-1677425302.pdf,2023-02-26T15:29:01.751Z,false,https://raw.githubusercontent.com/mykeels/inec-presidential-elections-2023/master/results/37-zamfara\3868-gummi\26242-felfeldu-gamo\polling-units.json
ZAMFARA,GUMMI,FELFELDU / GAMO,YAR GARI / GARKAR MAI GARI,36/06/05/011,,,false,https://raw.githubusercontent.com/mykeels/inec-presidential-elections-2023/master/results/37-zamfara\3868-gummi\26242-felfeldu-gamo\polling-units.json
ZAMFARA,GUMMI,GAYARI,ADARAWA  I / PRIMARY SCHOOL,36/06/06/007,https://docs.inecelectionresults.net/elections_prod/1292/state/01/lga/06/ward/06/pu/007/007-1677370095.pdf,2023-02-26T13:17:25.371Z,false,https://raw.githubusercontent.com/mykeels/inec-presidential-elections-2023/master/results/37-zamfara\3868-gummi\26243-gayari\polling-units.json
ZAMFARA,GUMMI,GAYARI,ADARAWA II / BAKIN KASUWA,36/06/06/010,https://docs.inecelectionresults.net/elections_prod/1292/state/01/lga/06/ward/06/pu/010/010-1677368156.pdf,2023-02-26T13:17:22.037Z,false,https://raw.githubusercontent.com/mykeels/inec-presidential-elections-2023/master/results/37-zamfara\3868-gummi\26243-gayari\polling-units.json
ZAMFARA,GUMMI,GAYARI,BUDUN-MAKARANTA / PRIMARY SCHOOL,36/06/06/009,https://docs.inecelectionresults.net/elections_prod/1292/state/01/lga/06/ward/06/pu/009/009-1677367013.pdf,2023-02-25T23:17:59.973Z,false,https://raw.githubusercontent.com/mykeels/inec-presidential-elections-2023/master/results/37-zamfara\3868-gummi\26243-gayari\polling-units.json
ZAMFARA,GUMMI,GAYARI,DAKAWAR DIKKO / BAKIN KASUWA,36/06/06/006,https://docs.inecelectionresults.net/elections_prod/1292/state/01/lga/06/ward/06/pu/006/006-1677361888.pdf,2023-02-25T21:52:01.973Z,false,https://raw.githubusercontent.com/mykeels/inec-presidential-elections-2023/master/results/37-zamfara\3868-gummi\26243-gayari\polling-units.json
ZAMFARA,GUMMI,GAYARI,DAKAWAR MAGAJI / MAKARANTA,36/06/06/002,https://inec-cvr-cache.s3.eu-west-1.amazonaws.com/cached/results/118282/result_65757_1677539606_thumb.jpg,2023-03-01T05:43:34.215Z,false,https://raw.githubusercontent.com/mykeels/inec-presidential-elections-2023/master/results/37-zamfara\3868-gummi\26243-gayari\polling-units.json
ZAMFARA,GUMMI,GAYARI,GAYARI T / W / TSAMIYA,36/06/06/015,https://docs.inecelectionresults.net/elections_prod/1292/state/01/lga/06/ward/06/pu/015/015-1677372704.pdf,2023-02-26T13:17:28.894Z,false,https://raw.githubusercontent.com/mykeels/inec-presidential-elections-2023/master/results/37-zamfara\3868-gummi\26243-gayari\polling-units.json
ZAMFARA,GUMMI,GAYARI,GAYARI T/W II / TSAMIYA,36/06/06/019,https://docs.inecelectionresults.net/elections_prod/1292/state/01/lga/06/ward/06/pu/019/019-1677363906.pdf,2023-02-25T22:26:59.557Z,false,https://raw.githubusercontent.com/mykeels/inec-presidential-elections-2023/master/results/37-zamfara\3868-gummi\26243-gayari\polling-units.json
ZAMFARA,GUMMI,GAYARI,MADATAI / PRIMARY SCHOOL,36/06/06/008,https://docs.inecelectionresults.net/elections_prod/1292/state/01/lga/06/ward/06/pu/008/008-1677371221.pdf,2023-02-26T13:17:26.630Z,false,https://raw.githubusercontent.com/mykeels/inec-presidential-elections-2023/master/results/37-zamfara\3868-gummi\26243-gayari\polling-units.json
ZAMFARA,GUMMI,GAYARI,MATSIRI / ADULT EDU. CLASS,36/06/06/016,https://docs.inecelectionresults.net/elections_prod/1292/state/01/lga/06/ward/06/pu/016/016-1677372172.pdf,2023-02-26T13:17:27.866Z,false,https://raw.githubusercontent.com/mykeels/inec-presidential-elections-2023/master/results/37-zamfara\3868-gummi\26243-gayari\polling-units.json
ZAMFARA,GUMMI,GAYARI,SABON GARI  II /  SABON GARI,36/06/06/012,https://docs.inecelectionresults.net/elections_prod/1292/state/01/lga/06/ward/06/pu/012/012-1677370831.pdf,2023-02-26T02:52:59.830Z,false,https://raw.githubusercontent.com/mykeels/inec-presidential-elections-2023/master/results/37-zamfara\3868-gummi\26243-gayari\polling-units.json
ZAMFARA,GUMMI,GAYARI,SABON GARI I / DAN FILI,36/06/06/003,https://docs.inecelectionresults.net/elections_prod/1292/state/01/lga/06/ward/06/pu/003/003-1677370785.pdf,2023-02-26T13:17:26.126Z,false,https://raw.githubusercontent.com/mykeels/inec-presidential-elections-2023/master/results/37-zamfara\3868-gummi\26243-gayari\polling-units.json
ZAMFARA,GUMMI,GAYARI,SH. ANNA  I / PRI. SCH.,36/06/06/001,https://docs.inecelectionresults.net/elections_prod/1292/state/01/lga/06/ward/06/pu/001/001-1677364108.pdf,2023-02-25T22:29:02.402Z,false,https://raw.githubusercontent.com/mykeels/inec-presidential-elections-2023/master/results/37-zamfara\3868-gummi\26243-gayari\polling-units.json
ZAMFARA,GUMMI,GAYARI,SH. ANNA II / HANYAR GULBI,36/06/06/011,https://docs.inecelectionresults.net/elections_prod/1292/state/01/lga/06/ward/06/pu/011/011-1677366627.pdf,2023-02-25T23:11:02.251Z,false,https://raw.githubusercontent.com/mykeels/inec-presidential-elections-2023/master/results/37-zamfara\3868-gummi\26243-gayari\polling-units.json
ZAMFARA,GUMMI,GAYARI,SH. ANNA III/H/ GULBI,36/06/06/017,https://docs.inecelectionresults.net/elections_prod/1292/state/01/lga/06/ward/06/pu/017/017-1677373420.pdf,2023-02-26T13:17:29.724Z,false,https://raw.githubusercontent.com/mykeels/inec-presidential-elections-2023/master/results/37-zamfara\3868-gummi\26243-gayari\polling-units.json
ZAMFARA,GUMMI,GAYARI,SH. BAJANA I   /  FADAMA,36/06/06/013,https://docs.inecelectionresults.net/elections_prod/1292/state/01/lga/06/ward/06/pu/013/013-1677381885.pdf,2023-02-26T03:25:01.769Z,false,https://raw.githubusercontent.com/mykeels/inec-presidential-elections-2023/master/results/37-zamfara\3868-gummi\26243-gayari\polling-units.json
ZAMFARA,GUMMI,GAYARI,SH. BAJANA II / KATAI,36/06/06/014,https://docs.inecelectionresults.net/elections_prod/1292/state/01/lga/06/ward/06/pu/014/014-1677370620.pdf,2023-02-26T13:17:25.854Z,false,https://raw.githubusercontent.com/mykeels/inec-presidential-elections-2023/master/results/37-zamfara\3868-gummi\26243-gayari\polling-units.json
ZAMFARA,GUMMI,GAYARI,SH. BAJINA III / FADAMA,36/06/06/018,https://docs.inecelectionresults.net/elections_prod/1292/state/01/lga/06/ward/06/pu/018/018-1677371937.pdf,2023-02-26T13:17:27.596Z,false,https://raw.githubusercontent.com/mykeels/inec-presidential-elections-2023/master/results/37-zamfara\3868-gummi\26243-gayari\polling-units.json
ZAMFARA,GUMMI,GAYARI,SH. KWARGA / GAYARI DISPEN.,36/06/06/004,https://docs.inecelectionresults.net/elections_prod/1292/state/01/lga/06/ward/06/pu/004/004-1677376579.pdf,2023-02-26T13:17:32.891Z,false,https://raw.githubusercontent.com/mykeels/inec-presidential-elections-2023/master/results/37-zamfara\3868-gummi\26243-gayari\polling-units.json
ZAMFARA,GUMMI,GAYARI,TUNGAR ANNA / BAKIN KASUWA,36/06/06/005,https://docs.inecelectionresults.net/elections_prod/1292/state/01/lga/06/ward/06/pu/005/005-1677364864.pdf,2023-02-26T13:17:15.660Z,false,https://raw.githubusercontent.com/mykeels/inec-presidential-elections-2023/master/results/37-zamfara\3868-gummi\26243-gayari\polling-units.json
ZAMFARA,GUMMI,GYALANGE,DAN AWO / ADULT EDU. CLASS,36/06/07/013,https://inec-cvr-cache.s3.eu-west-1.amazonaws.com/cached/results/118309/result_65787_1677540145_thumb.jpg,2023-03-01T05:43:56.910Z,true,https://raw.githubusercontent.com/mykeels/inec-presidential-elections-2023/master/results/37-zamfara\3868-gummi\26244-gyalange\polling-units.json
ZAMFARA,GUMMI,GYALANGE,DANGWAI BABA / DISPENSARY,36/06/07/006,https://inec-cvr-cache.s3.eu-west-1.amazonaws.com/cached/results/118302/result_65780_1677540430_thumb.jpg,2023-03-01T05:44:06.354Z,true,https://raw.githubusercontent.com/mykeels/inec-presidential-elections-2023/master/results/37-zamfara\3868-gummi\26244-gyalange\polling-units.json
ZAMFARA,GUMMI,GYALANGE,DANGWAI RAFI / BAKIN KASUWA,36/06/07/002,https://inec-cvr-cache.s3.eu-west-1.amazonaws.com/cached/results/118298/result_65776_1677540793_thumb.jpg,2023-03-01T05:44:22.818Z,true,https://raw.githubusercontent.com/mykeels/inec-presidential-elections-2023/master/results/37-zamfara\3868-gummi\26244-gyalange\polling-units.json
ZAMFARA,GUMMI,GYALANGE,GABTU I / DISPENSARY,36/06/07/004,https://inec-cvr-cache.s3.eu-west-1.amazonaws.com/cached/results/118300/result_65778_1677540649_thumb.jpg,2023-03-01T05:44:14.441Z,true,https://raw.githubusercontent.com/mykeels/inec-presidential-elections-2023/master/results/37-zamfara\3868-gummi\26244-gyalange\polling-units.json
ZAMFARA,GUMMI,GYALANGE,GABTU II / YAR RUNFA,36/06/07/005,https://inec-cvr-cache.s3.eu-west-1.amazonaws.com/cached/results/118301/result_65779_1677540499_thumb.jpg,2023-03-01T05:44:10.387Z,true,https://raw.githubusercontent.com/mykeels/inec-presidential-elections-2023/master/results/37-zamfara\3868-gummi\26244-gyalange\polling-units.json
ZAMFARA,GUMMI,GYALANGE,GIDAN CHIDO IV / MAKARANTA,36/06/07/009,https://inec-cvr-cache.s3.eu-west-1.amazonaws.com/cached/results/118305/result_65783_1677540335_thumb.jpg,2023-03-01T05:44:03.177Z,true,https://raw.githubusercontent.com/mykeels/inec-presidential-elections-2023/master/results/37-zamfara\3868-gummi\26244-gyalange\polling-units.json
ZAMFARA,GUMMI,GYALANGE,GIDAN CHIDO V / MAKARANTA,36/06/07/010,https://docs.inecelectionresults.net/elections_prod/1292/state/01/lga/06/ward/07/pu/010/010-1677374216.pdf,2023-02-26T01:17:59.750Z,false,https://raw.githubusercontent.com/mykeels/inec-presidential-elections-2023/master/results/37-zamfara\3868-gummi\26244-gyalange\polling-units.json
ZAMFARA,GUMMI,GYALANGE,GIDAN CHIDO VI / UNG. HASSAN,36/06/07/011,https://docs.inecelectionresults.net/elections_prod/1292/state/01/lga/06/ward/07/pu/011/011-1677367653.pdf,2023-02-25T23:29:59.619Z,false,https://raw.githubusercontent.com/mykeels/inec-presidential-elections-2023/master/results/37-zamfara\3868-gummi\26244-gyalange\polling-units.json
ZAMFARA,GUMMI,GYALANGE,GIDAN CHIDO VII / KOFA,36/06/07/012,https://inec-cvr-cache.s3.eu-west-1.amazonaws.com/cached/results/118308/result_65786_1677540037_thumb.jpg,2023-03-01T05:43:53.078Z,true,https://raw.githubusercontent.com/mykeels/inec-presidential-elections-2023/master/results/37-zamfara\3868-gummi\26244-gyalange\polling-units.json
ZAMFARA,GUMMI,GYALANGE,GIDAN CHINDO I / KAN WURI,36/06/07/001,https://docs.inecelectionresults.net/elections_prod/1292/state/01/lga/06/ward/07/pu/001/001-1677362937.pdf,2023-02-25T22:09:02.453Z,false,https://raw.githubusercontent.com/mykeels/inec-presidential-elections-2023/master/results/37-zamfara\3868-gummi\26244-gyalange\polling-units.json
ZAMFARA,GUMMI,GYALANGE,GIDAN CHINDO II / KOFAR BIRNI,36/06/07/003,https://inec-cvr-cache.s3.eu-west-1.amazonaws.com/cached/results/118299/result_65777_1677540729_thumb.jpg,2023-03-01T05:44:20.835Z,true,https://raw.githubusercontent.com/mykeels/inec-presidential-elections-2023/master/results/37-zamfara\3868-gummi\26244-gyalange\polling-units.json
ZAMFARA,GUMMI,GYALANGE,GIDAN CHINDO III / TASHA,36/06/07/008,https://docs.inecelectionresults.net/elections_prod/1292/state/01/lga/06/ward/07/pu/008/008-1677375842.pdf,2023-02-26T01:45:00.816Z,false,https://raw.githubusercontent.com/mykeels/inec-presidential-elections-2023/master/results/37-zamfara\3868-gummi\26244-gyalange\polling-units.json
ZAMFARA,GUMMI,GYALANGE,MASAMA DANAWO / BAKIN KASUWA,36/06/07/007,https://inec-cvr-cache.s3.eu-west-1.amazonaws.com/cached/results/118303/result_65781_1677540558_thumb.jpg,2023-03-01T05:44:11.126Z,true,https://raw.githubusercontent.com/mykeels/inec-presidential-elections-2023/master/results/37-zamfara\3868-gummi\26244-gyalange\polling-units.json
ZAMFARA,GUMMI,GYALANGE,MASONI / BAKIN RIJIYA,36/06/07/014,https://inec-cvr-cache.s3.eu-west-1.amazonaws.com/cached/results/118310/result_65788_1677540248_thumb.jpg,2023-03-01T05:44:01.471Z,true,https://raw.githubusercontent.com/mykeels/inec-presidential-elections-2023/master/results/37-zamfara\3868-gummi\26244-gyalange\polling-units.json
ZAMFARA,GUMMI,ILLELAR AWAL,FALAN BIRIN / BAKIN KASUWA,36/06/08/007,https://docs.inecelectionresults.net/elections_prod/1292/state/01/lga/06/ward/08/pu/007/007-1677405349.pdf,2023-02-26T09:59:01.014Z,false,https://raw.githubusercontent.com/mykeels/inec-presidential-elections-2023/master/results/37-zamfara\3868-gummi\26245-illelar-awal\polling-units.json
ZAMFARA,GUMMI,ILLELAR AWAL,FALAN TSIBIRI / PRIMARY SCHOOL,36/06/08/011,,,true,https://raw.githubusercontent.com/mykeels/inec-presidential-elections-2023/master/results/37-zamfara\3868-gummi\26245-illelar-awal\polling-units.json
ZAMFARA,GUMMI,ILLELAR AWAL,GAMBADAR D/JAFA / PRI. SCH.,36/06/08/004,https://docs.inecelectionresults.net/elections_prod/1292/state/01/lga/06/ward/08/pu/004/004-1677402001.pdf,2023-02-26T09:01:01.215Z,false,https://raw.githubusercontent.com/mykeels/inec-presidential-elections-2023/master/results/37-zamfara\3868-gummi\26245-illelar-awal\polling-units.json
ZAMFARA,GUMMI,ILLELAR AWAL,GAMBADAR HANYA I / MAKARANTA,36/06/08/014,,,true,https://raw.githubusercontent.com/mykeels/inec-presidential-elections-2023/master/results/37-zamfara\3868-gummi\26245-illelar-awal\polling-units.json
ZAMFARA,GUMMI,ILLELAR AWAL,GAMBADAR HANYA II / MAKARANTA,36/06/08/015,,,true,https://raw.githubusercontent.com/mykeels/inec-presidential-elections-2023/master/results/37-zamfara\3868-gummi\26245-illelar-awal\polling-units.json
ZAMFARA,GUMMI,ILLELAR AWAL,GAMBADAR MAIGIRO  III  /  PRI SCH.,36/06/08/010,https://docs.inecelectionresults.net/elections_prod/1292/state/01/lga/06/ward/08/pu/010/010-1677381942.pdf,2023-02-26T03:26:01.510Z,false,https://raw.githubusercontent.com/mykeels/inec-presidential-elections-2023/master/results/37-zamfara\3868-gummi\26245-illelar-awal\polling-units.json
ZAMFARA,GUMMI,ILLELAR AWAL,GAMBADAR MAIGIRO I /   PRI. SCH.,36/06/08/006,,,true,https://raw.githubusercontent.com/mykeels/inec-presidential-elections-2023/master/results/37-zamfara\3868-gummi\26245-illelar-awal\polling-units.json
ZAMFARA,GUMMI,ILLELAR AWAL,GAMBADAR MAIGIRO II  /  DAN FILI,36/06/08/008,,,false,https://raw.githubusercontent.com/mykeels/inec-presidential-elections-2023/master/results/37-zamfara\3868-gummi\26245-illelar-awal\polling-units.json
ZAMFARA,GUMMI,ILLELAR AWAL,GAMBANDAR D/JAFA II / PRI SCH,36/06/08/019,,,true,https://raw.githubusercontent.com/mykeels/inec-presidential-elections-2023/master/results/37-zamfara\3868-gummi\26245-illelar-awal\polling-units.json
ZAMFARA,GUMMI,ILLELAR AWAL,GAMBANDAR D/JAFA III / MAYANKA,36/06/08/020,https://docs.inecelectionresults.net/elections_prod/1292/state/01/lga/06/ward/08/pu/020/020-1677376431.pdf,2023-02-26T01:54:59.703Z,false,https://raw.githubusercontent.com/mykeels/inec-presidential-elections-2023/master/results/37-zamfara\3868-gummi\26245-illelar-awal\polling-units.json
ZAMFARA,GUMMI,ILLELAR AWAL,KATSE GANI / YAR RUNFA,36/06/08/017,,,true,https://raw.githubusercontent.com/mykeels/inec-presidential-elections-2023/master/results/37-zamfara\3868-gummi\26245-illelar-awal\polling-units.json
ZAMFARA,GUMMI,ILLELAR AWAL,KURFA / MAKARANTA,36/06/08/003,,,false,https://raw.githubusercontent.com/mykeels/inec-presidential-elections-2023/master/results/37-zamfara\3868-gummi\26245-illelar-awal\polling-units.json
ZAMFARA,GUMMI,ILLELAR AWAL,KURFA II / ASIBITI,36/06/08/018,https://docs.inecelectionresults.net/elections_prod/1292/state/01/lga/06/ward/08/pu/018/018-1677376645.pdf,2023-02-26T01:58:01.299Z,false,https://raw.githubusercontent.com/mykeels/inec-presidential-elections-2023/master/results/37-zamfara\3868-gummi\26245-illelar-awal\polling-units.json
ZAMFARA,GUMMI,ILLELAR AWAL,RIJIYAR FARI / YAR RUNFA,36/06/08/005,,,true,https://raw.githubusercontent.com/mykeels/inec-presidential-elections-2023/master/results/37-zamfara\3868-gummi\26245-illelar-awal\polling-units.json
ZAMFARA,GUMMI,ILLELAR AWAL,SARAN GUMAWA I / BAKIN KASUWA,36/06/08/012,,,false,https://raw.githubusercontent.com/mykeels/inec-presidential-elections-2023/master/results/37-zamfara\3868-gummi\26245-illelar-awal\polling-units.json
ZAMFARA,GUMMI,ILLELAR AWAL,SARAN GUMAWA II / SABON LAYI,36/06/08/013,https://docs.inecelectionresults.net/elections_prod/1292/state/01/lga/06/ward/08/pu/013/013-1677382454.pdf,2023-02-26T03:35:01.549Z,false,https://raw.githubusercontent.com/mykeels/inec-presidential-elections-2023/master/results/37-zamfara\3868-gummi\26245-illelar-awal\polling-units.json
ZAMFARA,GUMMI,ILLELAR AWAL,SH. KANWURI / DISRICT OFFICE,36/06/08/001,,,false,https://raw.githubusercontent.com/mykeels/inec-presidential-elections-2023/master/results/37-zamfara\3868-gummi\26245-illelar-awal\polling-units.json
ZAMFARA,GUMMI,ILLELAR AWAL,TAKATSABA / ADULT  EDU. CLASS,36/06/08/016,,,true,https://raw.githubusercontent.com/mykeels/inec-presidential-elections-2023/master/results/37-zamfara\3868-gummi\26245-illelar-awal\polling-units.json
ZAMFARA,GUMMI,ILLELAR AWAL,TUSURU / BAKIN KASUWA,36/06/08/002,,,true,https://raw.githubusercontent.com/mykeels/inec-presidential-elections-2023/master/results/37-zamfara\3868-gummi\26245-illelar-awal\polling-units.json
ZAMFARA,GUMMI,ILLELAR AWAL,UNG. GAMJI / YAR CHEDIYA,36/06/08/009,,,true,https://raw.githubusercontent.com/mykeels/inec-presidential-elections-2023/master/results/37-zamfara\3868-gummi\26245-illelar-awal\polling-units.json
ZAMFARA,GUMMI,MAGAJIN GARI,ABUBAKAR MOH'D /  PRIMARY SCHOOL,36/06/09/007,,,false,https://raw.githubusercontent.com/mykeels/inec-presidential-elections-2023/master/results/37-zamfara\3868-gummi\26246-magajin-gari\polling-units.json
ZAMFARA,GUMMI,MAGAJIN GARI,ABUBAKAR MOHD II /PRI SCH,36/06/09/035,https://inec-cvr-cache.s3.eu-west-1.amazonaws.com/cached/results/674007/result_65843_1677601104_thumb.jpg,2023-02-28T16:19:03.578Z,false,https://raw.githubusercontent.com/mykeels/inec-presidential-elections-2023/master/results/37-zamfara\3868-gummi\26246-magajin-gari\polling-units.json
ZAMFARA,GUMMI,MAGAJIN GARI,AMANAWA  /  AMANAWA  CLINIC,36/06/09/005,https://docs.inecelectionresults.net/elections_prod/1292/state/1/lga/3868/ward/26246/pu/119432/119432-1677661135.pdf,2023-03-01T08:59:00.234Z,true,https://raw.githubusercontent.com/mykeels/inec-presidential-elections-2023/master/results/37-zamfara\3868-gummi\26246-magajin-gari\polling-units.json
ZAMFARA,GUMMI,MAGAJIN GARI,BARAYA  / MAJE,36/06/09/003,https://docs.inecelectionresults.net/elections_prod/1292/state/1/lga/3868/ward/26246/pu/119430/119430-1677671643.pdf,2023-03-01T11:55:00.124Z,false,https://raw.githubusercontent.com/mykeels/inec-presidential-elections-2023/master/results/37-zamfara\3868-gummi\26246-magajin-gari\polling-units.json
ZAMFARA,GUMMI,MAGAJIN GARI,BAREBARE  II / DANTANI,36/06/09/008,,,false,https://raw.githubusercontent.com/mykeels/inec-presidential-elections-2023/master/results/37-zamfara\3868-gummi\26246-magajin-gari\polling-units.json
ZAMFARA,GUMMI,MAGAJIN GARI,BAREBARI  /  ADULT EDU.,36/06/09/026,https://inec-cvr-cache.s3.eu-west-1.amazonaws.com/cached/results/118353/result_65834_1677595608_thumb.jpg,2023-02-28T14:47:06.571Z,false,https://raw.githubusercontent.com/mykeels/inec-presidential-elections-2023/master/results/37-zamfara\3868-gummi\26246-magajin-gari\polling-units.json
ZAMFARA,GUMMI,MAGAJIN GARI,BAREBARI  I / KOFAR GAGO,36/06/09/002,https://docs.inecelectionresults.net/elections_prod/1292/state/1/lga/3868/ward/26246/pu/119429/119429-1677671042.pdf,2023-03-01T11:45:01.208Z,true,https://raw.githubusercontent.com/mykeels/inec-presidential-elections-2023/master/results/37-zamfara\3868-gummi\26246-magajin-gari\polling-units.json
ZAMFARA,GUMMI,MAGAJIN GARI,BAREBARI IV / DANTANI,36/06/09/042,https://inec-cvr-cache.s3.eu-west-1.amazonaws.com/cached/results/674014/result_65850_1677596342_thumb.jpg,2023-02-28T14:59:15.297Z,false,https://raw.githubusercontent.com/mykeels/inec-presidential-elections-2023/master/results/37-zamfara\3868-gummi\26246-magajin-gari\polling-units.json
ZAMFARA,GUMMI,MAGAJIN GARI,BAREBARI V /ADULT EDU,36/06/09/043,https://inec-cvr-cache.s3.eu-west-1.amazonaws.com/cached/results/674015/result_65851_1677605144_thumb.jpg,2023-02-28T17:26:06.425Z,false,https://raw.githubusercontent.com/mykeels/inec-presidential-elections-2023/master/results/37-zamfara\3868-gummi\26246-magajin-gari\polling-units.json
ZAMFARA,GUMMI,MAGAJIN GARI,GIDAN AUDU / MARINA,36/06/09/017,https://docs.inecelectionresults.net/elections_prod/1292/state/1/lga/3868/ward/26246/pu/119444/119444-1677614799.pdf,2023-02-28T20:07:00.413Z,true,https://raw.githubusercontent.com/mykeels/inec-presidential-elections-2023/master/results/37-zamfara\3868-gummi\26246-magajin-gari\polling-units.json
ZAMFARA,GUMMI,MAGAJIN GARI,GIDAN AUDUN GABRO II /MAKINA,36/06/09/036,,,false,https://raw.githubusercontent.com/mykeels/inec-presidential-elections-2023/master/results/37-zamfara\3868-gummi\26246-magajin-gari\polling-units.json
ZAMFARA,GUMMI,MAGAJIN GARI,GIDAN AUDUN GABRO III /MAKINA,36/06/09/037,https://inec-cvr-cache.s3.eu-west-1.amazonaws.com/cached/results/674009/result_65845_1677596672_thumb.jpg,2023-02-28T15:05:10.445Z,false,https://raw.githubusercontent.com/mykeels/inec-presidential-elections-2023/master/results/37-zamfara\3868-gummi\26246-magajin-gari\polling-units.json
ZAMFARA,GUMMI,MAGAJIN GARI,GIDAN AUDUN GWABRO / MAKINA,36/06/09/027,https://inec-cvr-cache.s3.eu-west-1.amazonaws.com/cached/results/118354/result_65835_1677599684_thumb.jpg,2023-02-28T15:55:05.710Z,false,https://raw.githubusercontent.com/mykeels/inec-presidential-elections-2023/master/results/37-zamfara\3868-gummi\26246-magajin-gari\polling-units.json
ZAMFARA,GUMMI,MAGAJIN GARI,GIDAN ILLO    /  ADULT EDU.,36/06/09/021,https://docs.inecelectionresults.net/elections_prod/1292/state/1/lga/3868/ward/26246/pu/119448/119448-1677664883.pdf,2023-03-01T10:02:00.225Z,false,https://raw.githubusercontent.com/mykeels/inec-presidential-elections-2023/master/results/37-zamfara\3868-gummi\26246-magajin-gari\polling-units.json
ZAMFARA,GUMMI,MAGAJIN GARI,KOFAR LUGUI  II / YAR CHIDEYA,36/06/09/025,https://inec-cvr-cache.s3.eu-west-1.amazonaws.com/cached/results/118352/result_65833_1677594850_thumb.jpg,2023-02-28T14:34:13.036Z,false,https://raw.githubusercontent.com/mykeels/inec-presidential-elections-2023/master/results/37-zamfara\3868-gummi\26246-magajin-gari\polling-units.json
ZAMFARA,GUMMI,MAGAJIN GARI,KOFAR LUGUI I / YAR CHEDIYA,36/06/09/023,https://inec-cvr-cache.s3.eu-west-1.amazonaws.com/cached/results/118350/result_65831_1677598467_thumb.jpg,2023-02-28T15:35:08.549Z,false,https://raw.githubusercontent.com/mykeels/inec-presidential-elections-2023/master/results/37-zamfara\3868-gummi\26246-magajin-gari\polling-units.json
ZAMFARA,GUMMI,MAGAJIN GARI,KOFAR SHANU   / MAYANKA,36/06/09/014,https://docs.inecelectionresults.net/elections_prod/1292/state/1/lga/3868/ward/26246/pu/119441/119441-1677672447.pdf,2023-03-01T12:08:00.248Z,false,https://raw.githubusercontent.com/mykeels/inec-presidential-elections-2023/master/results/37-zamfara\3868-gummi\26246-magajin-gari\polling-units.json
ZAMFARA,GUMMI,MAGAJIN GARI,KOFAR SHANU II /MAYANKA AKE,36/06/09/032,https://inec-cvr-cache.s3.eu-west-1.amazonaws.com/cached/results/674004/result_65840_1677600897_thumb.jpg,2023-02-28T16:15:09.043Z,false,https://raw.githubusercontent.com/mykeels/inec-presidential-elections-2023/master/results/37-zamfara\3868-gummi\26246-magajin-gari\polling-units.json
ZAMFARA,GUMMI,MAGAJIN GARI,KUNDAN M. SANI / KUNDA,36/06/09/018,https://docs.inecelectionresults.net/elections_prod/1292/state/1/lga/3868/ward/26246/pu/119445/119445-1677669799.pdf,2023-03-01T11:24:00.279Z,false,https://raw.githubusercontent.com/mykeels/inec-presidential-elections-2023/master/results/37-zamfara\3868-gummi\26246-magajin-gari\polling-units.json
ZAMFARA,GUMMI,MAGAJIN GARI,S/GARI MAKARANTA  IV /  PRIMARY SCHOOL,36/06/09/028,https://inec-cvr-cache.s3.eu-west-1.amazonaws.com/cached/results/118355/result_65836_1677600097_thumb.jpg,2023-02-28T16:02:03.030Z,false,https://raw.githubusercontent.com/mykeels/inec-presidential-elections-2023/master/results/37-zamfara\3868-gummi\26246-magajin-gari\polling-units.json
ZAMFARA,GUMMI,MAGAJIN GARI,SABON GARI  I  / ADULT EDU. CLASS,36/06/09/004,https://docs.inecelectionresults.net/elections_prod/1292/state/1/lga/3868/ward/26246/pu/119431/119431-1677659898.pdf,2023-03-01T08:39:00.601Z,false,https://raw.githubusercontent.com/mykeels/inec-presidential-elections-2023/master/results/37-zamfara\3868-gummi\26246-magajin-gari\polling-units.json
ZAMFARA,GUMMI,MAGAJIN GARI,SABON GARI  II  / KOLOLO,36/06/09/016,https://docs.inecelectionresults.net/elections_prod/1292/state/1/lga/3868/ward/26246/pu/119443/119443-1677669065.pdf,2023-03-01T11:12:00.086Z,true,https://raw.githubusercontent.com/mykeels/inec-presidential-elections-2023/master/results/37-zamfara\3868-gummi\26246-magajin-gari\polling-units.json
ZAMFARA,GUMMI,MAGAJIN GARI,SABON GARI III / AGEGE,36/06/09/020,,,false,https://raw.githubusercontent.com/mykeels/inec-presidential-elections-2023/master/results/37-zamfara\3868-gummi\26246-magajin-gari\polling-units.json
ZAMFARA,GUMMI,MAGAJIN GARI,SABON GARI IV/ ADULT EDUC CLASS,36/06/09/038,https://inec-cvr-cache.s3.eu-west-1.amazonaws.com,2023-02-28T16:22:21.203Z,false,https://raw.githubusercontent.com/mykeels/inec-presidential-elections-2023/master/results/37-zamfara\3868-gummi\26246-magajin-gari\polling-units.json
ZAMFARA,GUMMI,MAGAJIN GARI,SABON GARI MAKARANTA V /PRI SCH,36/06/09/040,https://inec-cvr-cache.s3.eu-west-1.amazonaws.com/cached/results/674012/result_65848_1677604462_thumb.jpg,2023-02-28T17:15:07.730Z,false,https://raw.githubusercontent.com/mykeels/inec-presidential-elections-2023/master/results/37-zamfara\3868-gummi\26246-magajin-gari\polling-units.json
ZAMFARA,GUMMI,MAGAJIN GARI,SABON GARI VI / KOLOLO,36/06/09/039,https://inec-cvr-cache.s3.eu-west-1.amazonaws.com/cached/results/674011/result_65847_1677603919_thumb.jpg,2023-02-28T17:06:09.651Z,false,https://raw.githubusercontent.com/mykeels/inec-presidential-elections-2023/master/results/37-zamfara\3868-gummi\26246-magajin-gari\polling-units.json
ZAMFARA,GUMMI,MAGAJIN GARI,SABON GARI VII/ AGEGE/D/KARFE,36/06/09/041,https://inec-cvr-cache.s3.eu-west-1.amazonaws.com,2023-02-28T17:25:14.479Z,false,https://raw.githubusercontent.com/mykeels/inec-presidential-elections-2023/master/results/37-zamfara\3868-gummi\26246-magajin-gari\polling-units.json
ZAMFARA,GUMMI,MAGAJIN GARI,SH. BARAI / SOSA,36/06/09/022,https://docs.inecelectionresults.net/elections_prod/1292/state/1/lga/3868/ward/26246/pu/119449/119449-1677668517.pdf,2023-03-01T11:02:00.604Z,false,https://raw.githubusercontent.com/mykeels/inec-presidential-elections-2023/master/results/37-zamfara\3868-gummi\26246-magajin-gari\polling-units.json
ZAMFARA,GUMMI,MAGAJIN GARI,SH. BARAYA / DISPEN.,36/06/09/024,https://inec-cvr-cache.s3.eu-west-1.amazonaws.com/cached/results/118351/result_65832_1677599035_thumb.jpg,2023-02-28T15:44:08.279Z,false,https://raw.githubusercontent.com/mykeels/inec-presidential-elections-2023/master/results/37-zamfara\3868-gummi\26246-magajin-gari\polling-units.json
ZAMFARA,GUMMI,MAGAJIN GARI,SH. BARAYA II /DISP,36/06/09/034,https://inec-cvr-cache.s3.eu-west-1.amazonaws.com/cached/results/674006/result_65842_1677597919_thumb.jpg,2023-02-28T15:26:06.901Z,false,https://raw.githubusercontent.com/mykeels/inec-presidential-elections-2023/master/results/37-zamfara\3868-gummi\26246-magajin-gari\polling-units.json
ZAMFARA,GUMMI,MAGAJIN GARI,SH. FADAMA I / YARRUNFA,36/06/09/009,,,false,https://raw.githubusercontent.com/mykeels/inec-presidential-elections-2023/master/results/37-zamfara\3868-gummi\26246-magajin-gari\polling-units.json
ZAMFARA,GUMMI,MAGAJIN GARI,SH. FADAMA IV /YARRUNFA,36/06/09/033,https://inec-cvr-cache.s3.eu-west-1.amazonaws.com/cached/results/674005/result_65841_1677596051_thumb.jpg,2023-02-28T14:54:15.494Z,false,https://raw.githubusercontent.com/mykeels/inec-presidential-elections-2023/master/results/37-zamfara\3868-gummi\26246-magajin-gari\polling-units.json
ZAMFARA,GUMMI,MAGAJIN GARI,SH. FADAMA V / VET I,36/06/09/031,https://inec-cvr-cache.s3.eu-west-1.amazonaws.com/cached/results/674003/result_65839_1677600709_thumb.jpg,2023-02-28T16:12:15.432Z,false,https://raw.githubusercontent.com/mykeels/inec-presidential-elections-2023/master/results/37-zamfara\3868-gummi\26246-magajin-gari\polling-units.json
ZAMFARA,GUMMI,MAGAJIN GARI,SH. KABOBI / KABOBI,36/06/09/011,https://docs.inecelectionresults.net/elections_prod/1292/state/1/lga/3868/ward/26246/pu/119438/119438-1677662539.pdf,2023-03-01T09:23:00.198Z,false,https://raw.githubusercontent.com/mykeels/inec-presidential-elections-2023/master/results/37-zamfara\3868-gummi\26246-magajin-gari\polling-units.json
ZAMFARA,GUMMI,MAGAJIN GARI,SH. KABOBI II /KABOBI,36/06/09/029,,,false,https://raw.githubusercontent.com/mykeels/inec-presidential-elections-2023/master/results/37-zamfara\3868-gummi\26246-magajin-gari\polling-units.json
ZAMFARA,GUMMI,MAGAJIN GARI,SH. KABOBI III/KABOBI LGA,36/06/09/030,,,false,https://raw.githubusercontent.com/mykeels/inec-presidential-elections-2023/master/results/37-zamfara\3868-gummi\26246-magajin-gari\polling-units.json
ZAMFARA,GUMMI,MAGAJIN GARI,SH. MAGAJI / DISTRICT OFFICE,36/06/09/001,https://docs.inecelectionresults.net/elections_prod/1292/state/1/lga/3868/ward/26246/pu/119428/119428-1677670518.pdf,2023-03-01T11:36:00.308Z,false,https://raw.githubusercontent.com/mykeels/inec-presidential-elections-2023/master/results/37-zamfara\3868-gummi\26246-magajin-gari\polling-units.json
ZAMFARA,GUMMI,MAGAJIN GARI,SH. MAI GURMI / MAI GURUMI,36/06/09/006,https://docs.inecelectionresults.net/elections_prod/1292/state/1/lga/3868/ward/26246/pu/119433/119433-1677661849.pdf,2023-03-01T09:11:00.594Z,false,https://raw.githubusercontent.com/mykeels/inec-presidential-elections-2023/master/results/37-zamfara\3868-gummi\26246-magajin-gari\polling-units.json
ZAMFARA,GUMMI,MAGAJIN GARI,SH. TULLE  / TULLE,36/06/09/015,https://docs.inecelectionresults.net/elections_prod/1292/state/1/lga/3868/ward/26246/pu/119442/119442-1677673122.pdf,2023-03-01T12:19:00.657Z,false,https://raw.githubusercontent.com/mykeels/inec-presidential-elections-2023/master/results/37-zamfara\3868-gummi\26246-magajin-gari\polling-units.json
ZAMFARA,GUMMI,MAGAJIN GARI,SH. TULLE II /TULLE,36/06/09/044,https://inec-cvr-cache.s3.eu-west-1.amazonaws.com/cached/results/674016/result_65852_1677605373_thumb.jpg,2023-02-28T17:30:08.107Z,false,https://raw.githubusercontent.com/mykeels/inec-presidential-elections-2023/master/results/37-zamfara\3868-gummi\26246-magajin-gari\polling-units.json
ZAMFARA,GUMMI,MAGAJIN GARI,SH.FADAMA II / VET I,36/06/09/012,https://docs.inecelectionresults.net/elections_prod/1292/state/1/lga/3868/ward/26246/pu/119439/119439-1677663169.pdf,2023-03-01T09:33:00.370Z,false,https://raw.githubusercontent.com/mykeels/inec-presidential-elections-2023/master/results/37-zamfara\3868-gummi\26246-magajin-gari\polling-units.json
ZAMFARA,GUMMI,MAGAJIN GARI,SH.FADAMA III / VET II,36/06/09/013,https://docs.inecelectionresults.net/elections_prod/1292/state/1/lga/3868/ward/26246/pu/119440/119440-1677672101.pdf,2023-03-01T12:02:00.452Z,false,https://raw.githubusercontent.com/mykeels/inec-presidential-elections-2023/master/results/37-zamfara\3868-gummi\26246-magajin-gari\polling-units.json
ZAMFARA,GUMMI,MAGAJIN GARI,TUDUN BAUSHI  / BAUSHI,36/06/09/019,https://docs.inecelectionresults.net/elections_prod/1292/state/1/lga/3868/ward/26246/pu/119446/119446-1677663707.pdf,2023-03-01T09:42:00.525Z,false,https://raw.githubusercontent.com/mykeels/inec-presidential-elections-2023/master/results/37-zamfara\3868-gummi\26246-magajin-gari\polling-units.json
ZAMFARA,GUMMI,MAGAJIN GARI,YAR DUTSI / BAKIN KASUWA,36/06/09/010,https://docs.inecelectionresults.net/elections_prod/1292/state/1/lga/3868/ward/26246/pu/119437/119437-1677620985.pdf,2023-02-28T21:50:00.333Z,false,https://raw.githubusercontent.com/mykeels/inec-presidential-elections-2023/master/results/37-zamfara\3868-gummi\26246-magajin-gari\polling-units.json
ZAMFARA,GUMMI,SHIYAR RAFI,ALIYU ISA  /  MODEL PRIMARY SCHOOL,36/06/10/009,https://docs.inecelectionresults.net/elections_prod/1292/state/01/lga/06/ward/10/pu/009/009-1677368050.pdf,2023-02-25T23:38:59.538Z,false,https://raw.githubusercontent.com/mykeels/inec-presidential-elections-2023/master/results/37-zamfara\3868-gummi\26247-shiyar-rafi\polling-units.json
ZAMFARA,GUMMI,SHIYAR RAFI,G/MALAN MAIKOKO / BAKIN TAFKI,36/06/10/015,https://docs.inecelectionresults.net/elections_prod/1292/state/01/lga/06/ward/10/pu/015/015-1677366837.pdf,2023-02-25T23:21:59.472Z,false,https://raw.githubusercontent.com/mykeels/inec-presidential-elections-2023/master/results/37-zamfara\3868-gummi\26247-shiyar-rafi\polling-units.json
ZAMFARA,GUMMI,SHIYAR RAFI,GIDAN NA'IDE / BABAR GARKA,36/06/10/013,https://docs.inecelectionresults.net/elections_prod/1292/state/01/lga/06/ward/10/pu/013/013-1677361001.pdf,2023-02-26T07:18:59.607Z,false,https://raw.githubusercontent.com/mykeels/inec-presidential-elections-2023/master/results/37-zamfara\3868-gummi\26247-shiyar-rafi\polling-units.json
ZAMFARA,GUMMI,SHIYAR RAFI,GOBIRAWA / BAKIN TAFKI,36/06/10/011,https://docs.inecelectionresults.net/elections_prod/1292/state/01/lga/06/ward/10/pu/011/011-1677376883.pdf,2023-02-26T07:13:59.583Z,false,https://raw.githubusercontent.com/mykeels/inec-presidential-elections-2023/master/results/37-zamfara\3868-gummi\26247-shiyar-rafi\polling-units.json
ZAMFARA,GUMMI,SHIYAR RAFI,LEMA BABA MAKARANTA  /  PRI. SCH.,36/06/10/014,https://docs.inecelectionresults.net/elections_prod/1292/state/01/lga/06/ward/10/pu/014/014-1677369498.pdf,2023-02-26T00:02:59.527Z,false,https://raw.githubusercontent.com/mykeels/inec-presidential-elections-2023/master/results/37-zamfara\3868-gummi\26247-shiyar-rafi\polling-units.json
ZAMFARA,GUMMI,SHIYAR RAFI,LEMA JIBO / ADULT EDUC.,36/06/10/006,https://docs.inecelectionresults.net/elections_prod/1292/state/01/lga/06/ward/10/pu/006/006-1677369822.pdf,2023-02-26T00:46:59.444Z,false,https://raw.githubusercontent.com/mykeels/inec-presidential-elections-2023/master/results/37-zamfara\3868-gummi\26247-shiyar-rafi\polling-units.json
ZAMFARA,GUMMI,SHIYAR RAFI,LEMAR KAJI / BABANLAYI,36/06/10/007,https://docs.inecelectionresults.net/elections_prod/1292/state/01/lga/06/ward/10/pu/007/007-1677359514.pdf,2023-02-25T21:46:59.472Z,false,https://raw.githubusercontent.com/mykeels/inec-presidential-elections-2023/master/results/37-zamfara\3868-gummi\26247-shiyar-rafi\polling-units.json
ZAMFARA,GUMMI,SHIYAR RAFI,LEMAWA / SABON LAYI,36/06/10/010,https://docs.inecelectionresults.net/elections_prod/1292/state/01/lga/06/ward/10/pu/010/010-1677392012.pdf,2023-02-26T06:56:33.402Z,false,https://raw.githubusercontent.com/mykeels/inec-presidential-elections-2023/master/results/37-zamfara\3868-gummi\26247-shiyar-rafi\polling-units.json
ZAMFARA,GUMMI,SHIYAR RAFI,LEMAWA II/SABON LAYI,36/06/10/016,https://docs.inecelectionresults.net/elections_prod/1292/state/01/lga/06/ward/10/pu/016/016-1677372830.pdf,2023-02-26T01:16:59.568Z,false,https://raw.githubusercontent.com/mykeels/inec-presidential-elections-2023/master/results/37-zamfara\3868-gummi\26247-shiyar-rafi\polling-units.json
ZAMFARA,GUMMI,SHIYAR RAFI,MAKERA FARI  /  MAKERA,36/06/10/001,https://docs.inecelectionresults.net/elections_prod/1292/state/01/lga/06/ward/10/pu/001/001-1677371306.pdf,2023-02-26T00:29:59.599Z,false,https://raw.githubusercontent.com/mykeels/inec-presidential-elections-2023/master/results/37-zamfara\3868-gummi\26247-shiyar-rafi\polling-units.json
ZAMFARA,GUMMI,SHIYAR RAFI,MAKERA FARI II /MAKERA,36/06/10/017,https://docs.inecelectionresults.net/elections_prod/1292/state/01/lga/06/ward/10/pu/017/017-1677359314.pdf,2023-02-25T21:14:07.161Z,false,https://raw.githubusercontent.com/mykeels/inec-presidential-elections-2023/master/results/37-zamfara\3868-gummi\26247-shiyar-rafi\polling-units.json
ZAMFARA,GUMMI,SHIYAR RAFI,MASHA YAR MAJE / DISPEN.,36/06/10/002,https://inec-cvr-cache.s3.eu-west-1.amazonaws.com/cached/results/118357/result_65854_1677523059_thumb.jpg,2023-03-01T05:29:29.617Z,true,https://raw.githubusercontent.com/mykeels/inec-presidential-elections-2023/master/results/37-zamfara\3868-gummi\26247-shiyar-rafi\polling-units.json
ZAMFARA,GUMMI,SHIYAR RAFI,SH. MARNA / BABAR MARNA,36/06/10/003,https://docs.inecelectionresults.net/elections_prod/1292/state/01/lga/06/ward/10/pu/003/003-1677360189.pdf,2023-02-25T21:24:01.231Z,false,https://raw.githubusercontent.com/mykeels/inec-presidential-elections-2023/master/results/37-zamfara\3868-gummi\26247-shiyar-rafi\polling-units.json
ZAMFARA,GUMMI,SHIYAR RAFI,YAR KUDA S/RAFI   /  YAR KUDA,36/06/10/005,https://docs.inecelectionresults.net/elections_prod/1292/state/01/lga/06/ward/10/pu/005/005-1677391234.pdf,2023-02-26T06:56:04.465Z,false,https://raw.githubusercontent.com/mykeels/inec-presidential-elections-2023/master/results/37-zamfara\3868-gummi\26247-shiyar-rafi\polling-units.json
ZAMFARA,GUMMI,SHIYAR RAFI,YAR KUSANA  / YAR KWANA,36/06/10/004,https://inec-cvr-cache.s3.eu-west-1.amazonaws.com/cached/results/118359/result_65856_1677523481_thumb.jpg,2023-03-01T05:29:34.371Z,true,https://raw.githubusercontent.com/mykeels/inec-presidential-elections-2023/master/results/37-zamfara\3868-gummi\26247-shiyar-rafi\polling-units.json
ZAMFARA,GUMMI,SHIYAR RAFI,YAR KWANA  /  YAR KWANA,36/06/10/008,https://docs.inecelectionresults.net/elections_prod/1292/state/01/lga/06/ward/10/pu/008/008-1677370391.pdf,2023-02-26T00:16:59.669Z,false,https://raw.githubusercontent.com/mykeels/inec-presidential-elections-2023/master/results/37-zamfara\3868-gummi\26247-shiyar-rafi\polling-units.json
ZAMFARA,GUMMI,SHIYAR RAFI,ZABARMAWA / KANTUDU KASUWA,36/06/10/012,https://docs.inecelectionresults.net/elections_prod/1292/state/01/lga/06/ward/10/pu/012/012-1677394163.pdf,2023-02-26T06:59:15.088Z,false,https://raw.githubusercontent.com/mykeels/inec-presidential-elections-2023/master/results/37-zamfara\3868-gummi\26247-shiyar-rafi\polling-units.json
ZAMFARA,GUMMI,UBANDAWAKI,BAKIN KASUWA  /  BAKIN KASUWA,36/06/11/007,https://docs.inecelectionresults.net/elections_prod/1292/state/01/lga/06/ward/11/pu/007/007-1677375594.pdf,2023-02-26T01:41:59.734Z,false,https://raw.githubusercontent.com/mykeels/inec-presidential-elections-2023/master/results/37-zamfara\3868-gummi\26248-ubandawaki\polling-units.json
ZAMFARA,GUMMI,UBANDAWAKI,BAKIN KASUWA / KWALBATI,36/06/11/013,https://docs.inecelectionresults.net/elections_prod/1292/state/1/lga/3868/ward/26248/pu/119483/119483-1677680891.pdf,2023-03-01T14:29:00.305Z,false,https://raw.githubusercontent.com/mykeels/inec-presidential-elections-2023/master/results/37-zamfara\3868-gummi\26248-ubandawaki\polling-units.json
ZAMFARA,GUMMI,UBANDAWAKI,BAKIN KASUWA/BAKIN KASUWA LABA,36/06/11/019,https://docs.inecelectionresults.net/elections_prod/1292/state/01/lga/06/ward/11/pu/019/019-1677366856.pdf,2023-02-25T23:15:01.269Z,false,https://raw.githubusercontent.com/mykeels/inec-presidential-elections-2023/master/results/37-zamfara\3868-gummi\26248-ubandawaki\polling-units.json
ZAMFARA,GUMMI,UBANDAWAKI,DADA I / MAKARANTA,36/06/11/002,https://docs.inecelectionresults.net/elections_prod/1292/state/1/lga/3868/ward/26248/pu/119472/119472-1677682125.pdf,2023-03-01T14:49:00.702Z,false,https://raw.githubusercontent.com/mykeels/inec-presidential-elections-2023/master/results/37-zamfara\3868-gummi\26248-ubandawaki\polling-units.json
ZAMFARA,GUMMI,UBANDAWAKI,DADA I V/ MAIBUHU PRI SCH,36/06/11/020,https://docs.inecelectionresults.net/elections_prod/1292/state/1/lga/3868/ward/26248/pu/177971/177971-1677706371.pdf,2023-03-01T21:33:00.273Z,false,https://raw.githubusercontent.com/mykeels/inec-presidential-elections-2023/master/results/37-zamfara\3868-gummi\26248-ubandawaki\polling-units.json
ZAMFARA,GUMMI,UBANDAWAKI,DADA II  /  MAKARANTA,36/06/11/017,https://docs.inecelectionresults.net/elections_prod/1292/state/1/lga/3868/ward/26248/pu/119487/119487-1677705780.pdf,2023-03-01T21:24:00.255Z,false,https://raw.githubusercontent.com/mykeels/inec-presidential-elections-2023/master/results/37-zamfara\3868-gummi\26248-ubandawaki\polling-units.json
ZAMFARA,GUMMI,UBANDAWAKI,DADA III / CLINIC,36/06/11/018,https://docs.inecelectionresults.net/elections_prod/1292/state/1/lga/3868/ward/26248/pu/119488/119488-1677706085.pdf,2023-03-01T21:30:01.280Z,true,https://raw.githubusercontent.com/mykeels/inec-presidential-elections-2023/master/results/37-zamfara\3868-gummi\26248-ubandawaki\polling-units.json
ZAMFARA,GUMMI,UBANDAWAKI,DADA V / MAIBUHU PRI SCH,36/06/11/021,https://docs.inecelectionresults.net/elections_prod/1292/state/1/lga/3868/ward/26248/pu/177972/177972-1677706691.pdf,2023-03-01T21:39:00.119Z,false,https://raw.githubusercontent.com/mykeels/inec-presidential-elections-2023/master/results/37-zamfara\3868-gummi\26248-ubandawaki\polling-units.json
ZAMFARA,GUMMI,UBANDAWAKI,DADA VI/ MAIBUHU PRI SCH,36/06/11/022,https://docs.inecelectionresults.net/elections_prod/1292/state/1/lga/3868/ward/26248/pu/177973/177973-1677706966.pdf,2023-03-01T21:43:01.258Z,true,https://raw.githubusercontent.com/mykeels/inec-presidential-elections-2023/master/results/37-zamfara\3868-gummi\26248-ubandawaki\polling-units.json
ZAMFARA,GUMMI,UBANDAWAKI,DANDI / RIJIYA,36/06/11/005,https://docs.inecelectionresults.net/elections_prod/1292/state/1/lga/3868/ward/26248/pu/119475/119475-1677683211.pdf,2023-03-01T15:07:00.756Z,false,https://raw.githubusercontent.com/mykeels/inec-presidential-elections-2023/master/results/37-zamfara\3868-gummi\26248-ubandawaki\polling-units.json
ZAMFARA,GUMMI,UBANDAWAKI,DANFAKO I / DISPENSARY,36/06/11/003,https://docs.inecelectionresults.net/elections_prod/1292/state/1/lga/3868/ward/26248/pu/119473/119473-1677682657.pdf,2023-03-01T14:58:01.016Z,false,https://raw.githubusercontent.com/mykeels/inec-presidential-elections-2023/master/results/37-zamfara\3868-gummi\26248-ubandawaki\polling-units.json
ZAMFARA,GUMMI,UBANDAWAKI,DANFAKO II   / GARKAR MAI DAWA,36/06/11/006,https://docs.inecelectionresults.net/elections_prod/1292/state/1/lga/3868/ward/26248/pu/119476/119476-1677683511.pdf,2023-03-01T15:12:00.825Z,false,https://raw.githubusercontent.com/mykeels/inec-presidential-elections-2023/master/results/37-zamfara\3868-gummi\26248-ubandawaki\polling-units.json
ZAMFARA,GUMMI,UBANDAWAKI,GIDAN KADE / DAN KADE,36/06/11/008,https://docs.inecelectionresults.net/elections_prod/1292/state/1/lga/3868/ward/26248/pu/119478/119478-1677683897.pdf,2023-03-01T15:19:00.243Z,false,https://raw.githubusercontent.com/mykeels/inec-presidential-elections-2023/master/results/37-zamfara\3868-gummi\26248-ubandawaki\polling-units.json
ZAMFARA,GUMMI,UBANDAWAKI,GIDAN LIMAN / MAKARANTA,36/06/11/012,https://docs.inecelectionresults.net/elections_prod/1292/state/1/lga/3868/ward/26248/pu/119482/119482-1677704030.pdf,2023-03-01T20:54:00.357Z,false,https://raw.githubusercontent.com/mykeels/inec-presidential-elections-2023/master/results/37-zamfara\3868-gummi\26248-ubandawaki\polling-units.json
ZAMFARA,GUMMI,UBANDAWAKI,KANTUDU   /   ADULT EDU. OFFICE,36/06/11/016,https://docs.inecelectionresults.net/elections_prod/1292/state/01/lga/06/ward/11/pu/016/016-1677377255.pdf,2023-02-26T02:08:00.941Z,false,https://raw.githubusercontent.com/mykeels/inec-presidential-elections-2023/master/results/37-zamfara\3868-gummi\26248-ubandawaki\polling-units.json
ZAMFARA,GUMMI,UBANDAWAKI,KWAMMATSO I / DISPEN. OFFICE,36/06/11/010,https://docs.inecelectionresults.net/elections_prod/1292/state/01/lga/06/ward/11/pu/010/010-1677373727.pdf,2023-02-26T01:10:00.646Z,false,https://raw.githubusercontent.com/mykeels/inec-presidential-elections-2023/master/results/37-zamfara\3868-gummi\26248-ubandawaki\polling-units.json
ZAMFARA,GUMMI,UBANDAWAKI,KWAMMATSO II / DISPEN. OFFICE,36/06/11/011,https://docs.inecelectionresults.net/elections_prod/1292/state/01/lga/06/ward/11/pu/011/011-1677377565.pdf,2023-02-26T02:13:00.403Z,false,https://raw.githubusercontent.com/mykeels/inec-presidential-elections-2023/master/results/37-zamfara\3868-gummi\26248-ubandawaki\polling-units.json
ZAMFARA,GUMMI,UBANDAWAKI,MADATSA  / MADATSA,36/06/11/014,https://docs.inecelectionresults.net/elections_prod/1292/state/01/lga/06/ward/11/pu/014/014-1677377847.pdf,2023-02-26T02:18:00.758Z,false,https://raw.githubusercontent.com/mykeels/inec-presidential-elections-2023/master/results/37-zamfara\3868-gummi\26248-ubandawaki\polling-units.json
ZAMFARA,GUMMI,UBANDAWAKI,SHIYAR KANTUDU  / KANTUDU,36/06/11/015,https://docs.inecelectionresults.net/elections_prod/1292/state/1/lga/3868/ward/26248/pu/119485/119485-1677705318.pdf,2023-03-01T21:16:00.163Z,false,https://raw.githubusercontent.com/mykeels/inec-presidential-elections-2023/master/results/37-zamfara\3868-gummi\26248-ubandawaki\polling-units.json
ZAMFARA,GUMMI,UBANDAWAKI,SHIYAR MASUNTA  / MASUNTA,36/06/11/009,https://docs.inecelectionresults.net/elections_prod/1292/state/01/lga/06/ward/11/pu/009/009-1677376654.pdf,2023-02-26T01:58:01.513Z,false,https://raw.githubusercontent.com/mykeels/inec-presidential-elections-2023/master/results/37-zamfara\3868-gummi\26248-ubandawaki\polling-units.json
ZAMFARA,GUMMI,UBANDAWAKI,YAR GIJIYA  / YAR GIJIYA,36/06/11/004,https://docs.inecelectionresults.net/elections_prod/1292/state/01/lga/06/ward/11/pu/004/004-1677379958.pdf,2023-02-26T02:53:04.853Z,false,https://raw.githubusercontent.com/mykeels/inec-presidential-elections-2023/master/results/37-zamfara\3868-gummi\26248-ubandawaki\polling-units.json
ZAMFARA,GUMMI,UBANDAWAKI,YAR LADA / KWALBATI,36/06/11/001,https://docs.inecelectionresults.net/elections_prod/1292/state/1/lga/3868/ward/26248/pu/119471/119471-1677681726.pdf,2023-03-01T14:43:00.135Z,true,https://raw.githubusercontent.com/mykeels/inec-presidential-elections-2023/master/results/37-zamfara\3868-gummi\26248-ubandawaki\polling-units.json
ZAMFARA,GUSAU,GALADIMA,ABDULAZEEZ ABUBAKAR PRI. SCH.,36/07/01/053,,,false,https://raw.githubusercontent.com/mykeels/inec-presidential-elections-2023/master/results/37-zamfara\3869-gusau\26249-galadima\polling-units.json
ZAMFARA,GUSAU,GALADIMA,ABU AYUBAL ANSAR/ JANYAU TAGABAS,36/07/01/048,,,false,https://raw.githubusercontent.com/mykeels/inec-presidential-elections-2023/master/results/37-zamfara\3869-gusau\26249-galadima\polling-units.json
ZAMFARA,GUSAU,GALADIMA,AHMAD SANI PILOT PRI. SCH.,36/07/01/056,,,false,https://raw.githubusercontent.com/mykeels/inec-presidential-elections-2023/master/results/37-zamfara\3869-gusau\26249-galadima\polling-units.json
ZAMFARA,GUSAU,GALADIMA,AMUSEMENT PARK/IGALA QTRS,36/07/01/049,https://docs.inecelectionresults.net/elections_prod/1292/state/01/lga/07/ward/01/pu/049/049-1677400049.pdf,2023-02-26T08:28:03.073Z,false,https://raw.githubusercontent.com/mykeels/inec-presidential-elections-2023/master/results/37-zamfara\3869-gusau\26249-galadima\polling-units.json
ZAMFARA,GUSAU,GALADIMA,AUDU KAFINTA  I   /  GARKAR AUDU KAFINTA,36/07/01/018,,,false,https://raw.githubusercontent.com/mykeels/inec-presidential-elections-2023/master/results/37-zamfara\3869-gusau\26249-galadima\polling-units.json
ZAMFARA,GUSAU,GALADIMA,B. AMMANI   /   GARKAR BELLO AMMANI,36/07/01/036,https://docs.inecelectionresults.net/elections_prod/1292/state/01/lga/07/ward/01/pu/036/036-1677367831.pdf,2023-02-25T23:31:02.518Z,false,https://raw.githubusercontent.com/mykeels/inec-presidential-elections-2023/master/results/37-zamfara\3869-gusau\26249-galadima\polling-units.json
ZAMFARA,GUSAU,GALADIMA,BABBAN DODO  /   BABBAN KADE DODO,36/07/01/019,,,false,https://raw.githubusercontent.com/mykeels/inec-presidential-elections-2023/master/results/37-zamfara\3869-gusau\26249-galadima\polling-units.json
ZAMFARA,GUSAU,GALADIMA,BAKIN TABKI - BAKIN MASALLACI,36/07/01/032,,,false,https://raw.githubusercontent.com/mykeels/inec-presidential-elections-2023/master/results/37-zamfara\3869-gusau\26249-galadima\polling-units.json
ZAMFARA,GUSAU,GALADIMA,BAKIN TABKI II/ DANTURAI  DAY SECONDARY SCHOOL,36/07/01/054,,,false,https://raw.githubusercontent.com/mykeels/inec-presidential-elections-2023/master/results/37-zamfara\3869-gusau\26249-galadima\polling-units.json
ZAMFARA,GUSAU,GALADIMA,BAKIN TASHA   /  BAKIN TASHAR MOTA,36/07/01/037,,,false,https://raw.githubusercontent.com/mykeels/inec-presidential-elections-2023/master/results/37-zamfara\3869-gusau\26249-galadima\polling-units.json
ZAMFARA,GUSAU,GALADIMA,CHULAWA   /  OFISHIN GALADIMA,36/07/01/006,https://docs.inecelectionresults.net/elections_prod/1292/state/01/lga/07/ward/01/pu/006/006-1677427713.pdf,2023-02-26T16:09:01.922Z,false,https://raw.githubusercontent.com/mykeels/inec-presidential-elections-2023/master/results/37-zamfara\3869-gusau\26249-galadima\polling-units.json
ZAMFARA,GUSAU,GALADIMA,D/TURAI PRI. SCH.   / MAKARANTA D/ TURAI S/FEGI,36/07/01/033,,,false,https://raw.githubusercontent.com/mykeels/inec-presidential-elections-2023/master/results/37-zamfara\3869-gusau\26249-galadima\polling-units.json
ZAMFARA,GUSAU,GALADIMA,D/TURAI PRI. SCH. II,36/07/01/055,,,false,https://raw.githubusercontent.com/mykeels/inec-presidential-elections-2023/master/results/37-zamfara\3869-gusau\26249-galadima\polling-units.json
ZAMFARA,GUSAU,GALADIMA,FARAKUWA  /  ADULT EDU. OFFICE FARA KUWA,36/07/01/016,https://docs.inecelectionresults.net/elections_prod/1292/state/01/lga/07/ward/01/pu/016/016-1677427321.pdf,2023-02-26T16:02:59.848Z,false,https://raw.githubusercontent.com/mykeels/inec-presidential-elections-2023/master/results/37-zamfara\3869-gusau\26249-galadima\polling-units.json
ZAMFARA,GUSAU,GALADIMA,GARBAN YANDI I  /  GARKAR GARBAN YANDI,36/07/01/008,,,false,https://raw.githubusercontent.com/mykeels/inec-presidential-elections-2023/master/results/37-zamfara\3869-gusau\26249-galadima\polling-units.json
ZAMFARA,GUSAU,GALADIMA,GARKAR JIRGI / GARKAR JIRGI,36/07/01/027,,,false,https://raw.githubusercontent.com/mykeels/inec-presidential-elections-2023/master/results/37-zamfara\3869-gusau\26249-galadima\polling-units.json
ZAMFARA,GUSAU,GALADIMA,GIDAN ATIKU  /  GARKAR ATIKU,36/07/01/038,,,false,https://raw.githubusercontent.com/mykeels/inec-presidential-elections-2023/master/results/37-zamfara\3869-gusau\26249-galadima\polling-units.json
ZAMFARA,GUSAU,GALADIMA,GIDAN DAN IYA / GARKAR DAN IYA,36/07/01/011,,,false,https://raw.githubusercontent.com/mykeels/inec-presidential-elections-2023/master/results/37-zamfara\3869-gusau\26249-galadima\polling-units.json
ZAMFARA,GUSAU,GALADIMA,GIDAN GOGE  /  GARKAR GOGE,36/07/01/022,,,false,https://raw.githubusercontent.com/mykeels/inec-presidential-elections-2023/master/results/37-zamfara\3869-gusau\26249-galadima\polling-units.json
ZAMFARA,GUSAU,GALADIMA,GIDAN MAGAJIYA  /  GARKAR   MAGAJIYA,36/07/01/031,,,false,https://raw.githubusercontent.com/mykeels/inec-presidential-elections-2023/master/results/37-zamfara\3869-gusau\26249-galadima\polling-units.json
ZAMFARA,GUSAU,GALADIMA,HASSAN MAI SODA  II   /  GARKAR HASSAN MAI SODA,36/07/01/045,,,false,https://raw.githubusercontent.com/mykeels/inec-presidential-elections-2023/master/results/37-zamfara\3869-gusau\26249-galadima\polling-units.json
ZAMFARA,GUSAU,GALADIMA,HASSAN MAI SODA I  / GARKAR HASSAN MAI-SODA,36/07/01/007,https://docs.inecelectionresults.net/elections_prod/1292/state/01/lga/07/ward/01/pu/007/007-1677428246.pdf,2023-02-26T16:18:00.639Z,false,https://raw.githubusercontent.com/mykeels/inec-presidential-elections-2023/master/results/37-zamfara\3869-gusau\26249-galadima\polling-units.json
ZAMFARA,GUSAU,GALADIMA,HASSAN MAI SODA III/G/HASSAN MAI SODA,36/07/01/061,,,false,https://raw.githubusercontent.com/mykeels/inec-presidential-elections-2023/master/results/37-zamfara\3869-gusau\26249-galadima\polling-units.json
ZAMFARA,GUSAU,GALADIMA,HAUWA JULA  /  BAKIN GIDAN H. JULA,36/07/01/020,,,false,https://raw.githubusercontent.com/mykeels/inec-presidential-elections-2023/master/results/37-zamfara\3869-gusau\26249-galadima\polling-units.json
ZAMFARA,GUSAU,GALADIMA,J. N. I.  II  /  J.N.I. PRIMARY SCHOOL,36/07/01/043,,,false,https://raw.githubusercontent.com/mykeels/inec-presidential-elections-2023/master/results/37-zamfara\3869-gusau\26249-galadima\polling-units.json
ZAMFARA,GUSAU,GALADIMA,J.N.I. I  PRI. SCH. / PRI. SCH.,36/07/01/012,,,false,https://raw.githubusercontent.com/mykeels/inec-presidential-elections-2023/master/results/37-zamfara\3869-gusau\26249-galadima\polling-units.json
ZAMFARA,GUSAU,GALADIMA,J.N.I. III/ J.N.I PRIMARY SCHOOL,36/07/01/060,,,false,https://raw.githubusercontent.com/mykeels/inec-presidential-elections-2023/master/results/37-zamfara\3869-gusau\26249-galadima\polling-units.json
ZAMFARA,GUSAU,GALADIMA,JANARE  /  JANARE  PRI. SCH.,36/07/01/026,https://docs.inecelectionresults.net/elections_prod/1292/state/01/lga/07/ward/01/pu/026/026-1677363600.pdf,2023-02-25T22:21:00.707Z,false,https://raw.githubusercontent.com/mykeels/inec-presidential-elections-2023/master/results/37-zamfara\3869-gusau\26249-galadima\polling-units.json
ZAMFARA,GUSAU,GALADIMA,JANWURO  /   GARKAR JANWURO,36/07/01/035,https://docs.inecelectionresults.net/elections_prod/1292/state/01/lga/07/ward/01/pu/035/035-1677426850.pdf,2023-02-26T15:55:01.182Z,false,https://raw.githubusercontent.com/mykeels/inec-presidential-elections-2023/master/results/37-zamfara\3869-gusau\26249-galadima\polling-units.json
ZAMFARA,GUSAU,GALADIMA,JANYAU    /  PRIMARY SCHOOL JANYAU,36/07/01/017,,,false,https://raw.githubusercontent.com/mykeels/inec-presidential-elections-2023/master/results/37-zamfara\3869-gusau\26249-galadima\polling-units.json
ZAMFARA,GUSAU,GALADIMA,K. DAWA II  /   GARKAR SANI KAKA DAWA,36/07/01/044,,,false,https://raw.githubusercontent.com/mykeels/inec-presidential-elections-2023/master/results/37-zamfara\3869-gusau\26249-galadima\polling-units.json
ZAMFARA,GUSAU,GALADIMA,KAKA DAWA I   /  GARKAR MAKADA,36/07/01/013,https://docs.inecelectionresults.net/elections_prod/1292/state/01/lga/07/ward/01/pu/013/013-1677366355.pdf,2023-02-25T23:06:02.652Z,false,https://raw.githubusercontent.com/mykeels/inec-presidential-elections-2023/master/results/37-zamfara\3869-gusau\26249-galadima\polling-units.json
ZAMFARA,GUSAU,GALADIMA,MAKARANTA GIDAN ROBA / G. ROBA PRIMARY SCH.,36/07/01/005,,,false,https://raw.githubusercontent.com/mykeels/inec-presidential-elections-2023/master/results/37-zamfara\3869-gusau\26249-galadima\polling-units.json
ZAMFARA,GUSAU,GALADIMA,MAL. ALIYU   /  GARKAR MAL. ALIYU,36/07/01/025,,,false,https://raw.githubusercontent.com/mykeels/inec-presidential-elections-2023/master/results/37-zamfara\3869-gusau\26249-galadima\polling-units.json
ZAMFARA,GUSAU,GALADIMA,MAL. KARFE  II  /  GARKAR MALLAM KARFE,36/07/01/041,,,false,https://raw.githubusercontent.com/mykeels/inec-presidential-elections-2023/master/results/37-zamfara\3869-gusau\26249-galadima\polling-units.json
ZAMFARA,GUSAU,GALADIMA,MALAM KARFE III/ GIDAN ROBA MODEL PRI SCH.,36/07/01/059,,,false,https://raw.githubusercontent.com/mykeels/inec-presidential-elections-2023/master/results/37-zamfara\3869-gusau\26249-galadima\polling-units.json
ZAMFARA,GUSAU,GALADIMA,MALLAM ADAMU   /  GARKAR MALLAM ADAMU,36/07/01/029,https://docs.inecelectionresults.net/elections_prod/1292/state/01/lga/07/ward/01/pu/029/029-1677427880.pdf,2023-02-26T16:12:01.440Z,false,https://raw.githubusercontent.com/mykeels/inec-presidential-elections-2023/master/results/37-zamfara\3869-gusau\26249-galadima\polling-units.json
ZAMFARA,GUSAU,GALADIMA,MALLAM KARFE I / GARKAR MAL. KARFE,36/07/01/001,,,false,https://raw.githubusercontent.com/mykeels/inec-presidential-elections-2023/master/results/37-zamfara\3869-gusau\26249-galadima\polling-units.json
ZAMFARA,GUSAU,GALADIMA,MARINA TALIKA  / GANGAREN MARNAR TALIKAI,36/07/01/004,,,false,https://raw.githubusercontent.com/mykeels/inec-presidential-elections-2023/master/results/37-zamfara\3869-gusau\26249-galadima\polling-units.json
ZAMFARA,GUSAU,GALADIMA,MILLENIUM DAY SEC. SCH.,36/07/01/057,,,false,https://raw.githubusercontent.com/mykeels/inec-presidential-elections-2023/master/results/37-zamfara\3869-gusau\26249-galadima\polling-units.json
ZAMFARA,GUSAU,GALADIMA,MUSA JANARE   /  GARKAR MUSA MUSA JANARE,36/07/01/021,,,false,https://raw.githubusercontent.com/mykeels/inec-presidential-elections-2023/master/results/37-zamfara\3869-gusau\26249-galadima\polling-units.json
ZAMFARA,GUSAU,GALADIMA,MUSA MAI AIKI   /  GARKAR MUSA MAIKI,36/07/01/039,,,false,https://raw.githubusercontent.com/mykeels/inec-presidential-elections-2023/master/results/37-zamfara\3869-gusau\26249-galadima\polling-units.json
ZAMFARA,GUSAU,GALADIMA,MUSA MAI ALMAJIRI / GARKAR MALLAM MUSA,36/07/01/003,,,false,https://raw.githubusercontent.com/mykeels/inec-presidential-elections-2023/master/results/37-zamfara\3869-gusau\26249-galadima\polling-units.json
ZAMFARA,GUSAU,GALADIMA,MUSA MARINI   /  GARKAR MUSA MARINI,36/07/01/028,,,false,https://raw.githubusercontent.com/mykeels/inec-presidential-elections-2023/master/results/37-zamfara\3869-gusau\26249-galadima\polling-units.json
ZAMFARA,GUSAU,GALADIMA,NEW CENTRAL MOTOR PARK,36/07/01/051,https://docs.inecelectionresults.net/elections_prod/1292/state/01/lga/07/ward/01/pu/051/051-1677370692.pdf,2023-02-26T00:19:01.667Z,false,https://raw.githubusercontent.com/mykeels/inec-presidential-elections-2023/master/results/37-zamfara\3869-gusau\26249-galadima\polling-units.json
ZAMFARA,GUSAU,GALADIMA,OFISHIN GALADIMA    /   GALADIMA OFFICE,36/07/01/030,,,false,https://raw.githubusercontent.com/mykeels/inec-presidential-elections-2023/master/results/37-zamfara\3869-gusau\26249-galadima\polling-units.json
ZAMFARA,GUSAU,GALADIMA,SA'IDU BAITULMALI   /  GARKAR SAIDU BAITULMALI,36/07/01/040,https://docs.inecelectionresults.net/elections_prod/1292/state/01/lga/07/ward/01/pu/040/040-1677426232.pdf,2023-02-26T15:44:01.261Z,false,https://raw.githubusercontent.com/mykeels/inec-presidential-elections-2023/master/results/37-zamfara\3869-gusau\26249-galadima\polling-units.json
ZAMFARA,GUSAU,GALADIMA,SALIHUN BADARAWA   /  GARKAR SALIHU BADARAWA,36/07/01/024,,,false,https://raw.githubusercontent.com/mykeels/inec-presidential-elections-2023/master/results/37-zamfara\3869-gusau\26249-galadima\polling-units.json
ZAMFARA,GUSAU,GALADIMA,SAMBO MAI-BUHU  /  GARKAR SAMBO MAI BUHU,36/07/01/015,,,false,https://raw.githubusercontent.com/mykeels/inec-presidential-elections-2023/master/results/37-zamfara\3869-gusau\26249-galadima\polling-units.json
ZAMFARA,GUSAU,GALADIMA,SHEHU DILALLI I / GARKAR DILLALAI,36/07/01/009,https://docs.inecelectionresults.net/elections_prod/1292/state/01/lga/07/ward/01/pu/009/009-1677368919.pdf,2023-02-25T23:49:02.249Z,false,https://raw.githubusercontent.com/mykeels/inec-presidential-elections-2023/master/results/37-zamfara\3869-gusau\26249-galadima\polling-units.json
ZAMFARA,GUSAU,GALADIMA,SHEHU DILALLI II / GARKAR SANI CHEDIYA,36/07/01/010,,,false,https://raw.githubusercontent.com/mykeels/inec-presidential-elections-2023/master/results/37-zamfara\3869-gusau\26249-galadima\polling-units.json
ZAMFARA,GUSAU,GALADIMA,SHEHU DILLALI III/PRIMARY HEALTH CARE,36/07/01/047,,,false,https://raw.githubusercontent.com/mykeels/inec-presidential-elections-2023/master/results/37-zamfara\3869-gusau\26249-galadima\polling-units.json
ZAMFARA,GUSAU,GALADIMA,SULE ISAH   /  GARKAR SULE ISAH,36/07/01/014,,,false,https://raw.githubusercontent.com/mykeels/inec-presidential-elections-2023/master/results/37-zamfara\3869-gusau\26249-galadima\polling-units.json
ZAMFARA,GUSAU,GALADIMA,TSOHON GIDAN RUWA/ BAKIN GULBI,36/07/01/052,,,false,https://raw.githubusercontent.com/mykeels/inec-presidential-elections-2023/master/results/37-zamfara\3869-gusau\26249-galadima\polling-units.json
ZAMFARA,GUSAU,GALADIMA,TUDUN FAILA PRI. SCH.,36/07/01/058,,,false,https://raw.githubusercontent.com/mykeels/inec-presidential-elections-2023/master/results/37-zamfara\3869-gusau\26249-galadima\polling-units.json
ZAMFARA,GUSAU,GALADIMA,UMAR MAI KUDI II  /  GARKAR  UMARU MAI KUDI,36/07/01/042,https://docs.inecelectionresults.net/elections_prod/1292/state/01/lga/07/ward/01/pu/042/042-1677424979.pdf,2023-02-26T15:24:13.413Z,false,https://raw.githubusercontent.com/mykeels/inec-presidential-elections-2023/master/results/37-zamfara\3869-gusau\26249-galadima\polling-units.json
ZAMFARA,GUSAU,GALADIMA,UMARU JABAKA   /  GARKAR UMARU JABAKA,36/07/01/034,,,false,https://raw.githubusercontent.com/mykeels/inec-presidential-elections-2023/master/results/37-zamfara\3869-gusau\26249-galadima\polling-units.json
ZAMFARA,GUSAU,GALADIMA,UMARU MAI KUDI I /  GARKAR UMARU MAI - KUDI,36/07/01/002,,,false,https://raw.githubusercontent.com/mykeels/inec-presidential-elections-2023/master/results/37-zamfara\3869-gusau\26249-galadima\polling-units.json
ZAMFARA,GUSAU,GALADIMA,UMARU MAIKUDI III/GADAN ROBA PRI SCH,36/07/01/046,https://docs.inecelectionresults.net/elections_prod/1292/state/01/lga/07/ward/01/pu/046/046-1677426437.pdf,2023-02-26T15:48:01.092Z,false,https://raw.githubusercontent.com/mykeels/inec-presidential-elections-2023/master/results/37-zamfara\3869-gusau\26249-galadima\polling-units.json
ZAMFARA,GUSAU,GALADIMA,WAKKALA PRI. SCH./ FAMFON BAGOBIRI,36/07/01/050,,,false,https://raw.githubusercontent.com/mykeels/inec-presidential-elections-2023/master/results/37-zamfara\3869-gusau\26249-galadima\polling-units.json
ZAMFARA,GUSAU,GALADIMA,YAR GORO COMM.  /  KOFAR KASUWA TSOHUWA,36/07/01/023,,,false,https://raw.githubusercontent.com/mykeels/inec-presidential-elections-2023/master/results/37-zamfara\3869-gusau\26249-galadima\polling-units.json
ZAMFARA,GUSAU,MADA,AKUZO I  /    HANYAR BAWO,36/07/03/027,https://docs.inecelectionresults.net/elections_prod/1292/state/01/lga/07/ward/03/pu/027/027-1677426840.pdf,2023-02-26T15:54:59.802Z,false,https://raw.githubusercontent.com/mykeels/inec-presidential-elections-2023/master/results/37-zamfara\3869-gusau\26251-mada\polling-units.json
ZAMFARA,GUSAU,MADA,AKUZO II   /  YAR YARA,36/07/03/033,https://docs.inecelectionresults.net/elections_prod/1292/state/1/lga/3869/ward/26251/pu/119586/119586-1677496138.pdf,2023-02-27T11:09:59.832Z,false,https://raw.githubusercontent.com/mykeels/inec-presidential-elections-2023/master/results/37-zamfara\3869-gusau\26251-mada\polling-units.json
ZAMFARA,GUSAU,MADA,BANTSA  /   BANTSAR FULANI,36/07/03/034,https://docs.inecelectionresults.net/elections_prod/1292/state/1/lga/3869/ward/26251/pu/119587/119587-1677517239.pdf,2023-02-27T17:13:41.630Z,false,https://raw.githubusercontent.com/mykeels/inec-presidential-elections-2023/master/results/37-zamfara\3869-gusau\26251-mada\polling-units.json
ZAMFARA,GUSAU,MADA,BARGAJA   /  DAN HILI,36/07/03/023,https://docs.inecelectionresults.net/elections_prod/1292/state/1/lga/3869/ward/26251/pu/119576/119576-1677518747.pdf,2023-02-27T17:26:00.644Z,false,https://raw.githubusercontent.com/mykeels/inec-presidential-elections-2023/master/results/37-zamfara\3869-gusau\26251-mada\polling-units.json
ZAMFARA,GUSAU,MADA,BAWO I   /    BAWO  PRI. SCH.,36/07/03/028,https://docs.inecelectionresults.net/elections_prod/1292/state/01/lga/07/ward/03/pu/028/028-1677426116.pdf,2023-02-26T15:42:02.160Z,false,https://raw.githubusercontent.com/mykeels/inec-presidential-elections-2023/master/results/37-zamfara\3869-gusau\26251-mada\polling-units.json
ZAMFARA,GUSAU,MADA,BAWO II    /   BAKIN REHEWA,36/07/03/029,https://docs.inecelectionresults.net/elections_prod/1292/state/01/lga/07/ward/03/pu/029/029-1677420312.pdf,2023-02-26T14:06:01.134Z,false,https://raw.githubusercontent.com/mykeels/inec-presidential-elections-2023/master/results/37-zamfara\3869-gusau\26251-mada\polling-units.json
ZAMFARA,GUSAU,MADA,BAWO III   /  PRIMARY SCHOOL  BAWO,36/07/03/032,https://docs.inecelectionresults.net/elections_prod/1292/state/1/lga/3869/ward/26251/pu/119585/119585-1677766546.pdf,2023-03-02T14:16:00.454Z,false,https://raw.githubusercontent.com/mykeels/inec-presidential-elections-2023/master/results/37-zamfara\3869-gusau\26251-mada\polling-units.json
ZAMFARA,GUSAU,MADA,DAN GALADIMA I    /  CHEDIYAR TAWAYE,36/07/03/014,https://docs.inecelectionresults.net/elections_prod/1292/state/1/lga/3869/ward/26251/pu/119567/119567-1677508203.pdf,2023-02-27T14:31:01.264Z,false,https://raw.githubusercontent.com/mykeels/inec-presidential-elections-2023/master/results/37-zamfara\3869-gusau\26251-mada\polling-units.json
ZAMFARA,GUSAU,MADA,DAN GALADIMA II  /  D/BEDI YAR WALILA,36/07/03/038,https://docs.inecelectionresults.net/elections_prod/1292/state/1/lga/3869/ward/26251/pu/119591/119591-1677520926.pdf,2023-02-27T18:02:59.951Z,false,https://raw.githubusercontent.com/mykeels/inec-presidential-elections-2023/master/results/37-zamfara\3869-gusau\26251-mada\polling-units.json
ZAMFARA,GUSAU,MADA,DAN WAKU    /   DAN HILI,36/07/03/030,https://docs.inecelectionresults.net/elections_prod/1292/state/1/lga/3869/ward/26251/pu/119583/119583-1677497659.pdf,2023-02-27T11:35:01.183Z,false,https://raw.githubusercontent.com/mykeels/inec-presidential-elections-2023/master/results/37-zamfara\3869-gusau\26251-mada\polling-units.json
ZAMFARA,GUSAU,MADA,DUNDUNGYAL / DAN HILI,36/07/03/041,https://docs.inecelectionresults.net/elections_prod/1292/state/01/lga/07/ward/03/pu/041/041-1677428594.pdf,2023-02-26T16:23:59.928Z,false,https://raw.githubusercontent.com/mykeels/inec-presidential-elections-2023/master/results/37-zamfara\3869-gusau\26251-mada\polling-units.json
ZAMFARA,GUSAU,MADA,GALADIMA I    /   YAR YARA,36/07/03/010,https://docs.inecelectionresults.net/elections_prod/1292/state/1/lga/3869/ward/26251/pu/119563/119563-1677507695.pdf,2023-02-27T14:22:00.469Z,false,https://raw.githubusercontent.com/mykeels/inec-presidential-elections-2023/master/results/37-zamfara\3869-gusau\26251-mada\polling-units.json
ZAMFARA,GUSAU,MADA,GALADIMA II   /  NA TOGE,36/07/03/042,,,false,https://raw.githubusercontent.com/mykeels/inec-presidential-elections-2023/master/results/37-zamfara\3869-gusau\26251-mada\polling-units.json
ZAMFARA,GUSAU,MADA,GIDAN KARA    /   DAN HILI,36/07/03/019,https://docs.inecelectionresults.net/elections_prod/1292/state/1/lga/3869/ward/26251/pu/119572/119572-1677514228.pdf,2023-02-27T16:11:00.974Z,false,https://raw.githubusercontent.com/mykeels/inec-presidential-elections-2023/master/results/37-zamfara\3869-gusau\26251-mada\polling-units.json
ZAMFARA,GUSAU,MADA,GIDAN NAWAJE  /   PRIMARY SCH. GIDAN NAWAJE,36/07/03/035,https://docs.inecelectionresults.net/elections_prod/1292/state/1/lga/3869/ward/26251/pu/119588/119588-1677513717.pdf,2023-02-27T16:02:01.598Z,false,https://raw.githubusercontent.com/mykeels/inec-presidential-elections-2023/master/results/37-zamfara\3869-gusau\26251-mada\polling-units.json
ZAMFARA,GUSAU,MADA,GORA  /   DAN HILI,36/07/03/017,https://docs.inecelectionresults.net/elections_prod/1292/state/1/lga/3869/ward/26251/pu/119570/119570-1677583135.pdf,2023-02-28T11:19:59.963Z,false,https://raw.githubusercontent.com/mykeels/inec-presidential-elections-2023/master/results/37-zamfara\3869-gusau\26251-mada\polling-units.json
ZAMFARA,GUSAU,MADA,GYATTA DAN HILI / GYATTA,36/07/03/021,https://docs.inecelectionresults.net/elections_prod/1292/state/1/lga/3869/ward/26251/pu/119574/119574-1677510116.pdf,2023-02-27T15:02:01.549Z,false,https://raw.githubusercontent.com/mykeels/inec-presidential-elections-2023/master/results/37-zamfara\3869-gusau\26251-mada\polling-units.json
ZAMFARA,GUSAU,MADA,HAYIN BAJINI I  /  PRI. SCH. H. BAJINI,36/07/03/001,https://docs.inecelectionresults.net/elections_prod/1292/state/1/lga/3869/ward/26251/pu/119554/119554-1677520055.pdf,2023-02-27T17:48:00.361Z,false,https://raw.githubusercontent.com/mykeels/inec-presidential-elections-2023/master/results/37-zamfara\3869-gusau\26251-mada\polling-units.json
ZAMFARA,GUSAU,MADA,HAYIN BAJINI II YAR MAHANGA,36/07/03/002,https://docs.inecelectionresults.net/elections_prod/1292/state/1/lga/3869/ward/26251/pu/119555/119555-1677502902.pdf,2023-02-27T13:02:01.056Z,false,https://raw.githubusercontent.com/mykeels/inec-presidential-elections-2023/master/results/37-zamfara\3869-gusau\26251-mada\polling-units.json
ZAMFARA,GUSAU,MADA,HAYIN BAJINI III/ PRI. SCH.,36/07/03/044,https://docs.inecelectionresults.net/elections_prod/1292/state/1/lga/3869/ward/26251/pu/178006/178006-1677515232.pdf,2023-02-27T16:30:28.164Z,false,https://raw.githubusercontent.com/mykeels/inec-presidential-elections-2023/master/results/37-zamfara\3869-gusau\26251-mada\polling-units.json
ZAMFARA,GUSAU,MADA,HAYIN BAJINI IV/PRI. SCH.,36/07/03/045,https://docs.inecelectionresults.net/elections_prod/1292/state/1/lga/3869/ward/26251/pu/178007/178007-1677495613.pdf,2023-02-27T11:01:00.236Z,false,https://raw.githubusercontent.com/mykeels/inec-presidential-elections-2023/master/results/37-zamfara\3869-gusau\26251-mada\polling-units.json
ZAMFARA,GUSAU,MADA,HAYIN YAKUBU    /   PRI. SCH.,36/07/03/025,https://docs.inecelectionresults.net/elections_prod/1292/state/1/lga/3869/ward/26251/pu/119578/119578-1677516765.pdf,2023-02-27T17:13:28.396Z,false,https://raw.githubusercontent.com/mykeels/inec-presidential-elections-2023/master/results/37-zamfara\3869-gusau\26251-mada\polling-units.json
ZAMFARA,GUSAU,MADA,KWAREN SHEMORI II/ PRI. SCH.,36/07/03/047,https://docs.inecelectionresults.net/elections_prod/1292/state/1/lga/3869/ward/26251/pu/178009/178009-1677516979.pdf,2023-02-27T17:13:35.045Z,false,https://raw.githubusercontent.com/mykeels/inec-presidential-elections-2023/master/results/37-zamfara\3869-gusau\26251-mada\polling-units.json
ZAMFARA,GUSAU,MADA,KYANKYASHE / DAN HILI,36/07/03/039,https://docs.inecelectionresults.net/elections_prod/1292/state/1/lga/3869/ward/26251/pu/119592/119592-1677521599.pdf,2023-02-27T18:14:00.321Z,false,https://raw.githubusercontent.com/mykeels/inec-presidential-elections-2023/master/results/37-zamfara\3869-gusau\26251-mada\polling-units.json
ZAMFARA,GUSAU,MADA,MAI GALMA II   /   DAN HILI,36/07/03/036,https://docs.inecelectionresults.net/elections_prod/1292/state/1/lga/3869/ward/26251/pu/119589/119589-1677499242.pdf,2023-02-27T12:01:01.397Z,false,https://raw.githubusercontent.com/mykeels/inec-presidential-elections-2023/master/results/37-zamfara\3869-gusau\26251-mada\polling-units.json
ZAMFARA,GUSAU,MADA,MAI-GALMA I   /  DAN HILI,36/07/03/024,https://docs.inecelectionresults.net/elections_prod/1292/state/01/lga/07/ward/03/pu/024/024-1677427556.pdf,2023-02-26T16:06:01.346Z,false,https://raw.githubusercontent.com/mykeels/inec-presidential-elections-2023/master/results/37-zamfara\3869-gusau\26251-mada\polling-units.json
ZAMFARA,GUSAU,MADA,MAKERA / DAN HILI,36/07/03/040,https://docs.inecelectionresults.net/elections_prod/1292/state/01/lga/07/ward/03/pu/040/040-1677393964.pdf,2023-02-26T06:59:07.076Z,false,https://raw.githubusercontent.com/mykeels/inec-presidential-elections-2023/master/results/37-zamfara\3869-gusau\26251-mada\polling-units.json
ZAMFARA,GUSAU,MADA,MANYAR DAN BIRI   /   DAN HILI,36/07/03/018,https://docs.inecelectionresults.net/elections_prod/1292/state/1/lga/3869/ward/26251/pu/119571/119571-1677496725.pdf,2023-02-27T11:19:01.172Z,false,https://raw.githubusercontent.com/mykeels/inec-presidential-elections-2023/master/results/37-zamfara\3869-gusau\26251-mada\polling-units.json
ZAMFARA,GUSAU,MADA,MARAFA I /  LIBRARY,36/07/03/011,,,false,https://raw.githubusercontent.com/mykeels/inec-presidential-elections-2023/master/results/37-zamfara\3869-gusau\26251-mada\polling-units.json
ZAMFARA,GUSAU,MADA,SABON GARI I   /  KWANA HUDU,36/07/03/003,https://docs.inecelectionresults.net/elections_prod/1292/state/1/lga/3869/ward/26251/pu/119556/119556-1677511696.pdf,2023-02-27T15:29:01.563Z,false,https://raw.githubusercontent.com/mykeels/inec-presidential-elections-2023/master/results/37-zamfara\3869-gusau\26251-mada\polling-units.json
ZAMFARA,GUSAU,MADA,SABON GARI II   /   NASARAWA DANGO,36/07/03/004,https://docs.inecelectionresults.net/elections_prod/1292/state/1/lga/3869/ward/26251/pu/119557/119557-1677494380.pdf,2023-02-27T10:40:00.915Z,false,https://raw.githubusercontent.com/mykeels/inec-presidential-elections-2023/master/results/37-zamfara\3869-gusau\26251-mada\polling-units.json
ZAMFARA,GUSAU,MADA,SABON GARI II/ KWANA HUDU/ MADA GENERAL HOSPITAL,36/07/03/046,https://docs.inecelectionresults.net/elections_prod/1292/state/1/lga/3869/ward/26251/pu/178008/178008-1677493646.pdf,2023-02-27T10:29:01.252Z,false,https://raw.githubusercontent.com/mykeels/inec-presidential-elections-2023/master/results/37-zamfara\3869-gusau\26251-mada\polling-units.json
ZAMFARA,GUSAU,MADA,SARKI RAFI III   /   KWAREN MARINA,36/07/03/037,,,false,https://raw.githubusercontent.com/mykeels/inec-presidential-elections-2023/master/results/37-zamfara\3869-gusau\26251-mada\polling-units.json
ZAMFARA,GUSAU,MADA,SARKIN RAFI I   /  HAYIN BOJA,36/07/03/012,https://docs.inecelectionresults.net/elections_prod/1292/state/1/lga/3869/ward/26251/pu/119565/119565-1677519168.pdf,2023-02-27T17:33:01.190Z,false,https://raw.githubusercontent.com/mykeels/inec-presidential-elections-2023/master/results/37-zamfara\3869-gusau\26251-mada\polling-units.json
ZAMFARA,GUSAU,MADA,SARKIN RAFI II   /   KAN WURI,36/07/03/013,https://docs.inecelectionresults.net/elections_prod/1292/state/1/lga/3869/ward/26251/pu/119566/119566-1677511365.pdf,2023-02-27T15:23:16.081Z,false,https://raw.githubusercontent.com/mykeels/inec-presidential-elections-2023/master/results/37-zamfara\3869-gusau\26251-mada\polling-units.json
ZAMFARA,GUSAU,MADA,SARKIN YAKI  II  GARKAR N.P.N,36/07/03/006,https://docs.inecelectionresults.net/elections_prod/1292/state/1/lga/3869/ward/26251/pu/119559/119559-1677767232.pdf,2023-03-02T14:28:01.369Z,true,https://raw.githubusercontent.com/mykeels/inec-presidential-elections-2023/master/results/37-zamfara\3869-gusau\26251-mada\polling-units.json
ZAMFARA,GUSAU,MADA,SARKIN YAKI  III  GARKAR MAKERA-BUDA,36/07/03/007,https://docs.inecelectionresults.net/elections_prod/1292/state/1/lga/3869/ward/26251/pu/119560/119560-1677502608.pdf,2023-02-27T12:57:00.891Z,false,https://raw.githubusercontent.com/mykeels/inec-presidential-elections-2023/master/results/37-zamfara\3869-gusau\26251-mada\polling-units.json
ZAMFARA,GUSAU,MADA,SARKIN YAKI I    /   DAN MARKE,36/07/03/005,,,false,https://raw.githubusercontent.com/mykeels/inec-presidential-elections-2023/master/results/37-zamfara\3869-gusau\26251-mada\polling-units.json
ZAMFARA,GUSAU,MADA,SHEMORI I    /   KWAREN SHEMORI,36/07/03/015,,,false,https://raw.githubusercontent.com/mykeels/inec-presidential-elections-2023/master/results/37-zamfara\3869-gusau\26251-mada\polling-units.json
ZAMFARA,GUSAU,MADA,SHEMORI II    /  TASHAR SHEMORI,36/07/03/016,https://docs.inecelectionresults.net/elections_prod/1292/state/1/lga/3869/ward/26251/pu/119569/119569-1677501363.pdf,2023-02-27T12:37:00.986Z,false,https://raw.githubusercontent.com/mykeels/inec-presidential-elections-2023/master/results/37-zamfara\3869-gusau\26251-mada\polling-units.json
ZAMFARA,GUSAU,MADA,SHIYAR TUDU I  /  ZAMFARAWA,36/07/03/008,https://docs.inecelectionresults.net/elections_prod/1292/state/1/lga/3869/ward/26251/pu/119561/119561-1677506501.pdf,2023-02-27T14:02:00.548Z,false,https://raw.githubusercontent.com/mykeels/inec-presidential-elections-2023/master/results/37-zamfara\3869-gusau\26251-mada\polling-units.json
ZAMFARA,GUSAU,MADA,SHIYAR TUDU II   /  YAR KAIWA,36/07/03/009,https://docs.inecelectionresults.net/elections_prod/1292/state/01/lga/07/ward/03/pu/009/009-1677393772.pdf,2023-02-26T06:58:56.272Z,false,https://raw.githubusercontent.com/mykeels/inec-presidential-elections-2023/master/results/37-zamfara\3869-gusau\26251-mada\polling-units.json
ZAMFARA,GUSAU,MADA,SHIYAR TUDU III / YAR MAI ZANKI,36/07/03/043,https://docs.inecelectionresults.net/elections_prod/1292/state/01/lga/07/ward/03/pu/043/043-1677391722.pdf,2023-02-26T06:56:18.190Z,false,https://raw.githubusercontent.com/mykeels/inec-presidential-elections-2023/master/results/37-zamfara\3869-gusau\26251-mada\polling-units.json
ZAMFARA,GUSAU,MADA,TASHAR SHEMORI II PRI. SCH.,36/07/03/048,https://docs.inecelectionresults.net/elections_prod/1292/state/1/lga/3869/ward/26251/pu/178010/178010-1677519537.pdf,2023-02-27T17:39:00.774Z,false,https://raw.githubusercontent.com/mykeels/inec-presidential-elections-2023/master/results/37-zamfara\3869-gusau\26251-mada\polling-units.json
ZAMFARA,GUSAU,MADA,TOTARIN ZAMFARAWA   /    WAKASO PRI. SCH.,36/07/03/022,,,false,https://raw.githubusercontent.com/mykeels/inec-presidential-elections-2023/master/results/37-zamfara\3869-gusau\26251-mada\polling-units.json
ZAMFARA,GUSAU,MADA,UNGUWAR DAUDU    /   DAN HILI,36/07/03/020,https://docs.inecelectionresults.net/elections_prod/1292/state/01/lga/07/ward/03/pu/020/020-1677392027.pdf,2023-02-26T06:56:34.172Z,false,https://raw.githubusercontent.com/mykeels/inec-presidential-elections-2023/master/results/37-zamfara\3869-gusau\26251-mada\polling-units.json
ZAMFARA,GUSAU,MADA,YALWA   /   DAN HILI,36/07/03/031,https://docs.inecelectionresults.net/elections_prod/1292/state/1/lga/3869/ward/26251/pu/119584/119584-1677496988.pdf,2023-02-27T11:24:00.997Z,false,https://raw.githubusercontent.com/mykeels/inec-presidential-elections-2023/master/results/37-zamfara\3869-gusau\26251-mada\polling-units.json
ZAMFARA,GUSAU,MADA,YAR GEBA   /  DAN HILI,36/07/03/026,https://docs.inecelectionresults.net/elections_prod/1292/state/1/lga/3869/ward/26251/pu/119579/119579-1677495022.pdf,2023-02-27T10:51:00.460Z,false,https://raw.githubusercontent.com/mykeels/inec-presidential-elections-2023/master/results/37-zamfara\3869-gusau\26251-mada\polling-units.json
ZAMFARA,GUSAU,MADAWAKI,ABARMA   /  PRIMARY SCHOOL  ABARMA,36/07/02/013,https://docs.inecelectionresults.net/elections_prod/1292/state/1/lga/3869/ward/26250/pu/119546/119546-1677588944.pdf,2023-02-28T12:56:00.761Z,false,https://raw.githubusercontent.com/mykeels/inec-presidential-elections-2023/master/results/37-zamfara\3869-gusau\26250-madawaki\polling-units.json
ZAMFARA,GUSAU,MADAWAKI,DAN FILI/ BAKIN KASUWA YAN HATSI II,36/07/02/031,https://docs.inecelectionresults.net/elections_prod/1292/state/1/lga/3869/ward/26250/pu/178000/178000-1677580711.pdf,2023-02-28T11:01:38.492Z,true,https://raw.githubusercontent.com/mykeels/inec-presidential-elections-2023/master/results/37-zamfara\3869-gusau\26250-madawaki\polling-units.json
ZAMFARA,GUSAU,MADAWAKI,DAN FILI/BAKIN KASUWA YAN BUHU II,36/07/02/032,https://docs.inecelectionresults.net/elections_prod/1292/state/01/lga/07/ward/02/pu/032/032-1677407174.pdf,2023-02-26T10:27:02.512Z,false,https://raw.githubusercontent.com/mykeels/inec-presidential-elections-2023/master/results/37-zamfara\3869-gusau\26250-madawaki\polling-units.json
ZAMFARA,GUSAU,MADAWAKI,FILIN NA YAWO G/LABBO II/T/SHIP 2 MODEL PRI. SCH.,36/07/02/034,https://docs.inecelectionresults.net/elections_prod/1292/state/01/lga/07/ward/02/pu/034/034-1677414866.pdf,2023-02-26T12:46:12.381Z,false,https://raw.githubusercontent.com/mykeels/inec-presidential-elections-2023/master/results/37-zamfara\3869-gusau\26250-madawaki\polling-units.json
ZAMFARA,GUSAU,MADAWAKI,G .R. A. V  /   BAYAN MASALLACIN TSAMIYA,36/07/02/017,,,false,https://raw.githubusercontent.com/mykeels/inec-presidential-elections-2023/master/results/37-zamfara\3869-gusau\26250-madawaki\polling-units.json
ZAMFARA,GUSAU,MADAWAKI,G.R.A.  II    /  MAHUTA PRI. SCH.,36/07/02/010,https://docs.inecelectionresults.net/elections_prod/1292/state/1/lga/3869/ward/26250/pu/119543/119543-1677592125.pdf,2023-02-28T13:49:01.005Z,false,https://raw.githubusercontent.com/mykeels/inec-presidential-elections-2023/master/results/37-zamfara\3869-gusau\26250-madawaki\polling-units.json
ZAMFARA,GUSAU,MADAWAKI,G.R.A.  III     /   G/MAI YARA,36/07/02/011,https://docs.inecelectionresults.net/elections_prod/1292/state/1/lga/3869/ward/26250/pu/119544/119544-1677596772.pdf,2023-02-28T15:12:03.799Z,true,https://raw.githubusercontent.com/mykeels/inec-presidential-elections-2023/master/results/37-zamfara\3869-gusau\26250-madawaki\polling-units.json
ZAMFARA,GUSAU,MADAWAKI,G.R.A.  IV / HEALTH CENRE,36/07/02/012,https://docs.inecelectionresults.net/elections_prod/1292/state/1/lga/3869/ward/26250/pu/119545/119545-1677593330.pdf,2023-02-28T14:13:41.704Z,true,https://raw.githubusercontent.com/mykeels/inec-presidential-elections-2023/master/results/37-zamfara\3869-gusau\26250-madawaki\polling-units.json
ZAMFARA,GUSAU,MADAWAKI,G.R.A.  VI  /  G.S.S GADA BIYU,36/07/02/018,https://docs.inecelectionresults.net/elections_prod/1292/state/1/lga/3869/ward/26250/pu/119551/119551-1677593922.pdf,2023-02-28T14:19:01.502Z,false,https://raw.githubusercontent.com/mykeels/inec-presidential-elections-2023/master/results/37-zamfara\3869-gusau\26250-madawaki\polling-units.json
ZAMFARA,GUSAU,MADAWAKI,G.R.A. I   /   REST HOUSE,36/07/02/009,https://docs.inecelectionresults.net/elections_prod/1292/state/1/lga/3869/ward/26250/pu/119542/119542-1677596431.pdf,2023-02-28T15:01:00.568Z,false,https://raw.githubusercontent.com/mykeels/inec-presidential-elections-2023/master/results/37-zamfara\3869-gusau\26250-madawaki\polling-units.json
ZAMFARA,GUSAU,MADAWAKI,G/SARKIN GUSAU III/ T/SHIP 1 MODEL PRI. SCH.,36/07/02/021,,,false,https://raw.githubusercontent.com/mykeels/inec-presidential-elections-2023/master/results/37-zamfara\3869-gusau\26250-madawaki\polling-units.json
ZAMFARA,GUSAU,MADAWAKI,G/SARKIN GUSAU IV/ T/SHIP 1 MODEL PRI. SCH,36/07/02/022,https://docs.inecelectionresults.net/elections_prod/1292/state/1/lga/3869/ward/26250/pu/177991/177991-1677594668.pdf,2023-02-28T14:38:02.983Z,true,https://raw.githubusercontent.com/mykeels/inec-presidential-elections-2023/master/results/37-zamfara\3869-gusau\26250-madawaki\polling-units.json
ZAMFARA,GUSAU,MADAWAKI,KASTAURA VI     /  DAN-DUSTI  D/ANGOLA,36/07/02/006,https://docs.inecelectionresults.net/elections_prod/1292/state/1/lga/3869/ward/26250/pu/119539/119539-1677585293.pdf,2023-02-28T11:55:00.226Z,false,https://raw.githubusercontent.com/mykeels/inec-presidential-elections-2023/master/results/37-zamfara\3869-gusau\26250-madawaki\polling-units.json
ZAMFARA,GUSAU,MADAWAKI,KATSAURA  XII  /  FILIN NA'YAWO G/LABBO,36/07/02/019,https://docs.inecelectionresults.net/elections_prod/1292/state/1/lga/3869/ward/26250/pu/119552/119552-1677597676.pdf,2023-02-28T15:22:00.825Z,false,https://raw.githubusercontent.com/mykeels/inec-presidential-elections-2023/master/results/37-zamfara\3869-gusau\26250-madawaki\polling-units.json
ZAMFARA,GUSAU,MADAWAKI,KATSAURA  XIII  / GARKAR SARKIN GUSAU,36/07/02/020,https://docs.inecelectionresults.net/elections_prod/1292/state/01/lga/07/ward/02/pu/020/020-1677414225.pdf,2023-02-26T12:45:46.579Z,false,https://raw.githubusercontent.com/mykeels/inec-presidential-elections-2023/master/results/37-zamfara\3869-gusau\26250-madawaki\polling-units.json
ZAMFARA,GUSAU,MADAWAKI,KATSAURA I   /  GARKAR SARKIN GUSAU,36/07/02/001,https://docs.inecelectionresults.net/elections_prod/1292/state/1/lga/3869/ward/26250/pu/119534/119534-1677508293.pdf,2023-02-27T14:32:00.666Z,false,https://raw.githubusercontent.com/mykeels/inec-presidential-elections-2023/master/results/37-zamfara\3869-gusau\26250-madawaki\polling-units.json
ZAMFARA,GUSAU,MADAWAKI,KATSAURA II   /  GARKAR MAGAJI SALIHU,36/07/02/002,,,false,https://raw.githubusercontent.com/mykeels/inec-presidential-elections-2023/master/results/37-zamfara\3869-gusau\26250-madawaki\polling-units.json
ZAMFARA,GUSAU,MADAWAKI,KATSAURA III   /  BAKIN SILMA,36/07/02/003,https://docs.inecelectionresults.net/elections_prod/1292/state/1/lga/3869/ward/26250/pu/119536/119536-1677512953.pdf,2023-02-27T15:50:01.114Z,false,https://raw.githubusercontent.com/mykeels/inec-presidential-elections-2023/master/results/37-zamfara\3869-gusau\26250-madawaki\polling-units.json
ZAMFARA,GUSAU,MADAWAKI,KATSAURA IX  /  B/KASUWA/KOFAR YAN HATSI,36/07/02/014,https://docs.inecelectionresults.net/elections_prod/1292/state/01/lga/07/ward/02/pu/014/014-1677416431.pdf,2023-02-26T13:01:02.302Z,false,https://raw.githubusercontent.com/mykeels/inec-presidential-elections-2023/master/results/37-zamfara\3869-gusau\26250-madawaki\polling-units.json
ZAMFARA,GUSAU,MADAWAKI,KATSAURA V    /  GARKAR YUSUF BAYARRABE,36/07/02/005,https://docs.inecelectionresults.net/elections_prod/1292/state/1/lga/3869/ward/26250/pu/119538/119538-1677512304.pdf,2023-02-27T15:39:01.841Z,false,https://raw.githubusercontent.com/mykeels/inec-presidential-elections-2023/master/results/37-zamfara\3869-gusau\26250-madawaki\polling-units.json
ZAMFARA,GUSAU,MADAWAKI,KATSAURA VI    /   GARKAR KAMBARI,36/07/02/004,https://docs.inecelectionresults.net/elections_prod/1292/state/1/lga/3869/ward/26250/pu/119537/119537-1677584257.pdf,2023-02-28T11:38:00.579Z,false,https://raw.githubusercontent.com/mykeels/inec-presidential-elections-2023/master/results/37-zamfara\3869-gusau\26250-madawaki\polling-units.json
ZAMFARA,GUSAU,MADAWAKI,KATSAURA VII    /   GARKAR ZAKARI,36/07/02/007,https://docs.inecelectionresults.net/elections_prod/1292/state/1/lga/3869/ward/26250/pu/119540/119540-1677586593.pdf,2023-02-28T12:52:02.754Z,true,https://raw.githubusercontent.com/mykeels/inec-presidential-elections-2023/master/results/37-zamfara\3869-gusau\26250-madawaki\polling-units.json
ZAMFARA,GUSAU,MADAWAKI,KATSAURA VIII      /  YAR CHEDIYA G/D/MAI SULE,36/07/02/008,https://docs.inecelectionresults.net/elections_prod/1292/state/1/lga/3869/ward/26250/pu/119541/119541-1677513630.pdf,2023-02-27T16:01:00.161Z,false,https://raw.githubusercontent.com/mykeels/inec-presidential-elections-2023/master/results/37-zamfara\3869-gusau\26250-madawaki\polling-units.json
ZAMFARA,GUSAU,MADAWAKI,KATSAURA X  /  B/KASUWA/KOFAR YAN BUHU,36/07/02/015,https://docs.inecelectionresults.net/elections_prod/1292/state/1/lga/3869/ward/26250/pu/119548/119548-1677593970.pdf,2023-02-28T14:20:00.833Z,false,https://raw.githubusercontent.com/mykeels/inec-presidential-elections-2023/master/results/37-zamfara\3869-gusau\26250-madawaki\polling-units.json
ZAMFARA,GUSAU,MADAWAKI,KATSAURA XI  /  BAYAN MASALLACIN JUMMA'A,36/07/02/016,https://docs.inecelectionresults.net/elections_prod/1292/state/1/lga/3869/ward/26250/pu/119549/119549-1677587626.pdf,2023-02-28T12:52:20.424Z,true,https://raw.githubusercontent.com/mykeels/inec-presidential-elections-2023/master/results/37-zamfara\3869-gusau\26250-madawaki\polling-units.json
ZAMFARA,GUSAU,MADAWAKI,KATSAURA XIV/G/ YUSUF BAYARABE II T/ SHIP 2 MODEL PRI. SCH.,36/07/02/023,https://docs.inecelectionresults.net/elections_prod/1292/state/01/lga/07/ward/02/pu/023/023-1677413860.pdf,2023-02-26T12:45:32.232Z,false,https://raw.githubusercontent.com/mykeels/inec-presidential-elections-2023/master/results/37-zamfara\3869-gusau\26250-madawaki\polling-units.json
ZAMFARA,GUSAU,MADAWAKI,KATSAURA XIX/G/ SARKIN GUSAU V/T/SHIP 1 MODEL PRI. SCH,36/07/02/035,https://docs.inecelectionresults.net/elections_prod/1292/state/1/lga/3869/ward/26250/pu/178004/178004-1677590158.pdf,2023-02-28T13:28:31.415Z,true,https://raw.githubusercontent.com/mykeels/inec-presidential-elections-2023/master/results/37-zamfara\3869-gusau\26250-madawaki\polling-units.json
ZAMFARA,GUSAU,MADAWAKI,KATSAURA XV/D/DUTSI D/ANGOLA II/ T/ SHIP 2 MODEL PRI. SCH.,36/07/02/024,https://docs.inecelectionresults.net/elections_prod/1292/state/1/lga/3869/ward/26250/pu/177993/177993-1677591456.pdf,2023-02-28T13:38:01.160Z,false,https://raw.githubusercontent.com/mykeels/inec-presidential-elections-2023/master/results/37-zamfara\3869-gusau\26250-madawaki\polling-units.json
ZAMFARA,GUSAU,MADAWAKI,KATSAURA XVI/G/ZAKARI II/T/SHIP 1 MODEL PRI. SCH.,36/07/02/025,https://docs.inecelectionresults.net/elections_prod/1292/state/01/lga/07/ward/02/pu/025/025-1677418410.pdf,2023-02-26T13:34:01.461Z,false,https://raw.githubusercontent.com/mykeels/inec-presidential-elections-2023/master/results/37-zamfara\3869-gusau\26250-madawaki\polling-units.json
ZAMFARA,GUSAU,MADAWAKI,KATSAURA XVIII/ B/MASALLACIN JUMAA II/ T/SHIP 1 MODEL PRI. SCH.,36/07/02/033,https://docs.inecelectionresults.net/elections_prod/1292/state/1/lga/3869/ward/26250/pu/178002/178002-1677498064.pdf,2023-02-27T11:42:01.343Z,false,https://raw.githubusercontent.com/mykeels/inec-presidential-elections-2023/master/results/37-zamfara\3869-gusau\26250-madawaki\polling-units.json
ZAMFARA,GUSAU,MADAWAKI,KATSAURA XX/ G/ SARKIN GUUSAU VI/T/SHIP 1 MODEL PRI. SH,36/07/02/036,https://docs.inecelectionresults.net/elections_prod/1292/state/01/lga/07/ward/02/pu/036/036-1677409888.pdf,2023-02-26T11:12:02.245Z,false,https://raw.githubusercontent.com/mykeels/inec-presidential-elections-2023/master/results/37-zamfara\3869-gusau\26250-madawaki\polling-units.json
ZAMFARA,GUSAU,MADAWAKI,MADIDIN KWARE PRI. SCH.,36/07/02/028,https://docs.inecelectionresults.net/elections_prod/1292/state/1/lga/3869/ward/26250/pu/177997/177997-1677581695.pdf,2023-02-28T11:02:07.527Z,true,https://raw.githubusercontent.com/mykeels/inec-presidential-elections-2023/master/results/37-zamfara\3869-gusau\26250-madawaki\polling-units.json
ZAMFARA,GUSAU,MADAWAKI,TANKIN RUWA/ ZANNAH ROAD,36/07/02/029,https://docs.inecelectionresults.net/elections_prod/1292/state/01/lga/07/ward/02/pu/029/029-1677418078.pdf,2023-02-26T13:28:01.699Z,false,https://raw.githubusercontent.com/mykeels/inec-presidential-elections-2023/master/results/37-zamfara\3869-gusau\26250-madawaki\polling-units.json
ZAMFARA,GUSAU,MADAWAKI,WOMEN CENTRE II,36/07/02/030,https://docs.inecelectionresults.net/elections_prod/1292/state/01/lga/07/ward/02/pu/030/030-1677417198.pdf,2023-02-26T13:14:01.544Z,false,https://raw.githubusercontent.com/mykeels/inec-presidential-elections-2023/master/results/37-zamfara\3869-gusau\26250-madawaki\polling-units.json
ZAMFARA,GUSAU,MADAWAKI,"ZACAS TWIN HALL ""A""",36/07/02/026,,,false,https://raw.githubusercontent.com/mykeels/inec-presidential-elections-2023/master/results/37-zamfara\3869-gusau\26250-madawaki\polling-units.json
ZAMFARA,GUSAU,MADAWAKI,"ZACAS TWIN HALL ""B""",36/07/02/027,https://docs.inecelectionresults.net/elections_prod/1292/state/1/lga/3869/ward/26250/pu/177996/177996-1677590489.pdf,2023-02-28T13:28:44.162Z,true,https://raw.githubusercontent.com/mykeels/inec-presidential-elections-2023/master/results/37-zamfara\3869-gusau\26250-madawaki\polling-units.json
ZAMFARA,GUSAU,MAGAMI,ARZIKINDA  II / GARKAR MAI UNGUWA,36/07/04/022,https://docs.inecelectionresults.net/elections_prod/1292/state/1/lga/3869/ward/26252/pu/119618/119618-1677503026.pdf,2023-02-27T13:04:01.538Z,false,https://raw.githubusercontent.com/mykeels/inec-presidential-elections-2023/master/results/37-zamfara\3869-gusau\26252-magami\polling-units.json
ZAMFARA,GUSAU,MAGAMI,BABBAR KORAMA I / PRIMARY SCHOOL,36/07/04/013,,,false,https://raw.githubusercontent.com/mykeels/inec-presidential-elections-2023/master/results/37-zamfara\3869-gusau\26252-magami\polling-units.json
ZAMFARA,GUSAU,MAGAMI,BABBAR KORAMA II / GARKAR MAI UNG.,36/07/04/014,https://docs.inecelectionresults.net/elections_prod/1292/state/1/lga/3869/ward/26252/pu/119610/119610-1677515415.pdf,2023-02-27T16:31:01.566Z,false,https://raw.githubusercontent.com/mykeels/inec-presidential-elections-2023/master/results/37-zamfara\3869-gusau\26252-magami\polling-units.json
ZAMFARA,GUSAU,MAGAMI,BIRIN RUWA / GARKAR MAI UNGUWA,36/07/04/003,,,false,https://raw.githubusercontent.com/mykeels/inec-presidential-elections-2023/master/results/37-zamfara\3869-gusau\26252-magami\polling-units.json
ZAMFARA,GUSAU,MAGAMI,FASAWA/G/MAIUNGUWA,36/07/04/028,,,false,https://raw.githubusercontent.com/mykeels/inec-presidential-elections-2023/master/results/37-zamfara\3869-gusau\26252-magami\polling-units.json
ZAMFARA,GUSAU,MAGAMI,GIDAN MAI UNGUWA /BAKIN DORUWA,36/07/04/026,https://docs.inecelectionresults.net/elections_prod/1292/state/1/lga/3869/ward/26252/pu/119622/119622-1677609683.pdf,2023-02-28T18:42:00.471Z,true,https://raw.githubusercontent.com/mykeels/inec-presidential-elections-2023/master/results/37-zamfara\3869-gusau\26252-magami\polling-units.json
ZAMFARA,GUSAU,MAGAMI,KABASA / GARKAR MAI UNGUWA,36/07/04/018,https://docs.inecelectionresults.net/elections_prod/1292/state/1/lga/3869/ward/26252/pu/119614/119614-1677514082.pdf,2023-02-27T16:09:00.873Z,false,https://raw.githubusercontent.com/mykeels/inec-presidential-elections-2023/master/results/37-zamfara\3869-gusau\26252-magami\polling-units.json
ZAMFARA,GUSAU,MAGAMI,KAGON FARIMANA I / GARKAR MAI UNGUWA,36/07/04/020,,,false,https://raw.githubusercontent.com/mykeels/inec-presidential-elections-2023/master/results/37-zamfara\3869-gusau\26252-magami\polling-units.json
ZAMFARA,GUSAU,MAGAMI,KAGON FARIMANA II / GARKAR MAI UNGUWA,36/07/04/021,,,false,https://raw.githubusercontent.com/mykeels/inec-presidential-elections-2023/master/results/37-zamfara\3869-gusau\26252-magami\polling-units.json
ZAMFARA,GUSAU,MAGAMI,KARAMANJE I / GARKAR MAI UNGUWA,36/07/04/016,https://docs.inecelectionresults.net/elections_prod/1292/state/1/lga/3869/ward/26252/pu/119612/119612-1677515126.pdf,2023-02-27T16:30:24.955Z,false,https://raw.githubusercontent.com/mykeels/inec-presidential-elections-2023/master/results/37-zamfara\3869-gusau\26252-magami\polling-units.json
ZAMFARA,GUSAU,MAGAMI,KARAMANJE II / GARKAR MAI UNGUWA,36/07/04/017,https://docs.inecelectionresults.net/elections_prod/1292/state/1/lga/3869/ward/26252/pu/119613/119613-1677513700.pdf,2023-02-27T16:02:00.997Z,false,https://raw.githubusercontent.com/mykeels/inec-presidential-elections-2023/master/results/37-zamfara\3869-gusau\26252-magami\polling-units.json
ZAMFARA,GUSAU,MAGAMI,KATOHIN / DAN FILI,36/07/04/029,https://docs.inecelectionresults.net/elections_prod/1292/state/1/lga/3869/ward/26252/pu/119625/119625-1677514038.pdf,2023-02-27T16:08:00.700Z,false,https://raw.githubusercontent.com/mykeels/inec-presidential-elections-2023/master/results/37-zamfara\3869-gusau\26252-magami\polling-units.json
ZAMFARA,GUSAU,MAGAMI,KOFAR MAGAMI / GARKAR MAI UNG.,36/07/04/009,,,false,https://raw.githubusercontent.com/mykeels/inec-presidential-elections-2023/master/results/37-zamfara\3869-gusau\26252-magami\polling-units.json
ZAMFARA,GUSAU,MAGAMI,KUNKELAI SOUTH / GARKAR MAI GARI,36/07/04/027,,,false,https://raw.githubusercontent.com/mykeels/inec-presidential-elections-2023/master/results/37-zamfara\3869-gusau\26252-magami\polling-units.json
ZAMFARA,GUSAU,MAGAMI,MADABA: PRIMARY SCHOOL MADABA,36/07/04/019,,,false,https://raw.githubusercontent.com/mykeels/inec-presidential-elections-2023/master/results/37-zamfara\3869-gusau\26252-magami\polling-units.json
ZAMFARA,GUSAU,MAGAMI,MAI AYA-AYA / GARKAR MAI UNGUWA,36/07/04/024,,,false,https://raw.githubusercontent.com/mykeels/inec-presidential-elections-2023/master/results/37-zamfara\3869-gusau\26252-magami\polling-units.json
ZAMFARA,GUSAU,MAGAMI,MAI GAMI / GARKAR GARBA,36/07/04/005,,,false,https://raw.githubusercontent.com/mykeels/inec-presidential-elections-2023/master/results/37-zamfara\3869-gusau\26252-magami\polling-units.json
ZAMFARA,GUSAU,MAGAMI,MAI TOSHSHI / GARKAR MAI UNGUWA,36/07/04/025,,,false,https://raw.githubusercontent.com/mykeels/inec-presidential-elections-2023/master/results/37-zamfara\3869-gusau\26252-magami\polling-units.json
ZAMFARA,GUSAU,MAGAMI,NASARAWA I / PRIMARY SCHOOL,36/07/04/011,,,false,https://raw.githubusercontent.com/mykeels/inec-presidential-elections-2023/master/results/37-zamfara\3869-gusau\26252-magami\polling-units.json
ZAMFARA,GUSAU,MAGAMI,NASARAWA II  / GARKAR MAI UNGUWA,36/07/04/012,,,false,https://raw.githubusercontent.com/mykeels/inec-presidential-elections-2023/master/results/37-zamfara\3869-gusau\26252-magami\polling-units.json
ZAMFARA,GUSAU,MAGAMI,SABON GARI I / OLD MARKET,36/07/04/001,,,false,https://raw.githubusercontent.com/mykeels/inec-presidential-elections-2023/master/results/37-zamfara\3869-gusau\26252-magami\polling-units.json
ZAMFARA,GUSAU,MAGAMI,SABON GARI II / VET HOSPITAL,36/07/04/002,,,false,https://raw.githubusercontent.com/mykeels/inec-presidential-elections-2023/master/results/37-zamfara\3869-gusau\26252-magami\polling-units.json
ZAMFARA,GUSAU,MAGAMI,SABON GIDA / GARKAN MAI UNGUWA,36/07/04/023,https://docs.inecelectionresults.net/elections_prod/1292/state/1/lga/3869/ward/26252/pu/119619/119619-1677513992.pdf,2023-02-27T16:07:01.369Z,false,https://raw.githubusercontent.com/mykeels/inec-presidential-elections-2023/master/results/37-zamfara\3869-gusau\26252-magami\polling-units.json
ZAMFARA,GUSAU,MAGAMI,TASHAR KAFINTA / J.S.S. MAGAMI,36/07/04/008,https://docs.inecelectionresults.net/elections_prod/1292/state/1/lga/3869/ward/26252/pu/119604/119604-1677518386.pdf,2023-02-27T17:20:00.889Z,false,https://raw.githubusercontent.com/mykeels/inec-presidential-elections-2023/master/results/37-zamfara\3869-gusau\26252-magami\polling-units.json
ZAMFARA,GUSAU,MAGAMI,TUDUN WADA I / GARKAR BALA MASINJA`,36/07/04/006,https://docs.inecelectionresults.net/elections_prod/1292/state/1/lga/3869/ward/26252/pu/119602/119602-1677493076.pdf,2023-02-27T10:18:59.941Z,false,https://raw.githubusercontent.com/mykeels/inec-presidential-elections-2023/master/results/37-zamfara\3869-gusau\26252-magami\polling-units.json
ZAMFARA,GUSAU,MAGAMI,TUDUN WADA II / PRIMARY SCHOOL,36/07/04/007,https://docs.inecelectionresults.net/elections_prod/1292/state/1/lga/3869/ward/26252/pu/119603/119603-1677499061.pdf,2023-02-27T11:58:00.610Z,false,https://raw.githubusercontent.com/mykeels/inec-presidential-elections-2023/master/results/37-zamfara\3869-gusau\26252-magami\polling-units.json
ZAMFARA,GUSAU,MAGAMI,TUDUN WADA III/PRI. SCH.,36/07/04/031,,,false,https://raw.githubusercontent.com/mykeels/inec-presidential-elections-2023/master/results/37-zamfara\3869-gusau\26252-magami\polling-units.json
ZAMFARA,GUSAU,MAGAMI,UNG. TANKO / ISLAMIC SCH.,36/07/04/004,https://docs.inecelectionresults.net/elections_prod/1292/state/01/lga/07/ward/04/pu/004/004-1677411959.pdf,2023-02-26T11:47:02.013Z,false,https://raw.githubusercontent.com/mykeels/inec-presidential-elections-2023/master/results/37-zamfara\3869-gusau\26252-magami\polling-units.json
ZAMFARA,GUSAU,MAGAMI,UNGUWA DAWAKI / GARKAR MAI UNGUWA,36/07/04/015,,,false,https://raw.githubusercontent.com/mykeels/inec-presidential-elections-2023/master/results/37-zamfara\3869-gusau\26252-magami\polling-units.json
ZAMFARA,GUSAU,MAGAMI,YAR DOKA / GARKAR MAI UNGUWA,36/07/04/030,https://docs.inecelectionresults.net/elections_prod/1292/state/1/lga/3869/ward/26252/pu/119626/119626-1677517062.pdf,2023-02-27T17:13:37.139Z,false,https://raw.githubusercontent.com/mykeels/inec-presidential-elections-2023/master/results/37-zamfara\3869-gusau\26252-magami\polling-units.json
ZAMFARA,GUSAU,MAGAMI,ZONAL / GARKAR MAI UNG.,36/07/04/010,,,false,https://raw.githubusercontent.com/mykeels/inec-presidential-elections-2023/master/results/37-zamfara\3869-gusau\26252-magami\polling-units.json
ZAMFARA,GUSAU,MAYANA,ABACHI MAI GORO/GARKAR ABACHA MAI GORO,36/07/05/013,,,false,https://raw.githubusercontent.com/mykeels/inec-presidential-elections-2023/master/results/37-zamfara\3869-gusau\26253-mayana\polling-units.json
ZAMFARA,GUSAU,MAYANA,AISHA MAI RARIYA /   GARKAR AISHA,36/07/05/007,https://docs.inecelectionresults.net/elections_prod/1292/state/01/lga/07/ward/05/pu/007/007-1677360802.pdf,2023-02-25T21:34:01.741Z,false,https://raw.githubusercontent.com/mykeels/inec-presidential-elections-2023/master/results/37-zamfara\3869-gusau\26253-mayana\polling-units.json
ZAMFARA,GUSAU,MAYANA,BOLAR ZARA II/ BIRNIN RUWA PRI. SCH.,36/07/05/053,https://docs.inecelectionresults.net/elections_prod/1292/state/01/lga/07/ward/05/pu/053/053-1677393495.pdf,2023-02-26T06:58:44.156Z,false,https://raw.githubusercontent.com/mykeels/inec-presidential-elections-2023/master/results/37-zamfara\3869-gusau\26253-mayana\polling-units.json
ZAMFARA,GUSAU,MAYANA,BOLAR ZARA III/ BIRNIN RUWA PRI. SCH.,36/07/05/054,,,false,https://raw.githubusercontent.com/mykeels/inec-presidential-elections-2023/master/results/37-zamfara\3869-gusau\26253-mayana\polling-units.json
ZAMFARA,GUSAU,MAYANA,CHEDIYA UKKU/FILIN CHEDIYA UKU,36/07/05/030,,,false,https://raw.githubusercontent.com/mykeels/inec-presidential-elections-2023/master/results/37-zamfara\3869-gusau\26253-mayana\polling-units.json
ZAMFARA,GUSAU,MAYANA,D/DABINO II/B/RUWA PRI. SCHOOL,36/07/05/050,,,false,https://raw.githubusercontent.com/mykeels/inec-presidential-elections-2023/master/results/37-zamfara\3869-gusau\26253-mayana\polling-units.json
ZAMFARA,GUSAU,MAYANA,D/DURUMI/ UNG KADE II/ SARKIN KATSINA PRI. SCH.,36/07/05/080,,,false,https://raw.githubusercontent.com/mykeels/inec-presidential-elections-2023/master/results/37-zamfara\3869-gusau\26253-mayana\polling-units.json
ZAMFARA,GUSAU,MAYANA,D/TSAFI II/ B/RUWA PRI. SCH. II,36/07/05/051,,,false,https://raw.githubusercontent.com/mykeels/inec-presidential-elections-2023/master/results/37-zamfara\3869-gusau\26253-mayana\polling-units.json
ZAMFARA,GUSAU,MAYANA,D/TSAFI III/B/RUWA PRI. SCH.,36/07/05/052,,,false,https://raw.githubusercontent.com/mykeels/inec-presidential-elections-2023/master/results/37-zamfara\3869-gusau\26253-mayana\polling-units.json
ZAMFARA,GUSAU,MAYANA,DAN DAURA/FILI DAN DAURA,36/07/05/015,,,false,https://raw.githubusercontent.com/mykeels/inec-presidential-elections-2023/master/results/37-zamfara\3869-gusau\26253-mayana\polling-units.json
ZAMFARA,GUSAU,MAYANA,DAN DURUMI/UNGUWAR  KADE,36/07/05/039,https://docs.inecelectionresults.net/elections_prod/1292/state/01/lga/07/ward/05/pu/039/039-1677423669.pdf,2023-02-26T15:22:33.060Z,false,https://raw.githubusercontent.com/mykeels/inec-presidential-elections-2023/master/results/37-zamfara\3869-gusau\26253-mayana\polling-units.json
ZAMFARA,GUSAU,MAYANA,DAN FILI /G. DANGANA II,36/07/05/068,,,false,https://raw.githubusercontent.com/mykeels/inec-presidential-elections-2023/master/results/37-zamfara\3869-gusau\26253-mayana\polling-units.json
ZAMFARA,GUSAU,MAYANA,DAN FILI /HARUNA JADA II,36/07/05/059,https://docs.inecelectionresults.net/elections_prod/1292/state/01/lga/07/ward/05/pu/059/059-1677396422.pdf,2023-02-26T07:28:01.957Z,false,https://raw.githubusercontent.com/mykeels/inec-presidential-elections-2023/master/results/37-zamfara\3869-gusau\26253-mayana\polling-units.json
ZAMFARA,GUSAU,MAYANA,DAN FILI /INSHA MAI RARIYA II,36/07/05/055,,,false,https://raw.githubusercontent.com/mykeels/inec-presidential-elections-2023/master/results/37-zamfara\3869-gusau\26253-mayana\polling-units.json
ZAMFARA,GUSAU,MAYANA,DAN FILI /ISAH JIBIYA II,36/07/05/062,,,false,https://raw.githubusercontent.com/mykeels/inec-presidential-elections-2023/master/results/37-zamfara\3869-gusau\26253-mayana\polling-units.json
ZAMFARA,GUSAU,MAYANA,DAN FILI /ISAH JIBIYA III,36/07/05/063,,,false,https://raw.githubusercontent.com/mykeels/inec-presidential-elections-2023/master/results/37-zamfara\3869-gusau\26253-mayana\polling-units.json
ZAMFARA,GUSAU,MAYANA,DAN FILI /YARO YAR GADA II,36/07/05/061,,,false,https://raw.githubusercontent.com/mykeels/inec-presidential-elections-2023/master/results/37-zamfara\3869-gusau\26253-mayana\polling-units.json
ZAMFARA,GUSAU,MAYANA,DAN FILI/ CHEDIYA UKKU  II,36/07/05/070,,,false,https://raw.githubusercontent.com/mykeels/inec-presidential-elections-2023/master/results/37-zamfara\3869-gusau\26253-mayana\polling-units.json
ZAMFARA,GUSAU,MAYANA,DAN FILI/D. GALADIMAN WAZIRI II,36/07/05/069,,,false,https://raw.githubusercontent.com/mykeels/inec-presidential-elections-2023/master/results/37-zamfara\3869-gusau\26253-mayana\polling-units.json
ZAMFARA,GUSAU,MAYANA,DAN FILI/FILIN GUNZA/G. MAI WUYA II,36/07/05/086,,,false,https://raw.githubusercontent.com/mykeels/inec-presidential-elections-2023/master/results/37-zamfara\3869-gusau\26253-mayana\polling-units.json
ZAMFARA,GUSAU,MAYANA,DAN FILI/FILIN GUNZA/G. MAI WUYA III,36/07/05/087,,,false,https://raw.githubusercontent.com/mykeels/inec-presidential-elections-2023/master/results/37-zamfara\3869-gusau\26253-mayana\polling-units.json
ZAMFARA,GUSAU,MAYANA,DAN FILI/G. MAI SHANU II,36/07/05/047,,,false,https://raw.githubusercontent.com/mykeels/inec-presidential-elections-2023/master/results/37-zamfara\3869-gusau\26253-mayana\polling-units.json
ZAMFARA,GUSAU,MAYANA,DAN FILI/SHUGABA ALMU II,36/07/05/064,,,false,https://raw.githubusercontent.com/mykeels/inec-presidential-elections-2023/master/results/37-zamfara\3869-gusau\26253-mayana\polling-units.json
ZAMFARA,GUSAU,MAYANA,DAN GALADIMA WAZIRI/GARKAR DAN G. WAZIRI,36/07/05/029,,,false,https://raw.githubusercontent.com/mykeels/inec-presidential-elections-2023/master/results/37-zamfara\3869-gusau\26253-mayana\polling-units.json
ZAMFARA,GUSAU,MAYANA,DAN HILI /FILIN GUNZA III,36/07/05/075,https://docs.inecelectionresults.net/elections_prod/1292/state/01/lga/07/ward/05/pu/075/075-1677425108.pdf,2023-02-26T15:26:00.903Z,false,https://raw.githubusercontent.com/mykeels/inec-presidential-elections-2023/master/results/37-zamfara\3869-gusau\26253-mayana\polling-units.json
ZAMFARA,GUSAU,MAYANA,DAN HILI /ZAWIYYA III,36/07/05/072,,,false,https://raw.githubusercontent.com/mykeels/inec-presidential-elections-2023/master/results/37-zamfara\3869-gusau\26253-mayana\polling-units.json
ZAMFARA,GUSAU,MAYANA,DAN HILI /ZAWIYYA IV,36/07/05/073,https://docs.inecelectionresults.net/elections_prod/1292/state/01/lga/07/ward/05/pu/073/073-1677409116.pdf,2023-02-26T10:59:02.459Z,false,https://raw.githubusercontent.com/mykeels/inec-presidential-elections-2023/master/results/37-zamfara\3869-gusau\26253-mayana\polling-units.json
ZAMFARA,GUSAU,MAYANA,DAN HILI/FILIN GUNZA  II,36/07/05/074,,,false,https://raw.githubusercontent.com/mykeels/inec-presidential-elections-2023/master/results/37-zamfara\3869-gusau\26253-mayana\polling-units.json
ZAMFARA,GUSAU,MAYANA,DAN HILI/TAKACHAME II,36/07/05/071,https://docs.inecelectionresults.net/elections_prod/1292/state/1/lga/3869/ward/26253/pu/178036/178036-1677564849.pdf,2023-02-28T09:20:14.239Z,true,https://raw.githubusercontent.com/mykeels/inec-presidential-elections-2023/master/results/37-zamfara\3869-gusau\26253-mayana\polling-units.json
ZAMFARA,GUSAU,MAYANA,DAN KOMOTSO I/GARKAR DAN KOMOTSO,36/07/05/021,,,false,https://raw.githubusercontent.com/mykeels/inec-presidential-elections-2023/master/results/37-zamfara\3869-gusau\26253-mayana\polling-units.json
ZAMFARA,GUSAU,MAYANA,DAN KOMOTSO II/ BIRNIN RUWA PRIMARY SCH,36/07/05/065,https://docs.inecelectionresults.net/elections_prod/1292/state/1/lga/3869/ward/26253/pu/178030/178030-1677672189.pdf,2023-03-01T12:04:00.146Z,false,https://raw.githubusercontent.com/mykeels/inec-presidential-elections-2023/master/results/37-zamfara\3869-gusau\26253-mayana\polling-units.json
ZAMFARA,GUSAU,MAYANA,DOGON DABINO / SHIYAR D/DABINO,36/07/05/004,https://docs.inecelectionresults.net/elections_prod/1292/state/01/lga/07/ward/05/pu/004/004-1677372117.pdf,2023-02-26T00:42:04.081Z,false,https://raw.githubusercontent.com/mykeels/inec-presidential-elections-2023/master/results/37-zamfara\3869-gusau\26253-mayana\polling-units.json
ZAMFARA,GUSAU,MAYANA,DURUMIN SAA II/ SHAGARI CLINIC II,36/07/05/066,,,false,https://raw.githubusercontent.com/mykeels/inec-presidential-elections-2023/master/results/37-zamfara\3869-gusau\26253-mayana\polling-units.json
ZAMFARA,GUSAU,MAYANA,DURUMIN SAA III/ SHAGARI CLINIC,36/07/05/067,,,false,https://raw.githubusercontent.com/mykeels/inec-presidential-elections-2023/master/results/37-zamfara\3869-gusau\26253-mayana\polling-units.json
ZAMFARA,GUSAU,MAYANA,DUTSIN TSAFI/SHIYAR DUTSIN TSAFI,36/07/05/005,,,false,https://raw.githubusercontent.com/mykeels/inec-presidential-elections-2023/master/results/37-zamfara\3869-gusau\26253-mayana\polling-units.json
ZAMFARA,GUSAU,MAYANA,FAMFON MAGAJI TAULA,36/07/05/049,,,false,https://raw.githubusercontent.com/mykeels/inec-presidential-elections-2023/master/results/37-zamfara\3869-gusau\26253-mayana\polling-units.json
ZAMFARA,GUSAU,MAYANA,FILIN GARI II/ DAN HILI /HONHON MAI SHANU,36/07/05/082,,,false,https://raw.githubusercontent.com/mykeels/inec-presidential-elections-2023/master/results/37-zamfara\3869-gusau\26253-mayana\polling-units.json
ZAMFARA,GUSAU,MAYANA,FILIN GUNZA I/ TASHAR ZAWARAWA,36/07/05/033,,,false,https://raw.githubusercontent.com/mykeels/inec-presidential-elections-2023/master/results/37-zamfara\3869-gusau\26253-mayana\polling-units.json
ZAMFARA,GUSAU,MAYANA,FILLIN GUNZA II/GARKAR MAI-WUYA,36/07/05/046,,,false,https://raw.githubusercontent.com/mykeels/inec-presidential-elections-2023/master/results/37-zamfara\3869-gusau\26253-mayana\polling-units.json
ZAMFARA,GUSAU,MAYANA,G/DAN GANA II/ SARKIN KATSINA PRI. SCH.,36/07/05/083,,,false,https://raw.githubusercontent.com/mykeels/inec-presidential-elections-2023/master/results/37-zamfara\3869-gusau\26253-mayana\polling-units.json
ZAMFARA,GUSAU,MAYANA,G/MAI UNGUWA II/ YAMUTSAWA DAN BEDI,36/07/05/084,,,false,https://raw.githubusercontent.com/mykeels/inec-presidential-elections-2023/master/results/37-zamfara\3869-gusau\26253-mayana\polling-units.json
ZAMFARA,GUSAU,MAYANA,G/MAIGARIN BAUCHI II/ B/RUWA SEC. SCH,36/07/05/058,,,false,https://raw.githubusercontent.com/mykeels/inec-presidential-elections-2023/master/results/37-zamfara\3869-gusau\26253-mayana\polling-units.json
ZAMFARA,GUSAU,MAYANA,G/MALAN YAHAYA II/ B/RUWA SEC. SCH,36/07/05/056,https://docs.inecelectionresults.net/elections_prod/1292/state/01/lga/07/ward/05/pu/056/056-1677425257.pdf,2023-02-26T15:28:02.399Z,false,https://raw.githubusercontent.com/mykeels/inec-presidential-elections-2023/master/results/37-zamfara\3869-gusau\26253-mayana\polling-units.json
ZAMFARA,GUSAU,MAYANA,G/SAMANJA HASSAN II/ B/RUWA SEC. SCH,36/07/05/057,,,false,https://raw.githubusercontent.com/mykeels/inec-presidential-elections-2023/master/results/37-zamfara\3869-gusau\26253-mayana\polling-units.json
ZAMFARA,GUSAU,MAYANA,GIDAN DAN GANA/GARKAR DAN GANA,36/07/05/024,,,false,https://raw.githubusercontent.com/mykeels/inec-presidential-elections-2023/master/results/37-zamfara\3869-gusau\26253-mayana\polling-units.json
ZAMFARA,GUSAU,MAYANA,GIDAN DAN KADO/GARKAR MAI UNGUWA,36/07/05/028,,,false,https://raw.githubusercontent.com/mykeels/inec-presidential-elections-2023/master/results/37-zamfara\3869-gusau\26253-mayana\polling-units.json
ZAMFARA,GUSAU,MAYANA,GIDAN MAI DAWA/ADULT EDUC. OFFICE,36/07/05/027,,,false,https://raw.githubusercontent.com/mykeels/inec-presidential-elections-2023/master/results/37-zamfara\3869-gusau\26253-mayana\polling-units.json
ZAMFARA,GUSAU,MAYANA,GIDAN MAI UNGUWA / GARKAR MAI UNGUWA,36/07/05/044,,,false,https://raw.githubusercontent.com/mykeels/inec-presidential-elections-2023/master/results/37-zamfara\3869-gusau\26253-mayana\polling-units.json
ZAMFARA,GUSAU,MAYANA,GIDAN MAISHANU I / GARKAR MAI SHANU,36/07/05/001,https://docs.inecelectionresults.net/elections_prod/1292/state/1/lga/3869/ward/26253/pu/119627/119627-1677531937.pdf,2023-02-27T21:06:00.580Z,false,https://raw.githubusercontent.com/mykeels/inec-presidential-elections-2023/master/results/37-zamfara\3869-gusau\26253-mayana\polling-units.json
ZAMFARA,GUSAU,MAYANA,GIDAN MALLAM YAHAYA/GARKAR M. YAHAYA,36/07/05/009,,,false,https://raw.githubusercontent.com/mykeels/inec-presidential-elections-2023/master/results/37-zamfara\3869-gusau\26253-mayana\polling-units.json
ZAMFARA,GUSAU,MAYANA,HAJIYA MAIMUNA/GARKAR H. MAIMUNA,36/07/05/010,,,false,https://raw.githubusercontent.com/mykeels/inec-presidential-elections-2023/master/results/37-zamfara\3869-gusau\26253-mayana\polling-units.json
ZAMFARA,GUSAU,MAYANA,HANNAT CLINIC OFFICE II/ KOFAR MANI CLINIC,36/07/05/081,,,false,https://raw.githubusercontent.com/mykeels/inec-presidential-elections-2023/master/results/37-zamfara\3869-gusau\26253-mayana\polling-units.json
ZAMFARA,GUSAU,MAYANA,HANNAT CLINIC/HANNAT CLINIC  OFFICE,36/07/05/040,,,false,https://raw.githubusercontent.com/mykeels/inec-presidential-elections-2023/master/results/37-zamfara\3869-gusau\26253-mayana\polling-units.json
ZAMFARA,GUSAU,MAYANA,HANYA BAJINI / GARKAR BUGAJE,36/07/05/038,https://docs.inecelectionresults.net/elections_prod/1292/state/1/lga/3869/ward/26253/pu/119664/119664-1677626009.pdf,2023-03-01T05:28:15.933Z,true,https://raw.githubusercontent.com/mykeels/inec-presidential-elections-2023/master/results/37-zamfara\3869-gusau\26253-mayana\polling-units.json
ZAMFARA,GUSAU,MAYANA,HARUNA JADA / BIRIN RUWA,36/07/05/016,https://docs.inecelectionresults.net/elections_prod/1292/state/01/lga/07/ward/05/pu/016/016-1677362488.pdf,2023-02-25T22:02:01.157Z,false,https://raw.githubusercontent.com/mykeels/inec-presidential-elections-2023/master/results/37-zamfara\3869-gusau\26253-mayana\polling-units.json
ZAMFARA,GUSAU,MAYANA,HEALTH CLINIC / DURUMI SA'A,36/07/05/022,,,false,https://raw.githubusercontent.com/mykeels/inec-presidential-elections-2023/master/results/37-zamfara\3869-gusau\26253-mayana\polling-units.json
ZAMFARA,GUSAU,MAYANA,HILIN DAN KAMASHO/GARKAR DAN KAMISHO,36/07/05/017,https://docs.inecelectionresults.net/elections_prod/1292/state/01/lga/07/ward/05/pu/017/017-1677407793.pdf,2023-02-26T10:38:03.179Z,false,https://raw.githubusercontent.com/mykeels/inec-presidential-elections-2023/master/results/37-zamfara\3869-gusau\26253-mayana\polling-units.json
ZAMFARA,GUSAU,MAYANA,HILIN DAN KAMISHO II,36/07/05/060,,,false,https://raw.githubusercontent.com/mykeels/inec-presidential-elections-2023/master/results/37-zamfara\3869-gusau\26253-mayana\polling-units.json
ZAMFARA,GUSAU,MAYANA,HONHON MAISHANU / FILLIN GARI,36/07/05/042,,,false,https://raw.githubusercontent.com/mykeels/inec-presidential-elections-2023/master/results/37-zamfara\3869-gusau\26253-mayana\polling-units.json
ZAMFARA,GUSAU,MAYANA,ISAH JIBIYA/GARKAR ISAH JIBIYA,36/07/05/019,,,false,https://raw.githubusercontent.com/mykeels/inec-presidential-elections-2023/master/results/37-zamfara\3869-gusau\26253-mayana\polling-units.json
ZAMFARA,GUSAU,MAYANA,KASHARUWA/KASHARUWA PRI.SCH.,36/07/05/026,,,false,https://raw.githubusercontent.com/mykeels/inec-presidential-elections-2023/master/results/37-zamfara\3869-gusau\26253-mayana\polling-units.json
ZAMFARA,GUSAU,MAYANA,KOLO/GARKAR KOLO,36/07/05/041,,,false,https://raw.githubusercontent.com/mykeels/inec-presidential-elections-2023/master/results/37-zamfara\3869-gusau\26253-mayana\polling-units.json
ZAMFARA,GUSAU,MAYANA,KUKA MAI SHEKA/SHIYAR KUKA MAI SHEKA,36/07/05/023,,,false,https://raw.githubusercontent.com/mykeels/inec-presidential-elections-2023/master/results/37-zamfara\3869-gusau\26253-mayana\polling-units.json
ZAMFARA,GUSAU,MAYANA,KUKA MAI ZUMA / BEDI YAR KUKA,36/07/05/008,,,false,https://raw.githubusercontent.com/mykeels/inec-presidential-elections-2023/master/results/37-zamfara\3869-gusau\26253-mayana\polling-units.json
ZAMFARA,GUSAU,MAYANA,MAHAUKACIN GIDA / DANBEDIN M/GIDA,36/07/05/002,,,false,https://raw.githubusercontent.com/mykeels/inec-presidential-elections-2023/master/results/37-zamfara\3869-gusau\26253-mayana\polling-units.json
ZAMFARA,GUSAU,MAYANA,MAHAUKACIN GIDA II/ DAN BEDI,36/07/05/048,,,false,https://raw.githubusercontent.com/mykeels/inec-presidential-elections-2023/master/results/37-zamfara\3869-gusau\26253-mayana\polling-units.json
ZAMFARA,GUSAU,MAYANA,MAI GARIN BAUCHI/GARKAR MAI GARIN BAUCHI,36/07/05/014,https://docs.inecelectionresults.net/elections_prod/1292/state/01/lga/07/ward/05/pu/014/014-1677423305.pdf,2023-02-26T15:22:19.543Z,false,https://raw.githubusercontent.com/mykeels/inec-presidential-elections-2023/master/results/37-zamfara\3869-gusau\26253-mayana\polling-units.json
ZAMFARA,GUSAU,MAYANA,MARINA DAN KWAIDO II/ SARKIN KATSINA PRI. SCH. II,36/07/05/076,,,false,https://raw.githubusercontent.com/mykeels/inec-presidential-elections-2023/master/results/37-zamfara\3869-gusau\26253-mayana\polling-units.json
ZAMFARA,GUSAU,MAYANA,MARINAR DAN KWAIDO/GARKAR DAN KWAIDO,36/07/05/034,https://docs.inecelectionresults.net/elections_prod/1292/state/01/lga/07/ward/05/pu/034/034-1677366502.pdf,2023-02-25T23:09:01.256Z,false,https://raw.githubusercontent.com/mykeels/inec-presidential-elections-2023/master/results/37-zamfara\3869-gusau\26253-mayana\polling-units.json
ZAMFARA,GUSAU,MAYANA,MARNA C/GARI II/ KOFAR MANI CLINIC,36/07/05/079,,,false,https://raw.githubusercontent.com/mykeels/inec-presidential-elections-2023/master/results/37-zamfara\3869-gusau\26253-mayana\polling-units.json
ZAMFARA,GUSAU,MAYANA,MARNA/MARNA C/GARI,36/07/05/037,,,false,https://raw.githubusercontent.com/mykeels/inec-presidential-elections-2023/master/results/37-zamfara\3869-gusau\26253-mayana\polling-units.json
ZAMFARA,GUSAU,MAYANA,MAYANA I/OFISHIN MAYANA,36/07/05/036,https://docs.inecelectionresults.net/elections_prod/1292/state/1/lga/3869/ward/26253/pu/119662/119662-1677625376.pdf,2023-03-01T05:28:11.721Z,true,https://raw.githubusercontent.com/mykeels/inec-presidential-elections-2023/master/results/37-zamfara\3869-gusau\26253-mayana\polling-units.json
ZAMFARA,GUSAU,MAYANA,MAYANA OFFICE II / GARKAR DAN GANA,36/07/05/043,,,false,https://raw.githubusercontent.com/mykeels/inec-presidential-elections-2023/master/results/37-zamfara\3869-gusau\26253-mayana\polling-units.json
ZAMFARA,GUSAU,MAYANA,OFISHIN MAYANA III/ MAYANA /PRIMARY SCH.,36/07/05/078,,,false,https://raw.githubusercontent.com/mykeels/inec-presidential-elections-2023/master/results/37-zamfara\3869-gusau\26253-mayana\polling-units.json
ZAMFARA,GUSAU,MAYANA,SAMANJA HASSAN/GARKAR S. HASSAN,36/07/05/011,,,false,https://raw.githubusercontent.com/mykeels/inec-presidential-elections-2023/master/results/37-zamfara\3869-gusau\26253-mayana\polling-units.json
ZAMFARA,GUSAU,MAYANA,SHAGARI CLINIC I/SHAGARI CLINIC OFFICE,36/07/05/035,,,false,https://raw.githubusercontent.com/mykeels/inec-presidential-elections-2023/master/results/37-zamfara\3869-gusau\26253-mayana\polling-units.json
ZAMFARA,GUSAU,MAYANA,SHAGARI CLINIC OFFICE II/SHAGARI CLINIC,36/07/05/077,,,false,https://raw.githubusercontent.com/mykeels/inec-presidential-elections-2023/master/results/37-zamfara\3869-gusau\26253-mayana\polling-units.json
ZAMFARA,GUSAU,MAYANA,SHARU ALBELA/GARKAR SHARU ALBELA,36/07/05/012,,,false,https://raw.githubusercontent.com/mykeels/inec-presidential-elections-2023/master/results/37-zamfara\3869-gusau\26253-mayana\polling-units.json
ZAMFARA,GUSAU,MAYANA,SHUGABA ALMU/GARKAR SHUGABA ALMU,36/07/05/020,,,false,https://raw.githubusercontent.com/mykeels/inec-presidential-elections-2023/master/results/37-zamfara\3869-gusau\26253-mayana\polling-units.json
ZAMFARA,GUSAU,MAYANA,TAKACHAME/GARKAR A. KAFINTA,36/07/05/031,https://docs.inecelectionresults.net/elections_prod/1292/state/1/lga/3869/ward/26253/pu/119657/119657-1677564547.pdf,2023-02-28T09:20:13.191Z,true,https://raw.githubusercontent.com/mykeels/inec-presidential-elections-2023/master/results/37-zamfara\3869-gusau\26253-mayana\polling-units.json
ZAMFARA,GUSAU,MAYANA,"U.M. BOOKSHOP / BAKIN \ROUND ABOUT\""""",36/07/05/003,,,false,https://raw.githubusercontent.com/mykeels/inec-presidential-elections-2023/master/results/37-zamfara\3869-gusau\26253-mayana\polling-units.json
ZAMFARA,GUSAU,MAYANA,UNGUWA MAIGORO/UNGUWA MAIGORO,36/07/05/025,,,false,https://raw.githubusercontent.com/mykeels/inec-presidential-elections-2023/master/results/37-zamfara\3869-gusau\26253-mayana\polling-units.json
ZAMFARA,GUSAU,MAYANA,YAR BOLA ZARA / SHIYAR YAR BOLA ZARA,36/07/05/006,,,false,https://raw.githubusercontent.com/mykeels/inec-presidential-elections-2023/master/results/37-zamfara\3869-gusau\26253-mayana\polling-units.json
ZAMFARA,GUSAU,MAYANA,YARO YAR GADA/GARKAR Y. Y. GADA,36/07/05/018,https://docs.inecelectionresults.net/elections_prod/1292/state/01/lga/07/ward/05/pu/018/018-1677408067.pdf,2023-02-26T10:42:01.581Z,false,https://raw.githubusercontent.com/mykeels/inec-presidential-elections-2023/master/results/37-zamfara\3869-gusau\26253-mayana\polling-units.json
ZAMFARA,GUSAU,MAYANA,ZAWIYYA I /BAKIN GULBIZAWIYYA,36/07/05/032,,,false,https://raw.githubusercontent.com/mykeels/inec-presidential-elections-2023/master/results/37-zamfara\3869-gusau\26253-mayana\polling-units.json
ZAMFARA,GUSAU,MAYANA,ZAWIYYA II /B/GULBI ZAWIYYA,36/07/05/045,,,false,https://raw.githubusercontent.com/mykeels/inec-presidential-elections-2023/master/results/37-zamfara\3869-gusau\26253-mayana\polling-units.json
ZAMFARA,GUSAU,MAYANA,ZAWIYYA V/ DAN HILI,36/07/05/085,,,false,https://raw.githubusercontent.com/mykeels/inec-presidential-elections-2023/master/results/37-zamfara\3869-gusau\26253-mayana\polling-units.json
ZAMFARA,GUSAU,RIJIYA,ADARAWA GARKAR MAI GARI,36/07/06/020,https://docs.inecelectionresults.net/elections_prod/1292/state/1/lga/3869/ward/26254/pu/119692/119692-1677592720.pdf,2023-02-28T14:13:14.492Z,true,https://raw.githubusercontent.com/mykeels/inec-presidential-elections-2023/master/results/37-zamfara\3869-gusau\26254-rijiya\polling-units.json
ZAMFARA,GUSAU,RIJIYA,AGAMA LAFIYA GARKAR MAI UNGUWA,36/07/06/008,https://docs.inecelectionresults.net/elections_prod/1292/state/1/lga/3869/ward/26254/pu/119680/119680-1677594088.pdf,2023-02-28T14:22:02.058Z,true,https://raw.githubusercontent.com/mykeels/inec-presidential-elections-2023/master/results/37-zamfara\3869-gusau\26254-rijiya\polling-units.json
ZAMFARA,GUSAU,RIJIYA,BAGUDA / GARKAR MAI GARI,36/07/06/010,https://docs.inecelectionresults.net/elections_prod/1292/state/1/lga/3869/ward/26254/pu/119682/119682-1677591871.pdf,2023-02-28T13:45:00.809Z,false,https://raw.githubusercontent.com/mykeels/inec-presidential-elections-2023/master/results/37-zamfara\3869-gusau\26254-rijiya\polling-units.json
ZAMFARA,GUSAU,RIJIYA,BAYAWURI / R. KUSA GARKAR MAI GARI,36/07/06/018,https://docs.inecelectionresults.net/elections_prod/1292/state/1/lga/3869/ward/26254/pu/119690/119690-1677591428.pdf,2023-02-28T13:38:01.324Z,true,https://raw.githubusercontent.com/mykeels/inec-presidential-elections-2023/master/results/37-zamfara\3869-gusau\26254-rijiya\polling-units.json
ZAMFARA,GUSAU,RIJIYA,DURU / GARKAR MAI UNGUWA,36/07/06/014,https://docs.inecelectionresults.net/elections_prod/1292/state/1/lga/3869/ward/26254/pu/119686/119686-1677597082.pdf,2023-02-28T15:12:08.174Z,false,https://raw.githubusercontent.com/mykeels/inec-presidential-elections-2023/master/results/37-zamfara\3869-gusau\26254-rijiya\polling-units.json
ZAMFARA,GUSAU,RIJIYA,GALADIMA / ZABI GIDAN MAI UNGUWA,36/07/06/015,https://docs.inecelectionresults.net/elections_prod/1292/state/1/lga/3869/ward/26254/pu/119687/119687-1677594523.pdf,2023-02-28T14:29:01.751Z,false,https://raw.githubusercontent.com/mykeels/inec-presidential-elections-2023/master/results/37-zamfara\3869-gusau\26254-rijiya\polling-units.json
ZAMFARA,GUSAU,RIJIYA,GARWAYE GARKAR MAI GARI,36/07/06/011,https://docs.inecelectionresults.net/elections_prod/1292/state/1/lga/3869/ward/26254/pu/119683/119683-1677604674.pdf,2023-02-28T18:02:02.961Z,true,https://raw.githubusercontent.com/mykeels/inec-presidential-elections-2023/master/results/37-zamfara\3869-gusau\26254-rijiya\polling-units.json
ZAMFARA,GUSAU,RIJIYA,GEBA GABASAWA  / GARKAR / MAI / UNGUWA,36/07/06/017,https://docs.inecelectionresults.net/elections_prod/1292/state/01/lga/07/ward/06/pu/017/017-1677378490.pdf,2023-02-26T02:29:00.856Z,false,https://raw.githubusercontent.com/mykeels/inec-presidential-elections-2023/master/results/37-zamfara\3869-gusau\26254-rijiya\polling-units.json
ZAMFARA,GUSAU,RIJIYA,GEBA GARKAR MAI UNGUWA,36/07/06/013,https://docs.inecelectionresults.net/elections_prod/1292/state/1/lga/3869/ward/26254/pu/119685/119685-1677590891.pdf,2023-02-28T13:29:01.369Z,true,https://raw.githubusercontent.com/mykeels/inec-presidential-elections-2023/master/results/37-zamfara\3869-gusau\26254-rijiya\polling-units.json
ZAMFARA,GUSAU,RIJIYA,GIDAN DOKA GARKAR MAI GARI,36/07/06/019,https://docs.inecelectionresults.net/elections_prod/1292/state/1/lga/3869/ward/26254/pu/119691/119691-1677598656.pdf,2023-02-28T15:38:00.750Z,false,https://raw.githubusercontent.com/mykeels/inec-presidential-elections-2023/master/results/37-zamfara\3869-gusau\26254-rijiya\polling-units.json
ZAMFARA,GUSAU,RIJIYA,GIDAN FAKKAN GARKAR MAI UNGUWA,36/07/06/012,https://docs.inecelectionresults.net/elections_prod/1292/state/1/lga/3869/ward/26254/pu/119684/119684-1677589266.pdf,2023-02-28T13:28:02.904Z,true,https://raw.githubusercontent.com/mykeels/inec-presidential-elections-2023/master/results/37-zamfara\3869-gusau\26254-rijiya\polling-units.json
ZAMFARA,GUSAU,RIJIYA,GIDAN KADA - GARKAR MAI UNGUWA,36/07/06/009,https://docs.inecelectionresults.net/elections_prod/1292/state/01/lga/07/ward/06/pu/009/009-1677390253.pdf,2023-02-26T05:45:02.151Z,false,https://raw.githubusercontent.com/mykeels/inec-presidential-elections-2023/master/results/37-zamfara\3869-gusau\26254-rijiya\polling-units.json
ZAMFARA,GUSAU,RIJIYA,GIDAN KAURA / GARKAR MAI UNGUWA,36/07/06/005,https://docs.inecelectionresults.net/elections_prod/1292/state/1/lga/3869/ward/26254/pu/119677/119677-1677599075.pdf,2023-02-28T15:45:01.098Z,false,https://raw.githubusercontent.com/mykeels/inec-presidential-elections-2023/master/results/37-zamfara\3869-gusau\26254-rijiya\polling-units.json
ZAMFARA,GUSAU,RIJIYA,KAIKACE /  GARKAR MAI UNGUWA,36/07/06/006,https://docs.inecelectionresults.net/elections_prod/1292/state/1/lga/3869/ward/26254/pu/119678/119678-1677599272.pdf,2023-02-28T15:48:01.019Z,false,https://raw.githubusercontent.com/mykeels/inec-presidential-elections-2023/master/results/37-zamfara\3869-gusau\26254-rijiya\polling-units.json
ZAMFARA,GUSAU,RIJIYA,MARADAWA / RIJIYA PRIMARY SCHOOL,36/07/06/003,https://docs.inecelectionresults.net/elections_prod/1292/state/1/lga/3869/ward/26254/pu/119675/119675-1677596198.pdf,2023-02-28T14:57:00.655Z,false,https://raw.githubusercontent.com/mykeels/inec-presidential-elections-2023/master/results/37-zamfara\3869-gusau\26254-rijiya\polling-units.json
ZAMFARA,GUSAU,RIJIYA,MARAKE / GARKAR MAI UNGUWA,36/07/06/007,https://docs.inecelectionresults.net/elections_prod/1292/state/01/lga/07/ward/06/pu/007/007-1677369450.pdf,2023-02-25T23:58:01.191Z,false,https://raw.githubusercontent.com/mykeels/inec-presidential-elections-2023/master/results/37-zamfara\3869-gusau\26254-rijiya\polling-units.json
ZAMFARA,GUSAU,RIJIYA,NGASKI  MAI UNGUWA,36/07/06/016,https://docs.inecelectionresults.net/elections_prod/1292/state/1/lga/3869/ward/26254/pu/119688/119688-1677593348.pdf,2023-02-28T14:13:42.049Z,true,https://raw.githubusercontent.com/mykeels/inec-presidential-elections-2023/master/results/37-zamfara\3869-gusau\26254-rijiya\polling-units.json
ZAMFARA,GUSAU,RIJIYA,RIJIYA I / I KAN WURIN SARKI,36/07/06/001,https://docs.inecelectionresults.net/elections_prod/1292/state/1/lga/3869/ward/26254/pu/119673/119673-1677595633.pdf,2023-02-28T14:48:00.486Z,false,https://raw.githubusercontent.com/mykeels/inec-presidential-elections-2023/master/results/37-zamfara\3869-gusau\26254-rijiya\polling-units.json
ZAMFARA,GUSAU,RIJIYA,RIJIYA II / RIJIYA PRIMARY SCHOOL,36/07/06/002,,,false,https://raw.githubusercontent.com/mykeels/inec-presidential-elections-2023/master/results/37-zamfara\3869-gusau\26254-rijiya\polling-units.json
ZAMFARA,GUSAU,RIJIYA,RIJIYA III/PRI. SCH.,36/07/06/021,https://docs.inecelectionresults.net/elections_prod/1292/state/1/lga/3869/ward/26254/pu/178053/178053-1677598698.pdf,2023-02-28T15:39:00.363Z,false,https://raw.githubusercontent.com/mykeels/inec-presidential-elections-2023/master/results/37-zamfara\3869-gusau\26254-rijiya\polling-units.json
ZAMFARA,GUSAU,RIJIYA,TSUNAMI/ ALMAJIRI SCHOOL,36/07/06/022,https://docs.inecelectionresults.net/elections_prod/1292/state/1/lga/3869/ward/26254/pu/178054/178054-1677595249.pdf,2023-02-28T14:41:00.652Z,false,https://raw.githubusercontent.com/mykeels/inec-presidential-elections-2023/master/results/37-zamfara\3869-gusau\26254-rijiya\polling-units.json
ZAMFARA,GUSAU,RIJIYA,YAN SHAWARA / GARKAR MAI UNGUWA,36/07/06/004,https://docs.inecelectionresults.net/elections_prod/1292/state/1/lga/3869/ward/26254/pu/119676/119676-1677596671.pdf,2023-02-28T15:12:01.516Z,true,https://raw.githubusercontent.com/mykeels/inec-presidential-elections-2023/master/results/37-zamfara\3869-gusau\26254-rijiya\polling-units.json
ZAMFARA,GUSAU,RUWAN BORE,BAWA NA FADA I / GARKAR A/TAGANA,36/07/07/004,https://docs.inecelectionresults.net/elections_prod/1292/state/1/lga/3869/ward/26255/pu/119696/119696-1677499698.pdf,2023-02-27T12:09:01.549Z,false,https://raw.githubusercontent.com/mykeels/inec-presidential-elections-2023/master/results/37-zamfara\3869-gusau\26255-ruwan-bore\polling-units.json
ZAMFARA,GUSAU,RUWAN BORE,BAWA NA FADA II/ KAN WURI SARKI,36/07/07/021,https://docs.inecelectionresults.net/elections_prod/1292/state/1/lga/3869/ward/26255/pu/119713/119713-1677500117.pdf,2023-02-27T12:16:01.168Z,false,https://raw.githubusercontent.com/mykeels/inec-presidential-elections-2023/master/results/37-zamfara\3869-gusau\26255-ruwan-bore\polling-units.json
ZAMFARA,GUSAU,RUWAN BORE,BUTSA / GARKAR MAI UNGUWA,36/07/07/020,https://docs.inecelectionresults.net/elections_prod/1292/state/1/lga/3869/ward/26255/pu/119712/119712-1677495747.pdf,2023-02-27T11:03:01.496Z,false,https://raw.githubusercontent.com/mykeels/inec-presidential-elections-2023/master/results/37-zamfara\3869-gusau\26255-ruwan-bore\polling-units.json
ZAMFARA,GUSAU,RUWAN BORE,DAN BINA  / DISPENARY DAN BINA,36/07/07/018,https://docs.inecelectionresults.net/elections_prod/1292/state/1/lga/3869/ward/26255/pu/119710/119710-1677501391.pdf,2023-02-27T12:37:00.849Z,false,https://raw.githubusercontent.com/mykeels/inec-presidential-elections-2023/master/results/37-zamfara\3869-gusau\26255-ruwan-bore\polling-units.json
ZAMFARA,GUSAU,RUWAN BORE,DAN FILI II/DAN GWARI/MARAKE,36/07/07/027,https://docs.inecelectionresults.net/elections_prod/1292/state/1/lga/3869/ward/26255/pu/178056/178056-1677501155.pdf,2023-02-27T12:33:00.876Z,false,https://raw.githubusercontent.com/mykeels/inec-presidential-elections-2023/master/results/37-zamfara\3869-gusau\26255-ruwan-bore\polling-units.json
ZAMFARA,GUSAU,RUWAN BORE,DAN GWANI   /  PRIMARY SCHOOL,36/07/07/002,,,false,https://raw.githubusercontent.com/mykeels/inec-presidential-elections-2023/master/results/37-zamfara\3869-gusau\26255-ruwan-bore\polling-units.json
ZAMFARA,GUSAU,RUWAN BORE,DAN GWARI / MARAKE,36/07/07/022,https://docs.inecelectionresults.net/elections_prod/1292/state/1/lga/3869/ward/26255/pu/119714/119714-1677499631.pdf,2023-02-27T12:08:01.220Z,false,https://raw.githubusercontent.com/mykeels/inec-presidential-elections-2023/master/results/37-zamfara\3869-gusau\26255-ruwan-bore\polling-units.json
ZAMFARA,GUSAU,RUWAN BORE,GANGARA / GARKAR MAI UNGUWA,36/07/07/016,https://docs.inecelectionresults.net/elections_prod/1292/state/1/lga/3869/ward/26255/pu/119708/119708-1677495008.pdf,2023-02-27T10:51:00.164Z,false,https://raw.githubusercontent.com/mykeels/inec-presidential-elections-2023/master/results/37-zamfara\3869-gusau\26255-ruwan-bore\polling-units.json
ZAMFARA,GUSAU,RUWAN BORE,GIDAN S'NOMA  /  GARKAR MAI UNGUWA,36/07/07/012,https://docs.inecelectionresults.net/elections_prod/1292/state/1/lga/3869/ward/26255/pu/119704/119704-1677498312.pdf,2023-02-27T11:46:01.174Z,false,https://raw.githubusercontent.com/mykeels/inec-presidential-elections-2023/master/results/37-zamfara\3869-gusau\26255-ruwan-bore\polling-units.json
ZAMFARA,GUSAU,RUWAN BORE,GORA WAKE / GARKAR MAI UNGUWA,36/07/07/013,https://docs.inecelectionresults.net/elections_prod/1292/state/1/lga/3869/ward/26255/pu/119705/119705-1677494463.pdf,2023-02-27T10:41:59.843Z,false,https://raw.githubusercontent.com/mykeels/inec-presidential-elections-2023/master/results/37-zamfara\3869-gusau\26255-ruwan-bore\polling-units.json
ZAMFARA,GUSAU,RUWAN BORE,INGWAI / TSOUWA  /  GARKAR MAI UNG.,36/07/07/008,https://docs.inecelectionresults.net/elections_prod/1292/state/1/lga/3869/ward/26255/pu/119700/119700-1677497412.pdf,2023-02-27T11:31:01.296Z,false,https://raw.githubusercontent.com/mykeels/inec-presidential-elections-2023/master/results/37-zamfara\3869-gusau\26255-ruwan-bore\polling-units.json
ZAMFARA,GUSAU,RUWAN BORE,JA'OJI / GARKAR MAI UNGUWA,36/07/07/011,https://docs.inecelectionresults.net/elections_prod/1292/state/1/lga/3869/ward/26255/pu/119703/119703-1677497227.pdf,2023-02-27T11:27:59.906Z,false,https://raw.githubusercontent.com/mykeels/inec-presidential-elections-2023/master/results/37-zamfara\3869-gusau\26255-ruwan-bore\polling-units.json
ZAMFARA,GUSAU,RUWAN BORE,KANTAWA   /  PRIMARY SCHOOL KANTAWA,36/07/07/014,https://docs.inecelectionresults.net/elections_prod/1292/state/1/lga/3869/ward/26255/pu/119706/119706-1677500797.pdf,2023-02-27T12:27:00.732Z,false,https://raw.githubusercontent.com/mykeels/inec-presidential-elections-2023/master/results/37-zamfara\3869-gusau\26255-ruwan-bore\polling-units.json
ZAMFARA,GUSAU,RUWAN BORE,KOSHIYA / GARKAR MAI UNGUWA,36/07/07/019,https://docs.inecelectionresults.net/elections_prod/1292/state/1/lga/3869/ward/26255/pu/119711/119711-1677500209.pdf,2023-02-27T12:17:01.155Z,false,https://raw.githubusercontent.com/mykeels/inec-presidential-elections-2023/master/results/37-zamfara\3869-gusau\26255-ruwan-bore\polling-units.json
ZAMFARA,GUSAU,RUWAN BORE,KUKAR GANDU / DAN HILI,36/07/07/023,https://docs.inecelectionresults.net/elections_prod/1292/state/1/lga/3869/ward/26255/pu/119715/119715-1677500738.pdf,2023-02-27T12:26:01.035Z,false,https://raw.githubusercontent.com/mykeels/inec-presidential-elections-2023/master/results/37-zamfara\3869-gusau\26255-ruwan-bore\polling-units.json
ZAMFARA,GUSAU,RUWAN BORE,KUNDUMAI I / DAN HILI,36/07/07/007,https://docs.inecelectionresults.net/elections_prod/1292/state/01/lga/07/ward/07/pu/007/007-1677428396.pdf,2023-02-26T16:20:01.171Z,false,https://raw.githubusercontent.com/mykeels/inec-presidential-elections-2023/master/results/37-zamfara\3869-gusau\26255-ruwan-bore\polling-units.json
ZAMFARA,GUSAU,RUWAN BORE,KUNDUMAI II /  PRI. SCH. KUNDUMAI,36/07/07/009,https://docs.inecelectionresults.net/elections_prod/1292/state/1/lga/3869/ward/26255/pu/119701/119701-1677497446.pdf,2023-02-27T11:31:00.809Z,false,https://raw.githubusercontent.com/mykeels/inec-presidential-elections-2023/master/results/37-zamfara\3869-gusau\26255-ruwan-bore\polling-units.json
ZAMFARA,GUSAU,RUWAN BORE,LAFIYA / GARKAR MAI UNGUWA,36/07/07/017,https://docs.inecelectionresults.net/elections_prod/1292/state/1/lga/3869/ward/26255/pu/119709/119709-1677495880.pdf,2023-02-27T11:05:00.982Z,false,https://raw.githubusercontent.com/mykeels/inec-presidential-elections-2023/master/results/37-zamfara\3869-gusau\26255-ruwan-bore\polling-units.json
ZAMFARA,GUSAU,RUWAN BORE,LAFIYA D/KAURA / TUDU,36/07/07/024,https://docs.inecelectionresults.net/elections_prod/1292/state/01/lga/07/ward/07/pu/024/024-1677427998.pdf,2023-02-26T16:14:01.143Z,false,https://raw.githubusercontent.com/mykeels/inec-presidential-elections-2023/master/results/37-zamfara\3869-gusau\26255-ruwan-bore\polling-units.json
ZAMFARA,GUSAU,RUWAN BORE,NASARAWA    /  GARKAR MAI UNGUWA,36/07/07/010,,,false,https://raw.githubusercontent.com/mykeels/inec-presidential-elections-2023/master/results/37-zamfara\3869-gusau\26255-ruwan-bore\polling-units.json
ZAMFARA,GUSAU,RUWAN BORE,RUWAN BORE II / ISLAMIYA SCHOOL,36/07/07/025,https://docs.inecelectionresults.net/elections_prod/1292/state/1/lga/3869/ward/26255/pu/119717/119717-1677495700.pdf,2023-02-27T11:02:00.422Z,false,https://raw.githubusercontent.com/mykeels/inec-presidential-elections-2023/master/results/37-zamfara\3869-gusau\26255-ruwan-bore\polling-units.json
ZAMFARA,GUSAU,RUWAN BORE,RUWAN-BORE I / PRIMARY SCHOOL,36/07/07/001,https://docs.inecelectionresults.net/elections_prod/1292/state/1/lga/3869/ward/26255/pu/119693/119693-1677504040.pdf,2023-02-27T13:21:00.757Z,false,https://raw.githubusercontent.com/mykeels/inec-presidential-elections-2023/master/results/37-zamfara\3869-gusau\26255-ruwan-bore\polling-units.json
ZAMFARA,GUSAU,RUWAN BORE,S/MAKERA / BAKIN MASALLACI,36/07/07/005,https://docs.inecelectionresults.net/elections_prod/1292/state/01/lga/07/ward/07/pu/005/005-1677427840.pdf,2023-02-26T16:11:02.238Z,false,https://raw.githubusercontent.com/mykeels/inec-presidential-elections-2023/master/results/37-zamfara\3869-gusau\26255-ruwan-bore\polling-units.json
ZAMFARA,GUSAU,RUWAN BORE,TAKOKA/FANTARU / GARKAR SARKIN NOMA,36/07/07/006,,,false,https://raw.githubusercontent.com/mykeels/inec-presidential-elections-2023/master/results/37-zamfara\3869-gusau\26255-ruwan-bore\polling-units.json
ZAMFARA,GUSAU,RUWAN BORE,TSHUNA /GARKAR MAI KUDI,36/07/07/003,https://docs.inecelectionresults.net/elections_prod/1292/state/01/lga/07/ward/07/pu/003/003-1677428221.pdf,2023-02-26T16:17:59.859Z,false,https://raw.githubusercontent.com/mykeels/inec-presidential-elections-2023/master/results/37-zamfara\3869-gusau\26255-ruwan-bore\polling-units.json
ZAMFARA,GUSAU,RUWAN BORE,TSUNA  II/ TSUNA PRI. SCH.,36/07/07/026,https://docs.inecelectionresults.net/elections_prod/1292/state/1/lga/3869/ward/26255/pu/178055/178055-1677498299.pdf,2023-02-27T11:45:59.960Z,false,https://raw.githubusercontent.com/mykeels/inec-presidential-elections-2023/master/results/37-zamfara\3869-gusau\26255-ruwan-bore\polling-units.json
ZAMFARA,GUSAU,RUWAN BORE,UNGUWA - MAI JATAU / GARKAR MAI UNGUWA,36/07/07/015,https://docs.inecelectionresults.net/elections_prod/1292/state/1/lga/3869/ward/26255/pu/119707/119707-1677498270.pdf,2023-02-27T11:45:00.408Z,false,https://raw.githubusercontent.com/mykeels/inec-presidential-elections-2023/master/results/37-zamfara\3869-gusau\26255-ruwan-bore\polling-units.json
ZAMFARA,GUSAU,SABON GARI,BALA WAIMAN / D/GALADIMA WAZIRI PRI. SCH.,36/07/08/016,https://docs.inecelectionresults.net/elections_prod/1292/state/1/lga/3869/ward/26256/pu/119733/119733-1677477250.pdf,2023-02-27T05:55:00.055Z,false,https://raw.githubusercontent.com/mykeels/inec-presidential-elections-2023/master/results/37-zamfara\3869-gusau\26256-sabon-gari\polling-units.json
ZAMFARA,GUSAU,SABON GARI,D/D BALA BBC II/ NIZAMIYYA PRI. SCH.,36/07/08/033,https://docs.inecelectionresults.net/elections_prod/1292/state/1/lga/3869/ward/26256/pu/178069/178069-1677484471.pdf,2023-02-27T07:55:00.396Z,false,https://raw.githubusercontent.com/mykeels/inec-presidential-elections-2023/master/results/37-zamfara\3869-gusau\26256-sabon-gari\polling-units.json
ZAMFARA,GUSAU,SABON GARI,D/DURUMI D/DUTSI II/ DAN GALADIMA WAZIRI PRI. SCH.,36/07/08/036,https://docs.inecelectionresults.net/elections_prod/1292/state/01/lga/07/ward/08/pu/036/036-1677416373.pdf,2023-02-26T13:00:00.907Z,false,https://raw.githubusercontent.com/mykeels/inec-presidential-elections-2023/master/results/37-zamfara\3869-gusau\26256-sabon-gari\polling-units.json
ZAMFARA,GUSAU,SABON GARI,DABBAKAL / GARKAR S.ADARAWA,36/07/08/003,https://docs.inecelectionresults.net/elections_prod/1292/state/01/lga/07/ward/08/pu/003/003-1677420526.pdf,2023-02-26T14:09:02.033Z,false,https://raw.githubusercontent.com/mykeels/inec-presidential-elections-2023/master/results/37-zamfara\3869-gusau\26256-sabon-gari\polling-units.json
ZAMFARA,GUSAU,SABON GARI,DANGALADIMA WAZIRI PRI. SCH. II,36/07/08/040,https://docs.inecelectionresults.net/elections_prod/1292/state/1/lga/3869/ward/26256/pu/178076/178076-1677469870.pdf,2023-02-27T03:51:59.803Z,false,https://raw.githubusercontent.com/mykeels/inec-presidential-elections-2023/master/results/37-zamfara\3869-gusau\26256-sabon-gari\polling-units.json
ZAMFARA,GUSAU,SABON GARI,DARAJA KASET II/ SARDAUNA MEMORIAL STADIUM,36/07/08/030,https://docs.inecelectionresults.net/elections_prod/1292/state/1/lga/3869/ward/26256/pu/178066/178066-1677483796.pdf,2023-02-27T07:43:59.934Z,false,https://raw.githubusercontent.com/mykeels/inec-presidential-elections-2023/master/results/37-zamfara\3869-gusau\26256-sabon-gari\polling-units.json
ZAMFARA,GUSAU,SABON GARI,"DURUMIN BALA BBC / SABON GARI, DURUMIN  BALA",36/07/08/011,https://docs.inecelectionresults.net/elections_prod/1292/state/1/lga/3869/ward/26256/pu/119728/119728-1677463169.pdf,2023-02-27T01:59:59.929Z,false,https://raw.githubusercontent.com/mykeels/inec-presidential-elections-2023/master/results/37-zamfara\3869-gusau\26256-sabon-gari\polling-units.json
ZAMFARA,GUSAU,SABON GARI,G/ DAN BATURE II/ DAN GALADIMA WAZIRI PRI.,36/07/08/043,https://docs.inecelectionresults.net/elections_prod/1292/state/1/lga/3869/ward/26256/pu/178079/178079-1677485587.pdf,2023-02-27T08:13:59.883Z,false,https://raw.githubusercontent.com/mykeels/inec-presidential-elections-2023/master/results/37-zamfara\3869-gusau\26256-sabon-gari\polling-units.json
ZAMFARA,GUSAU,SABON GARI,G/ MAI UNG MUSA II/ SARDAUNA MEMORIAL STADIUM,36/07/08/031,https://docs.inecelectionresults.net/elections_prod/1292/state/1/lga/3869/ward/26256/pu/178067/178067-1677468263.pdf,2023-02-27T03:25:00.184Z,false,https://raw.githubusercontent.com/mykeels/inec-presidential-elections-2023/master/results/37-zamfara\3869-gusau\26256-sabon-gari\polling-units.json
ZAMFARA,GUSAU,SABON GARI,G/BALA WAIMAN II/D/G/WAZIRI PRI. SCH.,36/07/08/025,https://docs.inecelectionresults.net/elections_prod/1292/state/1/lga/3869/ward/26256/pu/178061/178061-1677480574.pdf,2023-02-27T06:50:00.551Z,false,https://raw.githubusercontent.com/mykeels/inec-presidential-elections-2023/master/results/37-zamfara\3869-gusau\26256-sabon-gari\polling-units.json
ZAMFARA,GUSAU,SABON GARI,G/BALA WAIMAN III/ D/G/WAZIRI PRI. SCH.,36/07/08/026,https://docs.inecelectionresults.net/elections_prod/1292/state/1/lga/3869/ward/26256/pu/178062/178062-1677480758.pdf,2023-02-27T06:53:00.365Z,false,https://raw.githubusercontent.com/mykeels/inec-presidential-elections-2023/master/results/37-zamfara\3869-gusau\26256-sabon-gari\polling-units.json
ZAMFARA,GUSAU,SABON GARI,G/MAI KATOBARA II / DANGALADIMA WAZIRI PRI. SCH.,36/07/08/042,https://docs.inecelectionresults.net/elections_prod/1292/state/1/lga/3869/ward/26256/pu/178078/178078-1677485386.pdf,2023-02-27T08:10:00.264Z,false,https://raw.githubusercontent.com/mykeels/inec-presidential-elections-2023/master/results/37-zamfara\3869-gusau\26256-sabon-gari\polling-units.json
ZAMFARA,GUSAU,SABON GARI,G/MARIGAYI WAKILI II/ SARDAUNA MEMORIAL STADIUM,36/07/08/032,https://docs.inecelectionresults.net/elections_prod/1292/state/1/lga/3869/ward/26256/pu/178068/178068-1677484107.pdf,2023-02-27T07:49:00.217Z,false,https://raw.githubusercontent.com/mykeels/inec-presidential-elections-2023/master/results/37-zamfara\3869-gusau\26256-sabon-gari\polling-units.json
ZAMFARA,GUSAU,SABON GARI,G/SARKIN ADARAWA II/ G.G.D.S.S. /S/KUDU,36/07/08/024,https://docs.inecelectionresults.net/elections_prod/1292/state/1/lga/3869/ward/26256/pu/178060/178060-1677480428.pdf,2023-02-27T06:47:59.916Z,false,https://raw.githubusercontent.com/mykeels/inec-presidential-elections-2023/master/results/37-zamfara\3869-gusau\26256-sabon-gari\polling-units.json
ZAMFARA,GUSAU,SABON GARI,G/SHIBO MAI WAINA II/ NIZAMIYYA PRI. SCH.,36/07/08/034,https://docs.inecelectionresults.net/elections_prod/1292/state/01/lga/07/ward/08/pu/034/034-1677416643.pdf,2023-02-26T13:05:01.155Z,false,https://raw.githubusercontent.com/mykeels/inec-presidential-elections-2023/master/results/37-zamfara\3869-gusau\26256-sabon-gari\polling-units.json
ZAMFARA,GUSAU,SABON GARI,G/SHUGABA ALMU II/ NIZAMIYYA PRI. SCH. II,36/07/08/035,https://docs.inecelectionresults.net/elections_prod/1292/state/1/lga/3869/ward/26256/pu/178071/178071-1677469264.pdf,2023-02-27T03:41:59.798Z,false,https://raw.githubusercontent.com/mykeels/inec-presidential-elections-2023/master/results/37-zamfara\3869-gusau\26256-sabon-gari\polling-units.json
ZAMFARA,GUSAU,SABON GARI,NIZAMIYYA PRI. SCH. II,36/07/08/029,https://docs.inecelectionresults.net/elections_prod/1292/state/1/lga/3869/ward/26256/pu/178065/178065-1677481895.pdf,2023-02-27T07:12:00.377Z,false,https://raw.githubusercontent.com/mykeels/inec-presidential-elections-2023/master/results/37-zamfara\3869-gusau\26256-sabon-gari\polling-units.json
ZAMFARA,GUSAU,SABON GARI,RABIA/G/ MAIFATA II/ SARDAUNA MEMORIAL STADIUM,36/07/08/027,https://docs.inecelectionresults.net/elections_prod/1292/state/1/lga/3869/ward/26256/pu/178063/178063-1677480866.pdf,2023-02-27T06:55:00.099Z,false,https://raw.githubusercontent.com/mykeels/inec-presidential-elections-2023/master/results/37-zamfara\3869-gusau\26256-sabon-gari\polling-units.json
ZAMFARA,GUSAU,SABON GARI,RABIA/G/ MAIFATA III/ SARDAUNA MEMORIAL STADIUM,36/07/08/028,https://docs.inecelectionresults.net/elections_prod/1292/state/1/lga/3869/ward/26256/pu/178064/178064-1677467607.pdf,2023-02-27T03:14:00.156Z,false,https://raw.githubusercontent.com/mykeels/inec-presidential-elections-2023/master/results/37-zamfara\3869-gusau\26256-sabon-gari\polling-units.json
ZAMFARA,GUSAU,SABON GARI,RIJIYOYI  /  S/KUDU PRI. SCH.,36/07/08/015,,,false,https://raw.githubusercontent.com/mykeels/inec-presidential-elections-2023/master/results/37-zamfara\3869-gusau\26256-sabon-gari\polling-units.json
ZAMFARA,GUSAU,SABON GARI,S/IDI PROVISION II/ SARDAUNA MEMORIAL STADIUM,36/07/08/041,https://docs.inecelectionresults.net/elections_prod/1292/state/1/lga/3869/ward/26256/pu/178077/178077-1677485312.pdf,2023-02-27T08:09:00.276Z,false,https://raw.githubusercontent.com/mykeels/inec-presidential-elections-2023/master/results/37-zamfara\3869-gusau\26256-sabon-gari\polling-units.json
ZAMFARA,GUSAU,SABON GARI,SABON GARI GABAS I / FILIN FIVES,36/07/08/001,https://docs.inecelectionresults.net/elections_prod/1292/state/01/lga/07/ward/08/pu/001/001-1677419109.pdf,2023-02-26T13:46:01.575Z,false,https://raw.githubusercontent.com/mykeels/inec-presidential-elections-2023/master/results/37-zamfara\3869-gusau\26256-sabon-gari\polling-units.json
ZAMFARA,GUSAU,SABON GARI,SABON GARI MORTIAGE II / SOCIAL WELFARE OFFICE,36/07/08/002,https://docs.inecelectionresults.net/elections_prod/1292/state/01/lga/07/ward/08/pu/002/002-1677420280.pdf,2023-02-26T14:05:00.945Z,false,https://raw.githubusercontent.com/mykeels/inec-presidential-elections-2023/master/results/37-zamfara\3869-gusau\26256-sabon-gari\polling-units.json
ZAMFARA,GUSAU,SABON GARI,SABON GARI RABI'A / GARKAR GARBA MAI FATA,36/07/08/005,https://docs.inecelectionresults.net/elections_prod/1292/state/01/lga/07/ward/08/pu/005/005-1677374047.pdf,2023-02-26T01:16:00.841Z,false,https://raw.githubusercontent.com/mykeels/inec-presidential-elections-2023/master/results/37-zamfara\3869-gusau\26256-sabon-gari\polling-units.json
ZAMFARA,GUSAU,SABON GARI,SARKIN KUDU PRI. SCH. II,36/07/08/037,https://docs.inecelectionresults.net/elections_prod/1292/state/01/lga/07/ward/08/pu/037/037-1677369698.pdf,2023-02-26T00:02:02.217Z,false,https://raw.githubusercontent.com/mykeels/inec-presidential-elections-2023/master/results/37-zamfara\3869-gusau\26256-sabon-gari\polling-units.json
ZAMFARA,GUSAU,SABON GARI,SARKIN KUDU PRI. SCH. III,36/07/08/038,https://docs.inecelectionresults.net/elections_prod/1292/state/1/lga/3869/ward/26256/pu/178074/178074-1677485045.pdf,2023-02-27T08:04:59.926Z,false,https://raw.githubusercontent.com/mykeels/inec-presidential-elections-2023/master/results/37-zamfara\3869-gusau\26256-sabon-gari\polling-units.json
ZAMFARA,GUSAU,SABON GARI,SARKIN KUDU PRI. SCH. IV,36/07/08/039,https://docs.inecelectionresults.net/elections_prod/1292/state/1/lga/3869/ward/26256/pu/178075/178075-1677469604.pdf,2023-02-27T03:47:00.148Z,false,https://raw.githubusercontent.com/mykeels/inec-presidential-elections-2023/master/results/37-zamfara\3869-gusau\26256-sabon-gari\polling-units.json
ZAMFARA,GUSAU,SABON GARI,SOCIAL WELFARE OFFICE II,36/07/08/022,https://docs.inecelectionresults.net/elections_prod/1292/state/1/lga/3869/ward/26256/pu/178058/178058-1677480198.pdf,2023-02-27T06:44:00.449Z,false,https://raw.githubusercontent.com/mykeels/inec-presidential-elections-2023/master/results/37-zamfara\3869-gusau\26256-sabon-gari\polling-units.json
ZAMFARA,GUSAU,SABON GARI,SOCIAL WELFARE OFFICE III,36/07/08/023,https://docs.inecelectionresults.net/elections_prod/1292/state/1/lga/3869/ward/26256/pu/178059/178059-1677480322.pdf,2023-02-27T06:45:59.983Z,false,https://raw.githubusercontent.com/mykeels/inec-presidential-elections-2023/master/results/37-zamfara\3869-gusau\26256-sabon-gari\polling-units.json
ZAMFARA,GUSAU,SABON GARI,TANKIN RUWA /SABON GARI,36/07/08/021,https://docs.inecelectionresults.net/elections_prod/1292/state/1/lga/3869/ward/26256/pu/178057/178057-1677480079.pdf,2023-02-27T06:42:00.235Z,false,https://raw.githubusercontent.com/mykeels/inec-presidential-elections-2023/master/results/37-zamfara\3869-gusau\26256-sabon-gari\polling-units.json
ZAMFARA,GUSAU,SABON GARI,UNG. ANACHE I / KOFAR G. SHUGABA ALMU,36/07/08/013,https://docs.inecelectionresults.net/elections_prod/1292/state/1/lga/3869/ward/26256/pu/119730/119730-1677463831.pdf,2023-02-27T02:11:00.845Z,false,https://raw.githubusercontent.com/mykeels/inec-presidential-elections-2023/master/results/37-zamfara\3869-gusau\26256-sabon-gari\polling-units.json
ZAMFARA,GUSAU,SABON GARI,UNG. ANACHE II / D/DURUMIN D/ DUTSI,36/07/08/014,https://docs.inecelectionresults.net/elections_prod/1292/state/01/lga/07/ward/08/pu/014/014-1677366164.pdf,2023-02-25T23:03:02.632Z,false,https://raw.githubusercontent.com/mykeels/inec-presidential-elections-2023/master/results/37-zamfara\3869-gusau\26256-sabon-gari\polling-units.json
ZAMFARA,GUSAU,SABON GARI,UNG. MUSA I / DARAJA CASSETTE,36/07/08/007,https://docs.inecelectionresults.net/elections_prod/1292/state/01/lga/07/ward/08/pu/007/007-1677426983.pdf,2023-02-26T15:57:01.705Z,false,https://raw.githubusercontent.com/mykeels/inec-presidential-elections-2023/master/results/37-zamfara\3869-gusau\26256-sabon-gari\polling-units.json
ZAMFARA,GUSAU,SABON GARI,UNG. MUSA II / GARKAR MAI UNG. MUSA,36/07/08/008,https://docs.inecelectionresults.net/elections_prod/1292/state/01/lga/07/ward/08/pu/008/008-1677427747.pdf,2023-02-26T16:10:01.223Z,false,https://raw.githubusercontent.com/mykeels/inec-presidential-elections-2023/master/results/37-zamfara\3869-gusau\26256-sabon-gari\polling-units.json
ZAMFARA,GUSAU,SABON GARI,UNG. MUSA III / GARKAR MARIGAYI WAKILI,36/07/08/009,https://docs.inecelectionresults.net/elections_prod/1292/state/01/lga/07/ward/08/pu/009/009-1677427776.pdf,2023-02-26T16:10:02.281Z,false,https://raw.githubusercontent.com/mykeels/inec-presidential-elections-2023/master/results/37-zamfara\3869-gusau\26256-sabon-gari\polling-units.json
ZAMFARA,GUSAU,SABON GARI,UNG. MUSA IV / GARKAR MAI BAKA,36/07/08/010,,,false,https://raw.githubusercontent.com/mykeels/inec-presidential-elections-2023/master/results/37-zamfara\3869-gusau\26256-sabon-gari\polling-units.json
ZAMFARA,GUSAU,SABON GARI,UNG. MUSA V / GARKAR SHIBO MAI WAINA,36/07/08/012,https://docs.inecelectionresults.net/elections_prod/1292/state/1/lga/3869/ward/26256/pu/119729/119729-1677476570.pdf,2023-02-27T05:43:00.724Z,false,https://raw.githubusercontent.com/mykeels/inec-presidential-elections-2023/master/results/37-zamfara\3869-gusau\26256-sabon-gari\polling-units.json
ZAMFARA,GUSAU,SABON GARI,UNG. MUSA VI / BAKIN SHAGON IDI PROVISION,36/07/08/017,https://docs.inecelectionresults.net/elections_prod/1292/state/1/lga/3869/ward/26256/pu/119734/119734-1677464524.pdf,2023-02-27T02:22:59.779Z,false,https://raw.githubusercontent.com/mykeels/inec-presidential-elections-2023/master/results/37-zamfara\3869-gusau\26256-sabon-gari\polling-units.json
ZAMFARA,GUSAU,SABON GARI,UNG. TOKA I / GARKAR BALA WAIMAN,36/07/08/004,https://docs.inecelectionresults.net/elections_prod/1292/state/01/lga/07/ward/08/pu/004/004-1677426009.pdf,2023-02-26T15:40:59.887Z,false,https://raw.githubusercontent.com/mykeels/inec-presidential-elections-2023/master/results/37-zamfara\3869-gusau\26256-sabon-gari\polling-units.json
ZAMFARA,GUSAU,SABON GARI,UNG. TOKA II / NIZAMIYYA PRI. SCH.,36/07/08/006,https://docs.inecelectionresults.net/elections_prod/1292/state/01/lga/07/ward/08/pu/006/006-1677427205.pdf,2023-02-26T16:00:59.821Z,false,https://raw.githubusercontent.com/mykeels/inec-presidential-elections-2023/master/results/37-zamfara\3869-gusau\26256-sabon-gari\polling-units.json
ZAMFARA,GUSAU,SABON GARI,UNG. TOKA III   / GARKAR ALH. BABA D/KANTOMA,36/07/08/018,https://docs.inecelectionresults.net/elections_prod/1292/state/1/lga/3869/ward/26256/pu/119735/119735-1677464904.pdf,2023-02-27T02:29:00.872Z,false,https://raw.githubusercontent.com/mykeels/inec-presidential-elections-2023/master/results/37-zamfara\3869-gusau\26256-sabon-gari\polling-units.json
ZAMFARA,GUSAU,SABON GARI,UNG. TOKA IV   / GARKAR MAI KATOBARA,36/07/08/019,https://docs.inecelectionresults.net/elections_prod/1292/state/1/lga/3869/ward/26256/pu/119736/119736-1677477712.pdf,2023-02-27T06:02:00.430Z,false,https://raw.githubusercontent.com/mykeels/inec-presidential-elections-2023/master/results/37-zamfara\3869-gusau\26256-sabon-gari\polling-units.json
ZAMFARA,GUSAU,SABON GARI,UNG.ANACHE III  / GARKAR DAN BATURE,36/07/08/020,https://docs.inecelectionresults.net/elections_prod/1292/state/1/lga/3869/ward/26256/pu/119737/119737-1677477852.pdf,2023-02-27T06:04:59.972Z,false,https://raw.githubusercontent.com/mykeels/inec-presidential-elections-2023/master/results/37-zamfara\3869-gusau\26256-sabon-gari\polling-units.json
ZAMFARA,GUSAU,TUDUN WADA,ALBARKA I   /  KAMUCHE BREAD CENTRE,36/07/09/004,https://docs.inecelectionresults.net/elections_prod/1292/state/01/lga/07/ward/09/pu/004/004-1677406726.pdf,2023-02-26T10:19:02.835Z,false,https://raw.githubusercontent.com/mykeels/inec-presidential-elections-2023/master/results/37-zamfara\3869-gusau\26257-tudun-wada\polling-units.json
ZAMFARA,GUSAU,TUDUN WADA,ALBARKA II / ALHERI NUSERY SCHOOL,36/07/09/042,https://docs.inecelectionresults.net/elections_prod/1292/state/1/lga/3869/ward/26257/pu/119779/119779-1677728673.pdf,2023-03-02T03:45:01.248Z,true,https://raw.githubusercontent.com/mykeels/inec-presidential-elections-2023/master/results/37-zamfara\3869-gusau\26257-tudun-wada\polling-units.json
ZAMFARA,GUSAU,TUDUN WADA,ALHERI NURSERY II/ ARMY CHILDREN SCH.,36/07/09/134,https://docs.inecelectionresults.net/elections_prod/1292/state/1/lga/3869/ward/26257/pu/178168/178168-1677596605.pdf,2023-02-28T15:04:00.422Z,false,https://raw.githubusercontent.com/mykeels/inec-presidential-elections-2023/master/results/37-zamfara\3869-gusau\26257-tudun-wada\polling-units.json
ZAMFARA,GUSAU,TUDUN WADA,ARMY BARRACK / TUDUN-WADA  ARMY BARRACK,36/07/09/014,,,false,https://raw.githubusercontent.com/mykeels/inec-presidential-elections-2023/master/results/37-zamfara\3869-gusau\26257-tudun-wada\polling-units.json
ZAMFARA,GUSAU,TUDUN WADA,ARMY BARRACK II/ ASYB SPECIALIST HOSPITAL,36/07/09/079,,,false,https://raw.githubusercontent.com/mykeels/inec-presidential-elections-2023/master/results/37-zamfara\3869-gusau\26257-tudun-wada\polling-units.json
ZAMFARA,GUSAU,TUDUN WADA,ARMY BARRACK III/ ASYB SPECIALIST HOSPITAL,36/07/09/080,https://docs.inecelectionresults.net/elections_prod/1292/state/1/lga/3869/ward/26257/pu/178114/178114-1677728231.pdf,2023-03-02T03:38:01.273Z,true,https://raw.githubusercontent.com/mykeels/inec-presidential-elections-2023/master/results/37-zamfara\3869-gusau\26257-tudun-wada\polling-units.json
ZAMFARA,GUSAU,TUDUN WADA,ARMY BARRACK IV/ ASYB SPECIALIST HOSPITAL,36/07/09/081,,,false,https://raw.githubusercontent.com/mykeels/inec-presidential-elections-2023/master/results/37-zamfara\3869-gusau\26257-tudun-wada\polling-units.json
ZAMFARA,GUSAU,TUDUN WADA,ARMY CHILDREN SCH. III,36/07/09/135,,,false,https://raw.githubusercontent.com/mykeels/inec-presidential-elections-2023/master/results/37-zamfara\3869-gusau\26257-tudun-wada\polling-units.json
ZAMFARA,GUSAU,TUDUN WADA,AWALA /G/ALARAMMA II / GARKAR ALARAMMA.,36/07/09/041,https://docs.inecelectionresults.net/elections_prod/1292/state/1/lga/3869/ward/26257/pu/119778/119778-1677736805.pdf,2023-03-02T06:01:01.263Z,true,https://raw.githubusercontent.com/mykeels/inec-presidential-elections-2023/master/results/37-zamfara\3869-gusau\26257-tudun-wada\polling-units.json
ZAMFARA,GUSAU,TUDUN WADA,AWALA G/ ALARAMMA II/SCH. FOR CONTINUED EDU.,36/07/09/132,https://docs.inecelectionresults.net/elections_prod/1292/state/1/lga/3869/ward/26257/pu/178166/178166-1677517445.pdf,2023-02-27T17:13:47.005Z,false,https://raw.githubusercontent.com/mykeels/inec-presidential-elections-2023/master/results/37-zamfara\3869-gusau\26257-tudun-wada\polling-units.json
ZAMFARA,GUSAU,TUDUN WADA,AWALA G/ ALARAMMA III/ SCH. FOR CONTINUED EDU.,36/07/09/133,https://docs.inecelectionresults.net/elections_prod/1292/state/1/lga/3869/ward/26257/pu/178167/178167-1677736203.pdf,2023-03-02T05:51:01.272Z,true,https://raw.githubusercontent.com/mykeels/inec-presidential-elections-2023/master/results/37-zamfara\3869-gusau\26257-tudun-wada\polling-units.json
ZAMFARA,GUSAU,TUDUN WADA,AWALA/TUDU I / SHIYAR AWALA,36/07/09/030,https://docs.inecelectionresults.net/elections_prod/1292/state/1/lga/3869/ward/26257/pu/119767/119767-1677727831.pdf,2023-03-02T03:31:01.267Z,true,https://raw.githubusercontent.com/mykeels/inec-presidential-elections-2023/master/results/37-zamfara\3869-gusau\26257-tudun-wada\polling-units.json
ZAMFARA,GUSAU,TUDUN WADA,B/ ISLAMIYA SCH II/ GALADIMA ALA GIRLS FOCAL PRI. SCH.,36/07/09/048,https://docs.inecelectionresults.net/elections_prod/1292/state/1/lga/3869/ward/26257/pu/178082/178082-1677670363.pdf,2023-03-01T11:33:00.431Z,false,https://raw.githubusercontent.com/mykeels/inec-presidential-elections-2023/master/results/37-zamfara\3869-gusau\26257-tudun-wada\polling-units.json
ZAMFARA,GUSAU,TUDUN WADA,B/ ISLAMIYA SCH III/ GALADIMA ALA GIRLS FOCAL PRI. SCH.,36/07/09/049,,,false,https://raw.githubusercontent.com/mykeels/inec-presidential-elections-2023/master/results/37-zamfara\3869-gusau\26257-tudun-wada\polling-units.json
ZAMFARA,GUSAU,TUDUN WADA,BAGALE / YAR DORUWA,36/07/09/010,https://docs.inecelectionresults.net/elections_prod/1292/state/1/lga/3869/ward/26257/pu/119747/119747-1677673027.pdf,2023-03-01T12:18:00.128Z,false,https://raw.githubusercontent.com/mykeels/inec-presidential-elections-2023/master/results/37-zamfara\3869-gusau\26257-tudun-wada\polling-units.json
ZAMFARA,GUSAU,TUDUN WADA,BAGALE YARDORUWA II/ T/ WADA MODEL PRIMY SCH.,36/07/09/067,,,false,https://raw.githubusercontent.com/mykeels/inec-presidential-elections-2023/master/results/37-zamfara\3869-gusau\26257-tudun-wada\polling-units.json
ZAMFARA,GUSAU,TUDUN WADA,BAKIN MASALLACI II/ QURANIC TAJWEED BOARD,36/07/09/093,,,false,https://raw.githubusercontent.com/mykeels/inec-presidential-elections-2023/master/results/37-zamfara\3869-gusau\26257-tudun-wada\polling-units.json
ZAMFARA,GUSAU,TUDUN WADA,BAKIN MASALLACI III/ QURANIC TAJWEED BOARD,36/07/09/094,,,false,https://raw.githubusercontent.com/mykeels/inec-presidential-elections-2023/master/results/37-zamfara\3869-gusau\26257-tudun-wada\polling-units.json
ZAMFARA,GUSAU,TUDUN WADA,BAKIN TABKI II/ UNGUWAR GWAZA PRI. SCH.,36/07/09/099,,,false,https://raw.githubusercontent.com/mykeels/inec-presidential-elections-2023/master/results/37-zamfara\3869-gusau\26257-tudun-wada\polling-units.json
ZAMFARA,GUSAU,TUDUN WADA,BAKIN TABKI III/ UNGUWAR GWAZA PRI. SCH.,36/07/09/100,https://docs.inecelectionresults.net/elections_prod/1292/state/01/lga/07/ward/09/pu/100/100-1677389881.pdf,2023-02-26T05:39:01.531Z,false,https://raw.githubusercontent.com/mykeels/inec-presidential-elections-2023/master/results/37-zamfara\3869-gusau\26257-tudun-wada\polling-units.json
ZAMFARA,GUSAU,TUDUN WADA,BEDIN G/ MAI YARA II/ UNG. GWAZA PRI. SCH.,36/07/09/095,,,false,https://raw.githubusercontent.com/mykeels/inec-presidential-elections-2023/master/results/37-zamfara\3869-gusau\26257-tudun-wada\polling-units.json
ZAMFARA,GUSAU,TUDUN WADA,BEDIN G/ MAI YARA III/ UNG. GWAZA PRI. SCH.,36/07/09/096,https://docs.inecelectionresults.net/elections_prod/1292/state/1/lga/3869/ward/26257/pu/178130/178130-1677744842.pdf,2023-03-02T08:15:01.271Z,true,https://raw.githubusercontent.com/mykeels/inec-presidential-elections-2023/master/results/37-zamfara\3869-gusau\26257-tudun-wada\polling-units.json
ZAMFARA,GUSAU,TUDUN WADA,BEDIN G/ MAI YARA IV/ UNG. GWAZA PRI. SCH.,36/07/09/097,,,false,https://raw.githubusercontent.com/mykeels/inec-presidential-elections-2023/master/results/37-zamfara\3869-gusau\26257-tudun-wada\polling-units.json
ZAMFARA,GUSAU,TUDUN WADA,BEDIN G/ MAI YARA V/ UNG. GWAZA PRI. SCH.,36/07/09/098,https://docs.inecelectionresults.net/elections_prod/1292/state/01/lga/07/ward/09/pu/098/098-1677408469.pdf,2023-02-26T10:49:01.660Z,false,https://raw.githubusercontent.com/mykeels/inec-presidential-elections-2023/master/results/37-zamfara\3869-gusau\26257-tudun-wada\polling-units.json
ZAMFARA,GUSAU,TUDUN WADA,CHAKAL MODEL PRI. SCH.,36/07/09/089,https://docs.inecelectionresults.net/elections_prod/1292/state/01/lga/07/ward/09/pu/089/089-1677402650.pdf,2023-02-26T09:11:02.821Z,false,https://raw.githubusercontent.com/mykeels/inec-presidential-elections-2023/master/results/37-zamfara\3869-gusau\26257-tudun-wada\polling-units.json
ZAMFARA,GUSAU,TUDUN WADA,COCIN KWANO/ TANKIN RUWA/HIRA DA KWADI,36/07/09/063,https://docs.inecelectionresults.net/elections_prod/1292/state/01/lga/07/ward/09/pu/063/063-1677413290.pdf,2023-02-26T12:45:09.710Z,false,https://raw.githubusercontent.com/mykeels/inec-presidential-elections-2023/master/results/37-zamfara\3869-gusau\26257-tudun-wada\polling-units.json
ZAMFARA,GUSAU,TUDUN WADA,DAMBA SEC. SCH. II,36/07/09/130,https://docs.inecelectionresults.net/elections_prod/1292/state/1/lga/3869/ward/26257/pu/178164/178164-1677597247.pdf,2023-02-28T15:15:00.210Z,false,https://raw.githubusercontent.com/mykeels/inec-presidential-elections-2023/master/results/37-zamfara\3869-gusau\26257-tudun-wada\polling-units.json
ZAMFARA,GUSAU,TUDUN WADA,DAMBA SEC. SCH. III,36/07/09/131,https://docs.inecelectionresults.net/elections_prod/1292/state/01/lga/07/ward/09/pu/131/131-1677404203.pdf,2023-02-26T09:38:01.105Z,false,https://raw.githubusercontent.com/mykeels/inec-presidential-elections-2023/master/results/37-zamfara\3869-gusau\26257-tudun-wada\polling-units.json
ZAMFARA,GUSAU,TUDUN WADA,DAMBA SPECIAL PRI. SCH. I,36/07/09/102,https://docs.inecelectionresults.net/elections_prod/1292/state/1/lga/3869/ward/26257/pu/178136/178136-1677732181.pdf,2023-03-02T04:44:01.183Z,true,https://raw.githubusercontent.com/mykeels/inec-presidential-elections-2023/master/results/37-zamfara\3869-gusau\26257-tudun-wada\polling-units.json
ZAMFARA,GUSAU,TUDUN WADA,DAMBA SPECIAL PRI. SCH. II,36/07/09/103,https://docs.inecelectionresults.net/elections_prod/1292/state/1/lga/3869/ward/26257/pu/178137/178137-1677736026.pdf,2023-03-02T05:48:01.297Z,true,https://raw.githubusercontent.com/mykeels/inec-presidential-elections-2023/master/results/37-zamfara\3869-gusau\26257-tudun-wada\polling-units.json
ZAMFARA,GUSAU,TUDUN WADA,G/DAN ASABE II/ SAMBO SEC. SCH.,36/07/09/091,https://docs.inecelectionresults.net/elections_prod/1292/state/1/lga/3869/ward/26257/pu/178125/178125-1677738031.pdf,2023-03-02T06:21:00.129Z,false,https://raw.githubusercontent.com/mykeels/inec-presidential-elections-2023/master/results/37-zamfara\3869-gusau\26257-tudun-wada\polling-units.json
ZAMFARA,GUSAU,TUDUN WADA,G/DAN ASABE III/ SAMBO SEC. SCH.,36/07/09/092,,,false,https://raw.githubusercontent.com/mykeels/inec-presidential-elections-2023/master/results/37-zamfara\3869-gusau\26257-tudun-wada\polling-units.json
ZAMFARA,GUSAU,TUDUN WADA,G/DAN HAJO II/ ARMY CHILDREN SCH,36/07/09/066,,,false,https://raw.githubusercontent.com/mykeels/inec-presidential-elections-2023/master/results/37-zamfara\3869-gusau\26257-tudun-wada\polling-units.json
ZAMFARA,GUSAU,TUDUN WADA,GANGARE I   /  T/ WADA,36/07/09/017,https://docs.inecelectionresults.net/elections_prod/1292/state/1/lga/3869/ward/26257/pu/119754/119754-1677735753.pdf,2023-03-02T05:43:00.334Z,false,https://raw.githubusercontent.com/mykeels/inec-presidential-elections-2023/master/results/37-zamfara\3869-gusau\26257-tudun-wada\polling-units.json
ZAMFARA,GUSAU,TUDUN WADA,GANGARE II   /  GARKAR MAROKA,36/07/09/018,https://docs.inecelectionresults.net/elections_prod/1292/state/1/lga/3869/ward/26257/pu/119755/119755-1677672505.pdf,2023-03-01T12:09:00.499Z,false,https://raw.githubusercontent.com/mykeels/inec-presidential-elections-2023/master/results/37-zamfara\3869-gusau\26257-tudun-wada\polling-units.json
ZAMFARA,GUSAU,TUDUN WADA,GANGARE II/ SAMBO SECONDARY SCH PHYSICS LAB,36/07/09/085,https://docs.inecelectionresults.net/elections_prod/1292/state/1/lga/3869/ward/26257/pu/178119/178119-1677674237.pdf,2023-03-01T12:38:00.116Z,false,https://raw.githubusercontent.com/mykeels/inec-presidential-elections-2023/master/results/37-zamfara\3869-gusau\26257-tudun-wada\polling-units.json
ZAMFARA,GUSAU,TUDUN WADA,GANGARE III / GARKAR S. ASK I UMARU,36/07/09/044,https://docs.inecelectionresults.net/elections_prod/1292/state/1/lga/3869/ward/26257/pu/119781/119781-1677732550.pdf,2023-03-02T04:50:01.156Z,true,https://raw.githubusercontent.com/mykeels/inec-presidential-elections-2023/master/results/37-zamfara\3869-gusau\26257-tudun-wada\polling-units.json
ZAMFARA,GUSAU,TUDUN WADA,GANGARE MAROKA II/ UNGUWAR ZABARMA PRI. SCH.,36/07/09/086,,,false,https://raw.githubusercontent.com/mykeels/inec-presidential-elections-2023/master/results/37-zamfara\3869-gusau\26257-tudun-wada\polling-units.json
ZAMFARA,GUSAU,TUDUN WADA,GARKAR MAROKA IV/ UNGUWAR ZABARMA PRI. SCH.,36/07/09/088,https://docs.inecelectionresults.net/elections_prod/1292/state/1/lga/3869/ward/26257/pu/178122/178122-1677674028.pdf,2023-03-01T12:34:00.540Z,false,https://raw.githubusercontent.com/mykeels/inec-presidential-elections-2023/master/results/37-zamfara\3869-gusau\26257-tudun-wada\polling-units.json
ZAMFARA,GUSAU,TUDUN WADA,GIDAN BAUSHI / GIDAN BAUSHI,36/07/09/035,https://docs.inecelectionresults.net/elections_prod/1292/state/1/lga/3869/ward/26257/pu/119772/119772-1677736432.pdf,2023-03-02T05:54:01.267Z,true,https://raw.githubusercontent.com/mykeels/inec-presidential-elections-2023/master/results/37-zamfara\3869-gusau\26257-tudun-wada\polling-units.json
ZAMFARA,GUSAU,TUDUN WADA,GIDAN BAUSHI II/ LAYI,36/07/09/120,,,false,https://raw.githubusercontent.com/mykeels/inec-presidential-elections-2023/master/results/37-zamfara\3869-gusau\26257-tudun-wada\polling-units.json
ZAMFARA,GUSAU,TUDUN WADA,GIDAN DAN - GIWA II / DAN HILI,36/07/09/039,https://docs.inecelectionresults.net/elections_prod/1292/state/1/lga/3869/ward/26257/pu/119776/119776-1677673550.pdf,2023-03-01T12:26:00.458Z,false,https://raw.githubusercontent.com/mykeels/inec-presidential-elections-2023/master/results/37-zamfara\3869-gusau\26257-tudun-wada\polling-units.json
ZAMFARA,GUSAU,TUDUN WADA,GIDAN DAN ASABE  / GARKAR DAN ALI,36/07/09/021,https://docs.inecelectionresults.net/elections_prod/1292/state/01/lga/07/ward/09/pu/021/021-1677386904.pdf,2023-02-26T04:58:37.533Z,false,https://raw.githubusercontent.com/mykeels/inec-presidential-elections-2023/master/results/37-zamfara\3869-gusau\26257-tudun-wada\polling-units.json
ZAMFARA,GUSAU,TUDUN WADA,GIDAN DAN GIWA I   /  PRIMARY SCHOOL,36/07/09/019,,,false,https://raw.githubusercontent.com/mykeels/inec-presidential-elections-2023/master/results/37-zamfara\3869-gusau\26257-tudun-wada\polling-units.json
ZAMFARA,GUSAU,TUDUN WADA,GIDAN DAN HAJO / BAYAN GIDAN TUDU,36/07/09/009,https://docs.inecelectionresults.net/elections_prod/1292/state/1/lga/3869/ward/26257/pu/119746/119746-1677669480.pdf,2023-03-01T11:19:01.140Z,true,https://raw.githubusercontent.com/mykeels/inec-presidential-elections-2023/master/results/37-zamfara\3869-gusau\26257-tudun-wada\polling-units.json
ZAMFARA,GUSAU,TUDUN WADA,GIDAN MAI KANWA I / HIRA DA KWADI,36/07/09/007,https://docs.inecelectionresults.net/elections_prod/1292/state/01/lga/07/ward/09/pu/007/007-1677369835.pdf,2023-02-26T00:04:02.321Z,false,https://raw.githubusercontent.com/mykeels/inec-presidential-elections-2023/master/results/37-zamfara\3869-gusau\26257-tudun-wada\polling-units.json
ZAMFARA,GUSAU,TUDUN WADA,GIDAN MAI KANWA II /  DAN HILIN HIRA DA KWADI,36/07/09/008,https://docs.inecelectionresults.net/elections_prod/1292/state/1/lga/3869/ward/26257/pu/119745/119745-1677664951.pdf,2023-03-01T10:03:00.210Z,true,https://raw.githubusercontent.com/mykeels/inec-presidential-elections-2023/master/results/37-zamfara\3869-gusau\26257-tudun-wada\polling-units.json
ZAMFARA,GUSAU,TUDUN WADA,GIDAN MAI UNGUWA II/ MARERI PRIMARY SCH,36/07/09/101,https://docs.inecelectionresults.net/elections_prod/1292/state/1/lga/3869/ward/26257/pu/178135/178135-1677596977.pdf,2023-02-28T15:12:07.457Z,true,https://raw.githubusercontent.com/mykeels/inec-presidential-elections-2023/master/results/37-zamfara\3869-gusau\26257-tudun-wada\polling-units.json
ZAMFARA,GUSAU,TUDUN WADA,GIDAN MAI YARA I / BEDIN G. MAI YARA,36/07/09/023,https://docs.inecelectionresults.net/elections_prod/1292/state/01/lga/07/ward/09/pu/023/023-1677395676.pdf,2023-02-26T07:15:02.491Z,false,https://raw.githubusercontent.com/mykeels/inec-presidential-elections-2023/master/results/37-zamfara\3869-gusau\26257-tudun-wada\polling-units.json
ZAMFARA,GUSAU,TUDUN WADA,GIDAN MAI YARA II / BAKIN TABKI,36/07/09/024,https://docs.inecelectionresults.net/elections_prod/1292/state/01/lga/07/ward/09/pu/024/024-1677360569.pdf,2023-02-25T21:30:01.411Z,false,https://raw.githubusercontent.com/mykeels/inec-presidential-elections-2023/master/results/37-zamfara\3869-gusau\26257-tudun-wada\polling-units.json
ZAMFARA,GUSAU,TUDUN WADA,GIDAN TUDU / GARKAR TUDU,36/07/09/033,https://docs.inecelectionresults.net/elections_prod/1292/state/1/lga/3869/ward/26257/pu/119770/119770-1677672326.pdf,2023-03-01T12:06:00.426Z,false,https://raw.githubusercontent.com/mykeels/inec-presidential-elections-2023/master/results/37-zamfara\3869-gusau\26257-tudun-wada\polling-units.json
ZAMFARA,GUSAU,TUDUN WADA,GIDAN TUDU I / GARKAR TUDU,36/07/09/011,https://docs.inecelectionresults.net/elections_prod/1292/state/1/lga/3869/ward/26257/pu/119748/119748-1677739378.pdf,2023-03-02T06:44:01.369Z,true,https://raw.githubusercontent.com/mykeels/inec-presidential-elections-2023/master/results/37-zamfara\3869-gusau\26257-tudun-wada\polling-units.json
ZAMFARA,GUSAU,TUDUN WADA,GIDAN TUDU II/ TUDUN WADA MODEL PRIMARY SCH.,36/07/09/068,,,false,https://raw.githubusercontent.com/mykeels/inec-presidential-elections-2023/master/results/37-zamfara\3869-gusau\26257-tudun-wada\polling-units.json
ZAMFARA,GUSAU,TUDUN WADA,GIRLS FOCAL PRI. SCH. II/  OLD PRISON),36/07/09/084,https://docs.inecelectionresults.net/elections_prod/1292/state/1/lga/3869/ward/26257/pu/178118/178118-1677597893.pdf,2023-02-28T15:25:01.413Z,false,https://raw.githubusercontent.com/mykeels/inec-presidential-elections-2023/master/results/37-zamfara\3869-gusau\26257-tudun-wada\polling-units.json
ZAMFARA,GUSAU,TUDUN WADA,GOVT GIRLS DAY SEC. SCH. II,36/07/09/141,https://docs.inecelectionresults.net/elections_prod/1292/state/1/lga/3869/ward/26257/pu/178175/178175-1677738939.pdf,2023-03-02T06:37:00.260Z,false,https://raw.githubusercontent.com/mykeels/inec-presidential-elections-2023/master/results/37-zamfara\3869-gusau\26257-tudun-wada\polling-units.json
ZAMFARA,GUSAU,TUDUN WADA,GOVT GIRLS DAY SEC. SCH. III,36/07/09/142,https://docs.inecelectionresults.net/elections_prod/1292/state/1/lga/3869/ward/26257/pu/178176/178176-1677599113.pdf,2023-02-28T15:46:01.563Z,true,https://raw.githubusercontent.com/mykeels/inec-presidential-elections-2023/master/results/37-zamfara\3869-gusau\26257-tudun-wada\polling-units.json
ZAMFARA,GUSAU,TUDUN WADA,GOVT. GIRLS ARABIC SEC. SCH. II,36/07/09/082,https://docs.inecelectionresults.net/elections_prod/1292/state/1/lga/3869/ward/26257/pu/178116/178116-1677675358.pdf,2023-03-01T12:57:01.248Z,true,https://raw.githubusercontent.com/mykeels/inec-presidential-elections-2023/master/results/37-zamfara\3869-gusau\26257-tudun-wada\polling-units.json
ZAMFARA,GUSAU,TUDUN WADA,HADAWA  I /  PRIMARY SCHOOL HADAWA,36/07/09/026,https://docs.inecelectionresults.net/elections_prod/1292/state/1/lga/3869/ward/26257/pu/119763/119763-1677737265.pdf,2023-03-02T06:08:00.246Z,false,https://raw.githubusercontent.com/mykeels/inec-presidential-elections-2023/master/results/37-zamfara\3869-gusau\26257-tudun-wada\polling-units.json
ZAMFARA,GUSAU,TUDUN WADA,HADAWA II   /  PRIMARY SCHOOL,36/07/09/040,,,false,https://raw.githubusercontent.com/mykeels/inec-presidential-elections-2023/master/results/37-zamfara\3869-gusau\26257-tudun-wada\polling-units.json
ZAMFARA,GUSAU,TUDUN WADA,HADAWA PRI. SCH. II,36/07/09/104,https://docs.inecelectionresults.net/elections_prod/1292/state/01/lga/07/ward/09/pu/104/104-1677361187.pdf,2023-02-25T21:40:01.496Z,false,https://raw.githubusercontent.com/mykeels/inec-presidential-elections-2023/master/results/37-zamfara\3869-gusau\26257-tudun-wada\polling-units.json
ZAMFARA,GUSAU,TUDUN WADA,HADAWA PRI. SCH. III,36/07/09/105,https://docs.inecelectionresults.net/elections_prod/1292/state/01/lga/07/ward/09/pu/105/105-1677359079.pdf,2023-02-25T21:13:36.050Z,false,https://raw.githubusercontent.com/mykeels/inec-presidential-elections-2023/master/results/37-zamfara\3869-gusau\26257-tudun-wada\polling-units.json
ZAMFARA,GUSAU,TUDUN WADA,HADAWA PRI. SCH. IV,36/07/09/106,,,false,https://raw.githubusercontent.com/mykeels/inec-presidential-elections-2023/master/results/37-zamfara\3869-gusau\26257-tudun-wada\polling-units.json
ZAMFARA,GUSAU,TUDUN WADA,HAYIN MALAN SANI/ YAN DORAYI MASALLACIN ALI M/FACI,36/07/09/065,https://docs.inecelectionresults.net/elections_prod/1292/state/01/lga/07/ward/09/pu/065/065-1677410920.pdf,2023-02-26T11:30:01.193Z,false,https://raw.githubusercontent.com/mykeels/inec-presidential-elections-2023/master/results/37-zamfara\3869-gusau\26257-tudun-wada\polling-units.json
ZAMFARA,GUSAU,TUDUN WADA,IBRAHIM GUSAU PRI. SCH.,36/07/09/125,,,false,https://raw.githubusercontent.com/mykeels/inec-presidential-elections-2023/master/results/37-zamfara\3869-gusau\26257-tudun-wada\polling-units.json
ZAMFARA,GUSAU,TUDUN WADA,JAURI PRI. SCH. II,36/07/09/129,https://docs.inecelectionresults.net/elections_prod/1292/state/1/lga/3869/ward/26257/pu/178163/178163-1677734097.pdf,2023-03-02T05:15:00.181Z,false,https://raw.githubusercontent.com/mykeels/inec-presidential-elections-2023/master/results/37-zamfara\3869-gusau\26257-tudun-wada\polling-units.json
ZAMFARA,GUSAU,TUDUN WADA,K/BOKO II/ SAMBO SEC. SCH.,36/07/09/126,https://docs.inecelectionresults.net/elections_prod/1292/state/01/lga/07/ward/09/pu/126/126-1677415294.pdf,2023-02-26T12:46:28.144Z,false,https://raw.githubusercontent.com/mykeels/inec-presidential-elections-2023/master/results/37-zamfara\3869-gusau\26257-tudun-wada\polling-units.json
ZAMFARA,GUSAU,TUDUN WADA,K/BOKO III/ SAMBO SEC. SCH.,36/07/09/127,,,false,https://raw.githubusercontent.com/mykeels/inec-presidential-elections-2023/master/results/37-zamfara\3869-gusau\26257-tudun-wada\polling-units.json
ZAMFARA,GUSAU,TUDUN WADA,KAMUCE BREAD CENTRE II/ ARMY CHILDREN SCHOOL,36/07/09/051,https://docs.inecelectionresults.net/elections_prod/1292/state/1/lga/3869/ward/26257/pu/178085/178085-1677738566.pdf,2023-03-02T06:30:00.128Z,false,https://raw.githubusercontent.com/mykeels/inec-presidential-elections-2023/master/results/37-zamfara\3869-gusau\26257-tudun-wada\polling-units.json
ZAMFARA,GUSAU,TUDUN WADA,KAMUCHE BREAD CENTRE III/ ARMY CHILDREN SCHOOL,36/07/09/052,https://docs.inecelectionresults.net/elections_prod/1292/state/1/lga/3869/ward/26257/pu/178086/178086-1677664469.pdf,2023-03-01T09:55:00.692Z,false,https://raw.githubusercontent.com/mykeels/inec-presidential-elections-2023/master/results/37-zamfara\3869-gusau\26257-tudun-wada\polling-units.json
ZAMFARA,GUSAU,TUDUN WADA,KAMUCHE BREAD CENTRE IV/ ARMY CHILDREN SCH,36/07/09/053,https://docs.inecelectionresults.net/elections_prod/1292/state/1/lga/3869/ward/26257/pu/178087/178087-1677667020.pdf,2023-03-01T10:38:00.165Z,true,https://raw.githubusercontent.com/mykeels/inec-presidential-elections-2023/master/results/37-zamfara\3869-gusau\26257-tudun-wada\polling-units.json
ZAMFARA,GUSAU,TUDUN WADA,KARAZAU I  /   PRIMARY SCHOOL KARAZAU,36/07/09/029,,,false,https://raw.githubusercontent.com/mykeels/inec-presidential-elections-2023/master/results/37-zamfara\3869-gusau\26257-tudun-wada\polling-units.json
ZAMFARA,GUSAU,TUDUN WADA,KARAZAU II / PRIMARY SCHOOL KARAZAU,36/07/09/034,,,false,https://raw.githubusercontent.com/mykeels/inec-presidential-elections-2023/master/results/37-zamfara\3869-gusau\26257-tudun-wada\polling-units.json
ZAMFARA,GUSAU,TUDUN WADA,L/JANYAU PREM. RD IV/ UNGUWAR ZABARMA PRI. SCH.,36/07/09/055,https://docs.inecelectionresults.net/elections_prod/1292/state/01/lga/07/ward/09/pu/055/055-1677401865.pdf,2023-02-26T08:58:02.076Z,false,https://raw.githubusercontent.com/mykeels/inec-presidential-elections-2023/master/results/37-zamfara\3869-gusau\26257-tudun-wada\polling-units.json
ZAMFARA,GUSAU,TUDUN WADA,L/JANYAU/ PREM. RD II/ UNGUWAR ZABARMA PRI. SCH.,36/07/09/054,https://docs.inecelectionresults.net/elections_prod/1292/state/1/lga/3869/ward/26257/pu/178088/178088-1677727341.pdf,2023-03-02T03:23:01.250Z,true,https://raw.githubusercontent.com/mykeels/inec-presidential-elections-2023/master/results/37-zamfara\3869-gusau\26257-tudun-wada\polling-units.json
ZAMFARA,GUSAU,TUDUN WADA,L/JANYAU/ PREM. RD V/ UNG ZABARMA PRI. SCH.,36/07/09/057,https://docs.inecelectionresults.net/elections_prod/1292/state/1/lga/3869/ward/26257/pu/178091/178091-1677726325.pdf,2023-03-02T03:06:01.330Z,true,https://raw.githubusercontent.com/mykeels/inec-presidential-elections-2023/master/results/37-zamfara\3869-gusau\26257-tudun-wada\polling-units.json
ZAMFARA,GUSAU,TUDUN WADA,LABIN - LABIN I / GARKAR UMAR AGIP,36/07/09/031,https://docs.inecelectionresults.net/elections_prod/1292/state/1/lga/3869/ward/26257/pu/119768/119768-1677669813.pdf,2023-03-01T11:24:00.402Z,false,https://raw.githubusercontent.com/mykeels/inec-presidential-elections-2023/master/results/37-zamfara\3869-gusau\26257-tudun-wada\polling-units.json
ZAMFARA,GUSAU,TUDUN WADA,LABIN - LABIN II / KWANAR GARKAR MAI GEMU,36/07/09/032,https://docs.inecelectionresults.net/elections_prod/1292/state/1/lga/3869/ward/26257/pu/119769/119769-1677732395.pdf,2023-03-02T04:47:01.244Z,true,https://raw.githubusercontent.com/mykeels/inec-presidential-elections-2023/master/results/37-zamfara\3869-gusau\26257-tudun-wada\polling-units.json
ZAMFARA,GUSAU,TUDUN WADA,LABIN LABIN G/ UMARU AGIP II/ SAMBO SEC. SCH.,36/07/09/115,https://docs.inecelectionresults.net/elections_prod/1292/state/1/lga/3869/ward/26257/pu/178149/178149-1677595591.pdf,2023-02-28T14:47:00.861Z,false,https://raw.githubusercontent.com/mykeels/inec-presidential-elections-2023/master/results/37-zamfara\3869-gusau\26257-tudun-wada\polling-units.json
ZAMFARA,GUSAU,TUDUN WADA,LABIN LABIN K/ MAI GEMU II/ SAMBO SEC. SCH.,36/07/09/116,https://docs.inecelectionresults.net/elections_prod/1292/state/01/lga/07/ward/09/pu/116/116-1677361161.pdf,2023-02-25T21:40:01.369Z,false,https://raw.githubusercontent.com/mykeels/inec-presidential-elections-2023/master/results/37-zamfara\3869-gusau\26257-tudun-wada\polling-units.json
ZAMFARA,GUSAU,TUDUN WADA,LABIN LABIN K/ MAI GEMU III/ SAMBO SEC. SCH.,36/07/09/117,https://docs.inecelectionresults.net/elections_prod/1292/state/1/lga/3869/ward/26257/pu/178151/178151-1677735500.pdf,2023-03-02T05:39:01.273Z,true,https://raw.githubusercontent.com/mykeels/inec-presidential-elections-2023/master/results/37-zamfara\3869-gusau\26257-tudun-wada\polling-units.json
ZAMFARA,GUSAU,TUDUN WADA,LAYIN GAWO I / HANYAR GAWO,36/07/09/003,,,false,https://raw.githubusercontent.com/mykeels/inec-presidential-elections-2023/master/results/37-zamfara\3869-gusau\26257-tudun-wada\polling-units.json
ZAMFARA,GUSAU,TUDUN WADA,LAYIN GAWO II/ DR. KARIMA HOSP.,36/07/09/050,https://docs.inecelectionresults.net/elections_prod/1292/state/1/lga/3869/ward/26257/pu/178084/178084-1677738810.pdf,2023-03-02T06:34:00.169Z,false,https://raw.githubusercontent.com/mykeels/inec-presidential-elections-2023/master/results/37-zamfara\3869-gusau\26257-tudun-wada\polling-units.json
ZAMFARA,GUSAU,TUDUN WADA,LAYIN JAN YAU / PREMIER ROAD GUSAU,36/07/09/005,https://docs.inecelectionresults.net/elections_prod/1292/state/01/lga/07/ward/09/pu/005/005-1677386654.pdf,2023-02-26T04:58:29.476Z,false,https://raw.githubusercontent.com/mykeels/inec-presidential-elections-2023/master/results/37-zamfara\3869-gusau\26257-tudun-wada\polling-units.json
ZAMFARA,GUSAU,TUDUN WADA,LAYIN TUDU II/ NIMC OFFICE,36/07/09/118,https://docs.inecelectionresults.net/elections_prod/1292/state/1/lga/3869/ward/26257/pu/178152/178152-1677596184.pdf,2023-02-28T14:57:00.442Z,false,https://raw.githubusercontent.com/mykeels/inec-presidential-elections-2023/master/results/37-zamfara\3869-gusau\26257-tudun-wada\polling-units.json
ZAMFARA,GUSAU,TUDUN WADA,LAYIN TUDU III/ NIMC OFFICE,36/07/09/119,,,false,https://raw.githubusercontent.com/mykeels/inec-presidential-elections-2023/master/results/37-zamfara\3869-gusau\26257-tudun-wada\polling-units.json
ZAMFARA,GUSAU,TUDUN WADA,LOW COST II  /  SAMBO SEC. SCH.,36/07/09/043,https://docs.inecelectionresults.net/elections_prod/1292/state/1/lga/3869/ward/26257/pu/119780/119780-1677739614.pdf,2023-03-02T06:47:01.262Z,true,https://raw.githubusercontent.com/mykeels/inec-presidential-elections-2023/master/results/37-zamfara\3869-gusau\26257-tudun-wada\polling-units.json
ZAMFARA,GUSAU,TUDUN WADA,LOW COST II/SAMBO SEC. SCH. II,36/07/09/136,https://docs.inecelectionresults.net/elections_prod/1292/state/1/lga/3869/ward/26257/pu/178170/178170-1677508056.pdf,2023-02-27T14:28:00.981Z,false,https://raw.githubusercontent.com/mykeels/inec-presidential-elections-2023/master/results/37-zamfara\3869-gusau\26257-tudun-wada\polling-units.json
ZAMFARA,GUSAU,TUDUN WADA,LOW COST II/SAMBO SEC. SCH. III,36/07/09/137,,,false,https://raw.githubusercontent.com/mykeels/inec-presidential-elections-2023/master/results/37-zamfara\3869-gusau\26257-tudun-wada\polling-units.json
ZAMFARA,GUSAU,TUDUN WADA,LOW COST II/SAMBO SEC. SCH. IV,36/07/09/138,,,false,https://raw.githubusercontent.com/mykeels/inec-presidential-elections-2023/master/results/37-zamfara\3869-gusau\26257-tudun-wada\polling-units.json
ZAMFARA,GUSAU,TUDUN WADA,LOW COST II/SAMBO SEC. SCH. V,36/07/09/139,https://docs.inecelectionresults.net/elections_prod/1292/state/1/lga/3869/ward/26257/pu/178173/178173-1677500129.pdf,2023-02-27T12:16:00.540Z,false,https://raw.githubusercontent.com/mykeels/inec-presidential-elections-2023/master/results/37-zamfara\3869-gusau\26257-tudun-wada\polling-units.json
ZAMFARA,GUSAU,TUDUN WADA,LOW COST II/SAMBO SEC. SCH. VI,36/07/09/140,https://docs.inecelectionresults.net/elections_prod/1292/state/1/lga/3869/ward/26257/pu/178174/178174-1677510780.pdf,2023-02-27T15:15:01.197Z,false,https://raw.githubusercontent.com/mykeels/inec-presidential-elections-2023/master/results/37-zamfara\3869-gusau\26257-tudun-wada\polling-units.json
ZAMFARA,GUSAU,TUDUN WADA,LOW-COST  I / T/WADA LOW COST,36/07/09/013,https://docs.inecelectionresults.net/elections_prod/1292/state/01/lga/07/ward/09/pu/013/013-1677423914.pdf,2023-02-26T15:22:42.247Z,false,https://raw.githubusercontent.com/mykeels/inec-presidential-elections-2023/master/results/37-zamfara\3869-gusau\26257-tudun-wada\polling-units.json
ZAMFARA,GUSAU,TUDUN WADA,MARERI I   /  DAN HILIN MARERI,36/07/09/025,https://docs.inecelectionresults.net/elections_prod/1292/state/01/lga/07/ward/09/pu/025/025-1677375188.pdf,2023-02-26T01:34:02.601Z,false,https://raw.githubusercontent.com/mykeels/inec-presidential-elections-2023/master/results/37-zamfara\3869-gusau\26257-tudun-wada\polling-units.json
ZAMFARA,GUSAU,TUDUN WADA,MARERI II   /  PRIMARY SCHOOL  MARERI,36/07/09/028,https://docs.inecelectionresults.net/elections_prod/1292/state/1/lga/3869/ward/26257/pu/119765/119765-1677737868.pdf,2023-03-02T06:18:00.202Z,false,https://raw.githubusercontent.com/mykeels/inec-presidential-elections-2023/master/results/37-zamfara\3869-gusau\26257-tudun-wada\polling-units.json
ZAMFARA,GUSAU,TUDUN WADA,MARERI II  I / DAN BEDI,36/07/09/036,https://docs.inecelectionresults.net/elections_prod/1292/state/1/lga/3869/ward/26257/pu/119773/119773-1677739078.pdf,2023-03-02T06:38:00.227Z,false,https://raw.githubusercontent.com/mykeels/inec-presidential-elections-2023/master/results/37-zamfara\3869-gusau\26257-tudun-wada\polling-units.json
ZAMFARA,GUSAU,TUDUN WADA,MARERI II/  PRI. SCH.,36/07/09/107,https://docs.inecelectionresults.net/elections_prod/1292/state/1/lga/3869/ward/26257/pu/178141/178141-1677729194.pdf,2023-03-02T03:55:01.365Z,true,https://raw.githubusercontent.com/mykeels/inec-presidential-elections-2023/master/results/37-zamfara\3869-gusau\26257-tudun-wada\polling-units.json
ZAMFARA,GUSAU,TUDUN WADA,MARERI III / PRI. SCH.,36/07/09/108,https://docs.inecelectionresults.net/elections_prod/1292/state/1/lga/3869/ward/26257/pu/178142/178142-1677744668.pdf,2023-03-02T08:12:01.277Z,true,https://raw.githubusercontent.com/mykeels/inec-presidential-elections-2023/master/results/37-zamfara\3869-gusau\26257-tudun-wada\polling-units.json
ZAMFARA,GUSAU,TUDUN WADA,MASALLACHI /S/HANYA / BAKIN MASALLACHI,36/07/09/038,https://docs.inecelectionresults.net/elections_prod/1292/state/01/lga/07/ward/09/pu/038/038-1677417092.pdf,2023-02-26T13:12:01.278Z,false,https://raw.githubusercontent.com/mykeels/inec-presidential-elections-2023/master/results/37-zamfara\3869-gusau\26257-tudun-wada\polling-units.json
ZAMFARA,GUSAU,TUDUN WADA,MASALLACI / BAKIN MASSALLACI,36/07/09/022,,,false,https://raw.githubusercontent.com/mykeels/inec-presidential-elections-2023/master/results/37-zamfara\3869-gusau\26257-tudun-wada\polling-units.json
ZAMFARA,GUSAU,TUDUN WADA,MASJID SAHABA III / BAYAN NEPA BAKIN DUTSI,36/07/09/122,https://docs.inecelectionresults.net/elections_prod/1292/state/1/lga/3869/ward/26257/pu/178156/178156-1677739244.pdf,2023-03-02T06:41:01.261Z,true,https://raw.githubusercontent.com/mykeels/inec-presidential-elections-2023/master/results/37-zamfara\3869-gusau\26257-tudun-wada\polling-units.json
ZAMFARA,GUSAU,TUDUN WADA,METROLOGICAL CENTRE (OLD AIRPORT)/FILIN JIRGI,36/07/09/064,https://docs.inecelectionresults.net/elections_prod/1292/state/1/lga/3869/ward/26257/pu/178098/178098-1677675157.pdf,2023-03-01T12:53:00.584Z,false,https://raw.githubusercontent.com/mykeels/inec-presidential-elections-2023/master/results/37-zamfara\3869-gusau\26257-tudun-wada\polling-units.json
ZAMFARA,GUSAU,TUDUN WADA,N.A.D.D.C (WORKSHOP SAMINAKA),36/07/09/110,https://docs.inecelectionresults.net/elections_prod/1292/state/1/lga/3869/ward/26257/pu/178144/178144-1677737594.pdf,2023-03-02T06:14:01.081Z,true,https://raw.githubusercontent.com/mykeels/inec-presidential-elections-2023/master/results/37-zamfara\3869-gusau\26257-tudun-wada\polling-units.json
ZAMFARA,GUSAU,TUDUN WADA,PRI. SCH. CLOSE TO MASJID SAHABA II,36/07/09/121,https://docs.inecelectionresults.net/elections_prod/1292/state/01/lga/07/ward/09/pu/121/121-1677408634.pdf,2023-02-26T10:51:02.470Z,false,https://raw.githubusercontent.com/mykeels/inec-presidential-elections-2023/master/results/37-zamfara\3869-gusau\26257-tudun-wada\polling-units.json
ZAMFARA,GUSAU,TUDUN WADA,PRI. SCH. CLOSE TO MASJID SAHABA IV,36/07/09/123,,,false,https://raw.githubusercontent.com/mykeels/inec-presidential-elections-2023/master/results/37-zamfara\3869-gusau\26257-tudun-wada\polling-units.json
ZAMFARA,GUSAU,TUDUN WADA,PRISON YARD / UNGUWAR GWAZA PRISON,36/07/09/012,https://docs.inecelectionresults.net/elections_prod/1292/state/1/lga/3869/ward/26257/pu/119749/119749-1677670047.pdf,2023-03-01T11:28:00.486Z,false,https://raw.githubusercontent.com/mykeels/inec-presidential-elections-2023/master/results/37-zamfara\3869-gusau\26257-tudun-wada\polling-units.json
ZAMFARA,GUSAU,TUDUN WADA,RIJIYAR GABAS PRI. SCH.,36/07/09/083,,,false,https://raw.githubusercontent.com/mykeels/inec-presidential-elections-2023/master/results/37-zamfara\3869-gusau\26257-tudun-wada\polling-units.json
ZAMFARA,GUSAU,TUDUN WADA,S/HANYA G/ MAI SHANU II/ GALADIMA ALA GIRLS FOCAL PRI. SCH.,36/07/09/143,https://docs.inecelectionresults.net/elections_prod/1292/state/1/lga/3869/ward/26257/pu/178177/178177-1677513939.pdf,2023-02-27T16:06:01.651Z,false,https://raw.githubusercontent.com/mykeels/inec-presidential-elections-2023/master/results/37-zamfara\3869-gusau\26257-tudun-wada\polling-units.json
ZAMFARA,GUSAU,TUDUN WADA,S/HANYA G/MAI SHANU III/ GALADIMA ALA GIRLS FOCAL PRI. SCH.,36/07/09/144,https://docs.inecelectionresults.net/elections_prod/1292/state/1/lga/3869/ward/26257/pu/178178/178178-1677501195.pdf,2023-02-27T12:34:01.265Z,false,https://raw.githubusercontent.com/mykeels/inec-presidential-elections-2023/master/results/37-zamfara\3869-gusau\26257-tudun-wada\polling-units.json
ZAMFARA,GUSAU,TUDUN WADA,S/HANYA G/MAI SHANU IV/ GALADIMA ALA GIRLS FOCAL PRI. SCH.,36/07/09/145,https://docs.inecelectionresults.net/elections_prod/1292/state/1/lga/3869/ward/26257/pu/178179/178179-1677734462.pdf,2023-03-02T05:22:01.326Z,true,https://raw.githubusercontent.com/mykeels/inec-presidential-elections-2023/master/results/37-zamfara\3869-gusau\26257-tudun-wada\polling-units.json
ZAMFARA,GUSAU,TUDUN WADA,SABUWAR HANYA / GARKAR  MAI SHANU,36/07/09/045,https://docs.inecelectionresults.net/elections_prod/1292/state/1/lga/3869/ward/26257/pu/119782/119782-1677668627.pdf,2023-03-01T11:04:00.797Z,false,https://raw.githubusercontent.com/mykeels/inec-presidential-elections-2023/master/results/37-zamfara\3869-gusau\26257-tudun-wada\polling-units.json
ZAMFARA,GUSAU,TUDUN WADA,SABUWAR HANYA/B/ MASALLACI II/ G/ ALA GIRLS FOCAL PRI. SCH.,36/07/09/128,https://docs.inecelectionresults.net/elections_prod/1292/state/1/lga/3869/ward/26257/pu/178162/178162-1677598490.pdf,2023-02-28T15:35:01.382Z,false,https://raw.githubusercontent.com/mykeels/inec-presidential-elections-2023/master/results/37-zamfara\3869-gusau\26257-tudun-wada\polling-units.json
ZAMFARA,GUSAU,TUDUN WADA,SHIYAR AWALA II/ U.B.E LOW COST PRI. SCH.,36/07/09/111,https://docs.inecelectionresults.net/elections_prod/1292/state/1/lga/3869/ward/26257/pu/178145/178145-1677597649.pdf,2023-02-28T15:21:00.422Z,false,https://raw.githubusercontent.com/mykeels/inec-presidential-elections-2023/master/results/37-zamfara\3869-gusau\26257-tudun-wada\polling-units.json
ZAMFARA,GUSAU,TUDUN WADA,SHIYAR AWALA III/ U.B.E LOW COST PRI. SCH.,36/07/09/112,https://docs.inecelectionresults.net/elections_prod/1292/state/1/lga/3869/ward/26257/pu/178146/178146-1677727023.pdf,2023-03-02T03:18:01.096Z,true,https://raw.githubusercontent.com/mykeels/inec-presidential-elections-2023/master/results/37-zamfara\3869-gusau\26257-tudun-wada\polling-units.json
ZAMFARA,GUSAU,TUDUN WADA,SHIYAR AWALA IV/ U.B.E LOW COST PRI. SCH.,36/07/09/113,https://docs.inecelectionresults.net/elections_prod/1292/state/1/lga/3869/ward/26257/pu/178147/178147-1677725990.pdf,2023-03-02T03:00:01.285Z,true,https://raw.githubusercontent.com/mykeels/inec-presidential-elections-2023/master/results/37-zamfara\3869-gusau\26257-tudun-wada\polling-units.json
ZAMFARA,GUSAU,TUDUN WADA,SHIYAR AWALA V/ U.B.E LOW COST PRI. SCH.,36/07/09/114,,,false,https://raw.githubusercontent.com/mykeels/inec-presidential-elections-2023/master/results/37-zamfara\3869-gusau\26257-tudun-wada\polling-units.json
ZAMFARA,GUSAU,TUDUN WADA,T. MASAKA  /  TSAMIYAR MASARA,36/07/09/006,,,false,https://raw.githubusercontent.com/mykeels/inec-presidential-elections-2023/master/results/37-zamfara\3869-gusau\26257-tudun-wada\polling-units.json
ZAMFARA,GUSAU,TUDUN WADA,T/WADA KORAMABOKO / GARKAR LAWALI K. BOKO,36/07/09/037,https://docs.inecelectionresults.net/elections_prod/1292/state/01/lga/07/ward/09/pu/037/037-1677365321.pdf,2023-02-25T22:49:02.118Z,false,https://raw.githubusercontent.com/mykeels/inec-presidential-elections-2023/master/results/37-zamfara\3869-gusau\26257-tudun-wada\polling-units.json
ZAMFARA,GUSAU,TUDUN WADA,T/YARSARKI II/ GIRLS FOCAL PRI. SCH.,36/07/09/090,,,false,https://raw.githubusercontent.com/mykeels/inec-presidential-elections-2023/master/results/37-zamfara\3869-gusau\26257-tudun-wada\polling-units.json
ZAMFARA,GUSAU,TUDUN WADA,TANKIN RUWA/HIRA DA KWADI II,36/07/09/060,https://docs.inecelectionresults.net/elections_prod/1292/state/1/lga/3869/ward/26257/pu/178094/178094-1677736970.pdf,2023-03-02T06:03:01.266Z,true,https://raw.githubusercontent.com/mykeels/inec-presidential-elections-2023/master/results/37-zamfara\3869-gusau\26257-tudun-wada\polling-units.json
ZAMFARA,GUSAU,TUDUN WADA,TANKIN RUWA/HIRA DA KWADI III,36/07/09/061,,,false,https://raw.githubusercontent.com/mykeels/inec-presidential-elections-2023/master/results/37-zamfara\3869-gusau\26257-tudun-wada\polling-units.json
ZAMFARA,GUSAU,TUDUN WADA,TANKIN RUWA/HIRA DA KWADI IV,36/07/09/062,,,false,https://raw.githubusercontent.com/mykeels/inec-presidential-elections-2023/master/results/37-zamfara\3869-gusau\26257-tudun-wada\polling-units.json
ZAMFARA,GUSAU,TUDUN WADA,TSAMIYA MASAKA II/ DR. KARIMA HOSP.,36/07/09/058,https://docs.inecelectionresults.net/elections_prod/1292/state/1/lga/3869/ward/26257/pu/178092/178092-1677726644.pdf,2023-03-02T03:11:01.336Z,true,https://raw.githubusercontent.com/mykeels/inec-presidential-elections-2023/master/results/37-zamfara\3869-gusau\26257-tudun-wada\polling-units.json
ZAMFARA,GUSAU,TUDUN WADA,TSAMIYAR MASAKA III/ DR. KARIMA HOSP.,36/07/09/059,,,false,https://raw.githubusercontent.com/mykeels/inec-presidential-elections-2023/master/results/37-zamfara\3869-gusau\26257-tudun-wada\polling-units.json
ZAMFARA,GUSAU,TUDUN WADA,TUDUN WADA I  / PRIMARY SCHOOL,36/07/09/001,https://docs.inecelectionresults.net/elections_prod/1292/state/1/lga/3869/ward/26257/pu/119738/119738-1677672783.pdf,2023-03-01T12:14:00.130Z,false,https://raw.githubusercontent.com/mykeels/inec-presidential-elections-2023/master/results/37-zamfara\3869-gusau\26257-tudun-wada\polling-units.json
ZAMFARA,GUSAU,TUDUN WADA,TUDUN WADA I/PRI. SCH. II,36/07/09/046,https://docs.inecelectionresults.net/elections_prod/1292/state/1/lga/3869/ward/26257/pu/178080/178080-1677673774.pdf,2023-03-01T12:31:00.516Z,false,https://raw.githubusercontent.com/mykeels/inec-presidential-elections-2023/master/results/37-zamfara\3869-gusau\26257-tudun-wada\polling-units.json
ZAMFARA,GUSAU,TUDUN WADA,TUDUN WADA I/PRI. SCH. III,36/07/09/047,https://docs.inecelectionresults.net/elections_prod/1292/state/1/lga/3869/ward/26257/pu/178081/178081-1677734295.pdf,2023-03-02T05:19:01.289Z,true,https://raw.githubusercontent.com/mykeels/inec-presidential-elections-2023/master/results/37-zamfara\3869-gusau\26257-tudun-wada\polling-units.json
ZAMFARA,GUSAU,TUDUN WADA,TUDUN WADA II  / BAYAN ISLAMIYYA SCHOOL,36/07/09/002,https://docs.inecelectionresults.net/elections_prod/1292/state/1/lga/3869/ward/26257/pu/119739/119739-1677737427.pdf,2023-03-02T06:11:00.253Z,false,https://raw.githubusercontent.com/mykeels/inec-presidential-elections-2023/master/results/37-zamfara\3869-gusau\26257-tudun-wada\polling-units.json
ZAMFARA,GUSAU,TUDUN WADA,TUDUN WADA III / TUDUN YAR SARKI,36/07/09/020,https://docs.inecelectionresults.net/elections_prod/1292/state/01/lga/07/ward/09/pu/020/020-1677419412.pdf,2023-02-26T13:51:01.304Z,false,https://raw.githubusercontent.com/mykeels/inec-presidential-elections-2023/master/results/37-zamfara\3869-gusau\26257-tudun-wada\polling-units.json
ZAMFARA,GUSAU,TUDUN WADA,U.B.E LOW COST PRI. SCHOOL II,36/07/09/071,https://docs.inecelectionresults.net/elections_prod/1292/state/1/lga/3869/ward/26257/pu/178105/178105-1677674897.pdf,2023-03-01T12:49:00.465Z,false,https://raw.githubusercontent.com/mykeels/inec-presidential-elections-2023/master/results/37-zamfara\3869-gusau\26257-tudun-wada\polling-units.json
ZAMFARA,GUSAU,TUDUN WADA,U.B.E LOW COST PRI. SCHOOL III,36/07/09/072,https://docs.inecelectionresults.net/elections_prod/1292/state/1/lga/3869/ward/26257/pu/178106/178106-1677738695.pdf,2023-03-02T06:32:00.124Z,false,https://raw.githubusercontent.com/mykeels/inec-presidential-elections-2023/master/results/37-zamfara\3869-gusau\26257-tudun-wada\polling-units.json
ZAMFARA,GUSAU,TUDUN WADA,U.B.E LOW COST PRI. SCHOOL IV,36/07/09/073,https://docs.inecelectionresults.net/elections_prod/1292/state/1/lga/3869/ward/26257/pu/178107/178107-1677734767.pdf,2023-03-02T05:27:01.208Z,true,https://raw.githubusercontent.com/mykeels/inec-presidential-elections-2023/master/results/37-zamfara\3869-gusau\26257-tudun-wada\polling-units.json
ZAMFARA,GUSAU,TUDUN WADA,U.B.E LOW COST PRI. SCHOOL IX,36/07/09/078,,,false,https://raw.githubusercontent.com/mykeels/inec-presidential-elections-2023/master/results/37-zamfara\3869-gusau\26257-tudun-wada\polling-units.json
ZAMFARA,GUSAU,TUDUN WADA,U.B.E LOW COST PRI. SCHOOL V,36/07/09/074,https://docs.inecelectionresults.net/elections_prod/1292/state/1/lga/3869/ward/26257/pu/178108/178108-1677675717.pdf,2023-03-01T13:02:00.534Z,false,https://raw.githubusercontent.com/mykeels/inec-presidential-elections-2023/master/results/37-zamfara\3869-gusau\26257-tudun-wada\polling-units.json
ZAMFARA,GUSAU,TUDUN WADA,U.B.E LOW COST PRI. SCHOOL VI,36/07/09/075,https://docs.inecelectionresults.net/elections_prod/1292/state/1/lga/3869/ward/26257/pu/178109/178109-1677733914.pdf,2023-03-02T05:12:01.154Z,true,https://raw.githubusercontent.com/mykeels/inec-presidential-elections-2023/master/results/37-zamfara\3869-gusau\26257-tudun-wada\polling-units.json
ZAMFARA,GUSAU,TUDUN WADA,U.B.E LOW COST PRI. SCHOOL VII,36/07/09/076,,,false,https://raw.githubusercontent.com/mykeels/inec-presidential-elections-2023/master/results/37-zamfara\3869-gusau\26257-tudun-wada\polling-units.json
ZAMFARA,GUSAU,TUDUN WADA,U.B.E LOW COST PRI. SCHOOL VIII,36/07/09/077,https://docs.inecelectionresults.net/elections_prod/1292/state/01/lga/07/ward/09/pu/077/077-1677402521.pdf,2023-02-26T09:10:01.804Z,false,https://raw.githubusercontent.com/mykeels/inec-presidential-elections-2023/master/results/37-zamfara\3869-gusau\26257-tudun-wada\polling-units.json
ZAMFARA,GUSAU,TUDUN WADA,U.B.E TRAINING CENTRE/ BYE PASS ROAD,36/07/09/109,,,false,https://raw.githubusercontent.com/mykeels/inec-presidential-elections-2023/master/results/37-zamfara\3869-gusau\26257-tudun-wada\polling-units.json
ZAMFARA,GUSAU,TUDUN WADA,UNG. SHADO NORMADIC PRI. SCH.,36/07/09/124,https://docs.inecelectionresults.net/elections_prod/1292/state/1/lga/3869/ward/26257/pu/178158/178158-1677735101.pdf,2023-03-02T05:32:00.132Z,false,https://raw.githubusercontent.com/mykeels/inec-presidential-elections-2023/master/results/37-zamfara\3869-gusau\26257-tudun-wada\polling-units.json
ZAMFARA,GUSAU,TUDUN WADA,UNGUWAR GWAZA SEC. SCH. II,36/07/09/069,https://docs.inecelectionresults.net/elections_prod/1292/state/1/lga/3869/ward/26257/pu/178103/178103-1677674497.pdf,2023-03-01T12:42:00.703Z,false,https://raw.githubusercontent.com/mykeels/inec-presidential-elections-2023/master/results/37-zamfara\3869-gusau\26257-tudun-wada\polling-units.json
ZAMFARA,GUSAU,TUDUN WADA,UNGUWAR GWAZA SEC. SCH. III,36/07/09/070,https://docs.inecelectionresults.net/elections_prod/1292/state/1/lga/3869/ward/26257/pu/178104/178104-1677598175.pdf,2023-02-28T15:30:00.920Z,false,https://raw.githubusercontent.com/mykeels/inec-presidential-elections-2023/master/results/37-zamfara\3869-gusau\26257-tudun-wada\polling-units.json
ZAMFARA,GUSAU,TUDUN WADA,UNGUWAR ZABARMA PRI. SCH. III,36/07/09/087,https://docs.inecelectionresults.net/elections_prod/1292/state/1/lga/3869/ward/26257/pu/178121/178121-1677675525.pdf,2023-03-01T12:59:00.608Z,false,https://raw.githubusercontent.com/mykeels/inec-presidential-elections-2023/master/results/37-zamfara\3869-gusau\26257-tudun-wada\polling-units.json
ZAMFARA,GUSAU,TUDUN WADA,UNGUWAR ZABARMA PRI. SCH. IV,36/07/09/056,https://docs.inecelectionresults.net/elections_prod/1292/state/1/lga/3869/ward/26257/pu/178090/178090-1677738200.pdf,2023-03-02T06:24:00.210Z,false,https://raw.githubusercontent.com/mykeels/inec-presidential-elections-2023/master/results/37-zamfara\3869-gusau\26257-tudun-wada\polling-units.json
ZAMFARA,GUSAU,TUDUN WADA,W.A TEACHER'S COLLEGE I  /  W. A. T. C.,36/07/09/015,https://docs.inecelectionresults.net/elections_prod/1292/state/01/lga/07/ward/09/pu/015/015-1677360573.pdf,2023-02-25T21:30:01.976Z,false,https://raw.githubusercontent.com/mykeels/inec-presidential-elections-2023/master/results/37-zamfara\3869-gusau\26257-tudun-wada\polling-units.json
ZAMFARA,GUSAU,TUDUN WADA,W.A TEACHER'S COLLEGE II  /  W. A. T. C.,36/07/09/016,https://docs.inecelectionresults.net/elections_prod/1292/state/01/lga/07/ward/09/pu/016/016-1677386164.pdf,2023-02-26T04:58:14.537Z,false,https://raw.githubusercontent.com/mykeels/inec-presidential-elections-2023/master/results/37-zamfara\3869-gusau\26257-tudun-wada\polling-units.json
ZAMFARA,GUSAU,TUDUN WADA,ZAMAN GIRA / GARKAR MAI UNGUWA,36/07/09/027,,,false,https://raw.githubusercontent.com/mykeels/inec-presidential-elections-2023/master/results/37-zamfara\3869-gusau\26257-tudun-wada\polling-units.json
ZAMFARA,GUSAU,WANKE,AKUZO  / GARKAR MAI UNG.,36/07/10/029,,,false,https://raw.githubusercontent.com/mykeels/inec-presidential-elections-2023/master/results/37-zamfara\3869-gusau\26258-wanke\polling-units.json
ZAMFARA,GUSAU,WANKE,BAKIN WA I / GARKAR MAI UNG.,36/07/10/011,,,false,https://raw.githubusercontent.com/mykeels/inec-presidential-elections-2023/master/results/37-zamfara\3869-gusau\26258-wanke\polling-units.json
ZAMFARA,GUSAU,WANKE,BAKIN WA II / GARKAR MAI UNG.,36/07/10/012,,,false,https://raw.githubusercontent.com/mykeels/inec-presidential-elections-2023/master/results/37-zamfara\3869-gusau\26258-wanke\polling-units.json
ZAMFARA,GUSAU,WANKE,BOKAWA  / GARKAR MAI UNG.,36/07/10/028,,,false,https://raw.githubusercontent.com/mykeels/inec-presidential-elections-2023/master/results/37-zamfara\3869-gusau\26258-wanke\polling-units.json
ZAMFARA,GUSAU,WANKE,DOGON DAJI  I  / BAKIN MASALLACHI,36/07/10/019,,,false,https://raw.githubusercontent.com/mykeels/inec-presidential-elections-2023/master/results/37-zamfara\3869-gusau\26258-wanke\polling-units.json
ZAMFARA,GUSAU,WANKE,DOGON DAJI II  / GARKAR MAI UNG.,36/07/10/020,,,false,https://raw.githubusercontent.com/mykeels/inec-presidential-elections-2023/master/results/37-zamfara\3869-gusau\26258-wanke\polling-units.json
ZAMFARA,GUSAU,WANKE,DOKAU   /  PRI. SCH. DOKAU,36/07/10/002,,,false,https://raw.githubusercontent.com/mykeels/inec-presidential-elections-2023/master/results/37-zamfara\3869-gusau\26258-wanke\polling-units.json
ZAMFARA,GUSAU,WANKE,DUMMA  /   PRI. SCH.,36/07/10/006,,,false,https://raw.githubusercontent.com/mykeels/inec-presidential-elections-2023/master/results/37-zamfara\3869-gusau\26258-wanke\polling-units.json
ZAMFARA,GUSAU,WANKE,GIDAN ANGO   /  PRI. SCH.,36/07/10/003,,,false,https://raw.githubusercontent.com/mykeels/inec-presidential-elections-2023/master/results/37-zamfara\3869-gusau\26258-wanke\polling-units.json
ZAMFARA,GUSAU,WANKE,GIDAN GABI / GARKAR MAI UNGUWA,36/07/10/001,,,false,https://raw.githubusercontent.com/mykeels/inec-presidential-elections-2023/master/results/37-zamfara\3869-gusau\26258-wanke\polling-units.json
ZAMFARA,GUSAU,WANKE,GIDAN KADO I / KAN WURI,36/07/10/017,,,false,https://raw.githubusercontent.com/mykeels/inec-presidential-elections-2023/master/results/37-zamfara\3869-gusau\26258-wanke\polling-units.json
ZAMFARA,GUSAU,WANKE,GIDAN KADO II / BAKIN MASALLACHI FALAM,36/07/10/018,,,false,https://raw.githubusercontent.com/mykeels/inec-presidential-elections-2023/master/results/37-zamfara\3869-gusau\26258-wanke\polling-units.json
ZAMFARA,GUSAU,WANKE,GIDAN MALAM / GARKAR MAI UNG.,36/07/10/025,,,false,https://raw.githubusercontent.com/mykeels/inec-presidential-elections-2023/master/results/37-zamfara\3869-gusau\26258-wanke\polling-units.json
ZAMFARA,GUSAU,WANKE,JANGEME   /  PRI. SCH.,36/07/10/027,,,false,https://raw.githubusercontent.com/mykeels/inec-presidential-elections-2023/master/results/37-zamfara\3869-gusau\26258-wanke\polling-units.json
ZAMFARA,GUSAU,WANKE,JERI I   /   GARKAR MAI UNG.,36/07/10/007,,,false,https://raw.githubusercontent.com/mykeels/inec-presidential-elections-2023/master/results/37-zamfara\3869-gusau\26258-wanke\polling-units.json
ZAMFARA,GUSAU,WANKE,JERI II  /   PR. SCH.,36/07/10/008,,,false,https://raw.githubusercontent.com/mykeels/inec-presidential-elections-2023/master/results/37-zamfara\3869-gusau\26258-wanke\polling-units.json
ZAMFARA,GUSAU,WANKE,JIRA I / GARKAR MAI UNG.,36/07/10/009,,,false,https://raw.githubusercontent.com/mykeels/inec-presidential-elections-2023/master/results/37-zamfara\3869-gusau\26258-wanke\polling-units.json
ZAMFARA,GUSAU,WANKE,JIRA II/GARKAR MAI UNG,36/07/10/010,https://docs.inecelectionresults.net/elections_prod/1292/state/1/lga/3869/ward/26258/pu/119792/119792-1677508814.pdf,2023-02-27T14:41:01.445Z,false,https://raw.githubusercontent.com/mykeels/inec-presidential-elections-2023/master/results/37-zamfara\3869-gusau\26258-wanke\polling-units.json
ZAMFARA,GUSAU,WANKE,KAZAUDA / GARKAR MAI UNG.,36/07/10/024,,,false,https://raw.githubusercontent.com/mykeels/inec-presidential-elections-2023/master/results/37-zamfara\3869-gusau\26258-wanke\polling-units.json
ZAMFARA,GUSAU,WANKE,MADARO I / GARKAR MAI UNG.,36/07/10/021,,,false,https://raw.githubusercontent.com/mykeels/inec-presidential-elections-2023/master/results/37-zamfara\3869-gusau\26258-wanke\polling-units.json
ZAMFARA,GUSAU,WANKE,MADARO II  / GARKAR MAI UNGUWA B/DUSTI,36/07/10/022,,,false,https://raw.githubusercontent.com/mykeels/inec-presidential-elections-2023/master/results/37-zamfara\3869-gusau\26258-wanke\polling-units.json
ZAMFARA,GUSAU,WANKE,MADARO III / GARKAR MAI UNG.,36/07/10/023,,,false,https://raw.githubusercontent.com/mykeels/inec-presidential-elections-2023/master/results/37-zamfara\3869-gusau\26258-wanke\polling-units.json
ZAMFARA,GUSAU,WANKE,NASARAWA I   /  PRI. SCH.,36/07/10/004,https://docs.inecelectionresults.net/elections_prod/1292/state/1/lga/3869/ward/26258/pu/119786/119786-1677512257.pdf,2023-02-27T15:38:01.636Z,false,https://raw.githubusercontent.com/mykeels/inec-presidential-elections-2023/master/results/37-zamfara\3869-gusau\26258-wanke\polling-units.json
ZAMFARA,GUSAU,WANKE,NASARAWA II / GOBIRAWA,36/07/10/005,,,false,https://raw.githubusercontent.com/mykeels/inec-presidential-elections-2023/master/results/37-zamfara\3869-gusau\26258-wanke\polling-units.json
ZAMFARA,GUSAU,WANKE,RUWAN KUNKU /BAKIN DAM,36/07/10/032,,,false,https://raw.githubusercontent.com/mykeels/inec-presidential-elections-2023/master/results/37-zamfara\3869-gusau\26258-wanke\polling-units.json
ZAMFARA,GUSAU,WANKE,TUNGAR HAKI / GARKAR HAKIMI,36/07/10/026,,,false,https://raw.githubusercontent.com/mykeels/inec-presidential-elections-2023/master/results/37-zamfara\3869-gusau\26258-wanke\polling-units.json
ZAMFARA,GUSAU,WANKE,TUNGAR HAKI II/PRI. SCH.,36/07/10/031,,,false,https://raw.githubusercontent.com/mykeels/inec-presidential-elections-2023/master/results/37-zamfara\3869-gusau\26258-wanke\polling-units.json
ZAMFARA,GUSAU,WANKE,WANKE GABAS I / G/H NANA,36/07/10/013,,,false,https://raw.githubusercontent.com/mykeels/inec-presidential-elections-2023/master/results/37-zamfara\3869-gusau\26258-wanke\polling-units.json
ZAMFARA,GUSAU,WANKE,WANKE GABAS II /  PRIMARY SCHOOL,36/07/10/014,,,false,https://raw.githubusercontent.com/mykeels/inec-presidential-elections-2023/master/results/37-zamfara\3869-gusau\26258-wanke\polling-units.json
ZAMFARA,GUSAU,WANKE,WANKE YAMMA I /  GARKAR MAI UNGUWA,36/07/10/015,https://docs.inecelectionresults.net/elections_prod/1292/state/1/lga/3869/ward/26258/pu/119797/119797-1677509093.pdf,2023-02-27T14:45:01.828Z,false,https://raw.githubusercontent.com/mykeels/inec-presidential-elections-2023/master/results/37-zamfara\3869-gusau\26258-wanke\polling-units.json
ZAMFARA,GUSAU,WANKE,WANKE YAMMA II   /  BAKIN MASALACHI,36/07/10/016,,,false,https://raw.githubusercontent.com/mykeels/inec-presidential-elections-2023/master/results/37-zamfara\3869-gusau\26258-wanke\polling-units.json
ZAMFARA,GUSAU,WANKE,WANKEN GABAS PRI. SCH. III,36/07/10/030,,,false,https://raw.githubusercontent.com/mykeels/inec-presidential-elections-2023/master/results/37-zamfara\3869-gusau\26258-wanke\polling-units.json
ZAMFARA,GUSAU,WONAKA,AJJA / YAR YARA,36/07/11/018,https://docs.inecelectionresults.net/elections_prod/1292/state/1/lga/3869/ward/26259/pu/119829/119829-1677718271.pdf,2023-03-02T00:52:01.245Z,true,https://raw.githubusercontent.com/mykeels/inec-presidential-elections-2023/master/results/37-zamfara\3869-gusau\26259-wonaka\polling-units.json
ZAMFARA,GUSAU,WONAKA,AJJAR FULANI / GYARAWA,36/07/11/030,https://docs.inecelectionresults.net/elections_prod/1292/state/1/lga/3869/ward/26259/pu/119841/119841-1677715425.pdf,2023-03-02T00:04:00.334Z,false,https://raw.githubusercontent.com/mykeels/inec-presidential-elections-2023/master/results/37-zamfara\3869-gusau\26259-wonaka\polling-units.json
ZAMFARA,GUSAU,WONAKA,BANTSA /  BAKIN MASALLACHI,36/07/11/021,https://docs.inecelectionresults.net/elections_prod/1292/state/1/lga/3869/ward/26259/pu/119832/119832-1677751805.pdf,2023-03-02T10:11:01.279Z,true,https://raw.githubusercontent.com/mykeels/inec-presidential-elections-2023/master/results/37-zamfara\3869-gusau\26259-wonaka\polling-units.json
ZAMFARA,GUSAU,WONAKA,DOKA / KUKAR FULANI,36/07/11/022,https://docs.inecelectionresults.net/elections_prod/1292/state/1/lga/3869/ward/26259/pu/119833/119833-1677711125.pdf,2023-03-01T22:53:00.201Z,false,https://raw.githubusercontent.com/mykeels/inec-presidential-elections-2023/master/results/37-zamfara\3869-gusau\26259-wonaka\polling-units.json
ZAMFARA,GUSAU,WONAKA,DUNKULAWA / PRI. SCH.,36/07/11/002,https://docs.inecelectionresults.net/elections_prod/1292/state/1/lga/3869/ward/26259/pu/119813/119813-1677541996.pdf,2023-02-27T23:54:00.203Z,false,https://raw.githubusercontent.com/mykeels/inec-presidential-elections-2023/master/results/37-zamfara\3869-gusau\26259-wonaka\polling-units.json
ZAMFARA,GUSAU,WONAKA,DUNKULAWA II / DAN HILI,36/07/11/029,https://docs.inecelectionresults.net/elections_prod/1292/state/1/lga/3869/ward/26259/pu/119840/119840-1677714588.pdf,2023-03-01T23:50:01.343Z,true,https://raw.githubusercontent.com/mykeels/inec-presidential-elections-2023/master/results/37-zamfara\3869-gusau\26259-wonaka\polling-units.json
ZAMFARA,GUSAU,WONAKA,FURA GIRKE   /  PRI. SCH.  FURA GIRKE,36/07/11/012,https://docs.inecelectionresults.net/elections_prod/1292/state/1/lga/3869/ward/26259/pu/119823/119823-1677716744.pdf,2023-03-02T00:26:01.401Z,true,https://raw.githubusercontent.com/mykeels/inec-presidential-elections-2023/master/results/37-zamfara\3869-gusau\26259-wonaka\polling-units.json
ZAMFARA,GUSAU,WONAKA,FURA GIRKE II/PRI. SCHOOL,36/07/11/032,https://docs.inecelectionresults.net/elections_prod/1292/state/1/lga/3869/ward/26259/pu/178183/178183-1677716425.pdf,2023-03-02T00:21:01.289Z,true,https://raw.githubusercontent.com/mykeels/inec-presidential-elections-2023/master/results/37-zamfara\3869-gusau\26259-wonaka\polling-units.json
ZAMFARA,GUSAU,WONAKA,GIDA MAI WADA  II  /  PRI SCH.,36/07/11/024,https://docs.inecelectionresults.net/elections_prod/1292/state/1/lga/3869/ward/26259/pu/119835/119835-1677712397.pdf,2023-03-01T23:14:00.100Z,true,https://raw.githubusercontent.com/mykeels/inec-presidential-elections-2023/master/results/37-zamfara\3869-gusau\26259-wonaka\polling-units.json
ZAMFARA,GUSAU,WONAKA,GIDAN  / NAWAJJE / GARKAR SARKIN FAWA,36/07/11/020,https://docs.inecelectionresults.net/elections_prod/1292/state/1/lga/3869/ward/26259/pu/119831/119831-1677718846.pdf,2023-03-02T01:01:00.134Z,false,https://raw.githubusercontent.com/mykeels/inec-presidential-elections-2023/master/results/37-zamfara\3869-gusau\26259-wonaka\polling-units.json
ZAMFARA,GUSAU,WONAKA,GIDAN ALJANI I / GARKAR MALLAM MANDE,36/07/11/010,https://docs.inecelectionresults.net/elections_prod/1292/state/1/lga/3869/ward/26259/pu/119821/119821-1677546130.pdf,2023-02-28T01:02:59.881Z,false,https://raw.githubusercontent.com/mykeels/inec-presidential-elections-2023/master/results/37-zamfara\3869-gusau\26259-wonaka\polling-units.json
ZAMFARA,GUSAU,WONAKA,GIDAN BACHIRI  /  GARKAR  BACHIRI,36/07/11/011,https://docs.inecelectionresults.net/elections_prod/1292/state/1/lga/3869/ward/26259/pu/119822/119822-1677599598.pdf,2023-02-28T15:54:00.245Z,false,https://raw.githubusercontent.com/mykeels/inec-presidential-elections-2023/master/results/37-zamfara\3869-gusau\26259-wonaka\polling-units.json
ZAMFARA,GUSAU,WONAKA,GIDAN MA'AJI I / DAN HILI,36/07/11/003,https://docs.inecelectionresults.net/elections_prod/1292/state/1/lga/3869/ward/26259/pu/119814/119814-1677542857.pdf,2023-02-28T00:08:00.335Z,false,https://raw.githubusercontent.com/mykeels/inec-presidential-elections-2023/master/results/37-zamfara\3869-gusau\26259-wonaka\polling-units.json
ZAMFARA,GUSAU,WONAKA,GIDAN MA'AJI II / DAN BEDI,36/07/11/028,https://docs.inecelectionresults.net/elections_prod/1292/state/1/lga/3869/ward/26259/pu/119839/119839-1677752045.pdf,2023-03-02T10:15:01.277Z,true,https://raw.githubusercontent.com/mykeels/inec-presidential-elections-2023/master/results/37-zamfara\3869-gusau\26259-wonaka\polling-units.json
ZAMFARA,GUSAU,WONAKA,GIDAN MAI JIRO / KOFAR KAIWA,36/07/11/005,https://docs.inecelectionresults.net/elections_prod/1292/state/1/lga/3869/ward/26259/pu/119816/119816-1677749997.pdf,2023-03-02T09:40:00.240Z,false,https://raw.githubusercontent.com/mykeels/inec-presidential-elections-2023/master/results/37-zamfara\3869-gusau\26259-wonaka\polling-units.json
ZAMFARA,GUSAU,WONAKA,GIDAN MAIWADA I   /  UNG. MAKERA,36/07/11/014,https://docs.inecelectionresults.net/elections_prod/1292/state/1/lga/3869/ward/26259/pu/119825/119825-1677717411.pdf,2023-03-02T00:37:00.122Z,false,https://raw.githubusercontent.com/mykeels/inec-presidential-elections-2023/master/results/37-zamfara\3869-gusau\26259-wonaka\polling-units.json
ZAMFARA,GUSAU,WONAKA,GIDAN MAIWADA II   /  GARKAR MAI WADA,36/07/11/015,https://docs.inecelectionresults.net/elections_prod/1292/state/1/lga/3869/ward/26259/pu/119826/119826-1677598031.pdf,2023-02-28T15:28:00.297Z,true,https://raw.githubusercontent.com/mykeels/inec-presidential-elections-2023/master/results/37-zamfara\3869-gusau\26259-wonaka\polling-units.json
ZAMFARA,GUSAU,WONAKA,KAFI  /  DAN HILI,36/07/11/026,https://docs.inecelectionresults.net/elections_prod/1292/state/1/lga/3869/ward/26259/pu/119837/119837-1677713429.pdf,2023-03-01T23:31:00.430Z,false,https://raw.githubusercontent.com/mykeels/inec-presidential-elections-2023/master/results/37-zamfara\3869-gusau\26259-wonaka\polling-units.json
ZAMFARA,GUSAU,WONAKA,KAMARI  II /  MARNA,36/07/11/017,https://docs.inecelectionresults.net/elections_prod/1292/state/1/lga/3869/ward/26259/pu/119828/119828-1677717877.pdf,2023-03-02T00:45:00.217Z,false,https://raw.githubusercontent.com/mykeels/inec-presidential-elections-2023/master/results/37-zamfara\3869-gusau\26259-wonaka\polling-units.json
ZAMFARA,GUSAU,WONAKA,KAMARI I /  HAYIN TSAMIYA,36/07/11/016,https://docs.inecelectionresults.net/elections_prod/1292/state/1/lga/3869/ward/26259/pu/119827/119827-1677751381.pdf,2023-03-02T10:04:01.273Z,true,https://raw.githubusercontent.com/mykeels/inec-presidential-elections-2023/master/results/37-zamfara\3869-gusau\26259-wonaka\polling-units.json
ZAMFARA,GUSAU,WONAKA,KOFA   /  YAR TSAMIYA,36/07/11/013,https://docs.inecelectionresults.net/elections_prod/1292/state/1/lga/3869/ward/26259/pu/119824/119824-1677717079.pdf,2023-03-02T00:32:00.238Z,false,https://raw.githubusercontent.com/mykeels/inec-presidential-elections-2023/master/results/37-zamfara\3869-gusau\26259-wonaka\polling-units.json
ZAMFARA,GUSAU,WONAKA,KOFAR FULANI / UNGUWAR DONO,36/07/11/025,https://docs.inecelectionresults.net/elections_prod/1292/state/1/lga/3869/ward/26259/pu/119836/119836-1677713082.pdf,2023-03-01T23:25:00.137Z,false,https://raw.githubusercontent.com/mykeels/inec-presidential-elections-2023/master/results/37-zamfara\3869-gusau\26259-wonaka\polling-units.json
ZAMFARA,GUSAU,WONAKA,LILO  /  LIMANCHI,36/07/11/031,https://docs.inecelectionresults.net/elections_prod/1292/state/1/lga/3869/ward/26259/pu/119842/119842-1677715844.pdf,2023-03-02T00:11:00.287Z,false,https://raw.githubusercontent.com/mykeels/inec-presidential-elections-2023/master/results/37-zamfara\3869-gusau\26259-wonaka\polling-units.json
ZAMFARA,GUSAU,WONAKA,LILO / SARKI YAKI I / LILO PRI. SCH.,36/07/11/007,https://docs.inecelectionresults.net/elections_prod/1292/state/1/lga/3869/ward/26259/pu/119818/119818-1677544549.pdf,2023-02-28T00:36:00.106Z,false,https://raw.githubusercontent.com/mykeels/inec-presidential-elections-2023/master/results/37-zamfara\3869-gusau\26259-wonaka\polling-units.json
ZAMFARA,GUSAU,WONAKA,LILO/ S/YARI I / PRIMARY SCHOOL,36/07/11/009,https://docs.inecelectionresults.net/elections_prod/1292/state/1/lga/3869/ward/26259/pu/119820/119820-1677545475.pdf,2023-02-28T00:52:00.222Z,false,https://raw.githubusercontent.com/mykeels/inec-presidential-elections-2023/master/results/37-zamfara\3869-gusau\26259-wonaka\polling-units.json
ZAMFARA,GUSAU,WONAKA,MAI AIKI / GARKAR SANI,36/07/11/006,https://docs.inecelectionresults.net/elections_prod/1292/state/1/lga/3869/ward/26259/pu/119817/119817-1677544039.pdf,2023-02-28T00:27:59.959Z,false,https://raw.githubusercontent.com/mykeels/inec-presidential-elections-2023/master/results/37-zamfara\3869-gusau\26259-wonaka\polling-units.json
ZAMFARA,GUSAU,WONAKA,RAFI / GARJE,36/07/11/019,https://docs.inecelectionresults.net/elections_prod/1292/state/1/lga/3869/ward/26259/pu/119830/119830-1677594922.pdf,2023-02-28T14:38:06.466Z,true,https://raw.githubusercontent.com/mykeels/inec-presidential-elections-2023/master/results/37-zamfara\3869-gusau\26259-wonaka\polling-units.json
ZAMFARA,GUSAU,WONAKA,TAMBALAWA / DAN HILI,36/07/11/004,https://docs.inecelectionresults.net/elections_prod/1292/state/1/lga/3869/ward/26259/pu/119815/119815-1677543305.pdf,2023-02-28T00:15:59.904Z,false,https://raw.githubusercontent.com/mykeels/inec-presidential-elections-2023/master/results/37-zamfara\3869-gusau\26259-wonaka\polling-units.json
ZAMFARA,GUSAU,WONAKA,TOGAI / MERGED PRI. SCH.,36/07/11/008,https://docs.inecelectionresults.net/elections_prod/1292/state/1/lga/3869/ward/26259/pu/119819/119819-1677544984.pdf,2023-02-28T00:43:59.896Z,false,https://raw.githubusercontent.com/mykeels/inec-presidential-elections-2023/master/results/37-zamfara\3869-gusau\26259-wonaka\polling-units.json
ZAMFARA,GUSAU,WONAKA,WONAKA I / BAKIN MASALACHI,36/07/11/001,https://docs.inecelectionresults.net/elections_prod/1292/state/1/lga/3869/ward/26259/pu/119812/119812-1677541509.pdf,2023-02-27T23:45:59.928Z,false,https://raw.githubusercontent.com/mykeels/inec-presidential-elections-2023/master/results/37-zamfara\3869-gusau\26259-wonaka\polling-units.json
ZAMFARA,GUSAU,WONAKA,WONAKA II  /  PRI SCH.,36/07/11/023,https://docs.inecelectionresults.net/elections_prod/1292/state/1/lga/3869/ward/26259/pu/119834/119834-1677711985.pdf,2023-03-01T23:07:00.165Z,false,https://raw.githubusercontent.com/mykeels/inec-presidential-elections-2023/master/results/37-zamfara\3869-gusau\26259-wonaka\polling-units.json
ZAMFARA,GUSAU,WONAKA,WONAKA III / BAKIN KASUWA,36/07/11/027,https://docs.inecelectionresults.net/elections_prod/1292/state/1/lga/3869/ward/26259/pu/119838/119838-1677714135.pdf,2023-03-01T23:43:00.128Z,false,https://raw.githubusercontent.com/mykeels/inec-presidential-elections-2023/master/results/37-zamfara\3869-gusau\26259-wonaka\polling-units.json
ZAMFARA,KAURA NAMODA,BANGA,BANGA   /  MODEL PRI. SCH.,36/08/01/016,,,false,https://raw.githubusercontent.com/mykeels/inec-presidential-elections-2023/master/results/37-zamfara\3870-kaura-namoda\26260-banga\polling-units.json
ZAMFARA,KAURA NAMODA,BANGA,DAN FILI BANGA,36/08/01/021,https://docs.inecelectionresults.net/elections_prod/1292/state/01/lga/08/ward/01/pu/021/021-1677376007.pdf,2023-02-26T01:47:01.532Z,false,https://raw.githubusercontent.com/mykeels/inec-presidential-elections-2023/master/results/37-zamfara\3870-kaura-namoda\26260-banga\polling-units.json
ZAMFARA,KAURA NAMODA,BANGA,DAN MAKULLE   /  SHIYAR DAN MAKULLE,36/08/01/002,https://docs.inecelectionresults.net/elections_prod/1292/state/1/lga/3870/ward/26260/pu/119844/119844-1677513761.pdf,2023-02-27T16:03:00.939Z,false,https://raw.githubusercontent.com/mykeels/inec-presidential-elections-2023/master/results/37-zamfara\3870-kaura-namoda\26260-banga\polling-units.json
ZAMFARA,KAURA NAMODA,BANGA,DAN TABKI  /  SHIYAR DAN TABKI,36/08/01/003,https://docs.inecelectionresults.net/elections_prod/1292/state/1/lga/3870/ward/26260/pu/119845/119845-1677515517.pdf,2023-02-27T16:32:59.898Z,false,https://raw.githubusercontent.com/mykeels/inec-presidential-elections-2023/master/results/37-zamfara\3870-kaura-namoda\26260-banga\polling-units.json
ZAMFARA,KAURA NAMODA,BANGA,DANDAMBO  / SH. DANBO,36/08/01/001,,,false,https://raw.githubusercontent.com/mykeels/inec-presidential-elections-2023/master/results/37-zamfara\3870-kaura-namoda\26260-banga\polling-units.json
ZAMFARA,KAURA NAMODA,BANGA,KASUWAR YARKOFOJI BANGA,36/08/01/019,,,false,https://raw.githubusercontent.com/mykeels/inec-presidential-elections-2023/master/results/37-zamfara\3870-kaura-namoda\26260-banga\polling-units.json
ZAMFARA,KAURA NAMODA,BANGA,KATSAURA  /   SHIYAR SABON GARI,36/08/01/004,https://docs.inecelectionresults.net/elections_prod/1292/state/1/lga/3870/ward/26260/pu/119846/119846-1677518376.pdf,2023-02-27T17:20:00.762Z,false,https://raw.githubusercontent.com/mykeels/inec-presidential-elections-2023/master/results/37-zamfara\3870-kaura-namoda\26260-banga\polling-units.json
ZAMFARA,KAURA NAMODA,BANGA,KAWARI  /  SH. KAWARI,36/08/01/005,https://docs.inecelectionresults.net/elections_prod/1292/state/1/lga/3870/ward/26260/pu/119847/119847-1677518479.pdf,2023-02-27T17:22:00.659Z,false,https://raw.githubusercontent.com/mykeels/inec-presidential-elections-2023/master/results/37-zamfara\3870-kaura-namoda\26260-banga\polling-units.json
ZAMFARA,KAURA NAMODA,BANGA,KOGI (I)   /  SHIYAR  INDAJIYA,36/08/01/006,https://docs.inecelectionresults.net/elections_prod/1292/state/1/lga/3870/ward/26260/pu/119848/119848-1677516371.pdf,2023-02-27T17:13:18.333Z,false,https://raw.githubusercontent.com/mykeels/inec-presidential-elections-2023/master/results/37-zamfara\3870-kaura-namoda\26260-banga\polling-units.json
ZAMFARA,KAURA NAMODA,BANGA,KOGI (II)   /  KOGI PRI SCH,36/08/01/015,,,false,https://raw.githubusercontent.com/mykeels/inec-presidential-elections-2023/master/results/37-zamfara\3870-kaura-namoda\26260-banga\polling-units.json
ZAMFARA,KAURA NAMODA,BANGA,MAKERA   /  YAR KASUWA,36/08/01/013,,,false,https://raw.githubusercontent.com/mykeels/inec-presidential-elections-2023/master/results/37-zamfara\3870-kaura-namoda\26260-banga\polling-units.json
ZAMFARA,KAURA NAMODA,BANGA,RAHAZAWA  I /   SHIYAR RAHAZAWA,36/08/01/007,,,false,https://raw.githubusercontent.com/mykeels/inec-presidential-elections-2023/master/results/37-zamfara\3870-kaura-namoda\26260-banga\polling-units.json
ZAMFARA,KAURA NAMODA,BANGA,RAHAZAWA II  /   KOFAR HAKIMI,36/08/01/014,https://docs.inecelectionresults.net/elections_prod/1292/state/1/lga/3870/ward/26260/pu/119856/119856-1677512476.pdf,2023-02-27T15:42:00.194Z,false,https://raw.githubusercontent.com/mykeels/inec-presidential-elections-2023/master/results/37-zamfara\3870-kaura-namoda\26260-banga\polling-units.json
ZAMFARA,KAURA NAMODA,BANGA,SAKKERE   /  SHIYAR SAKKERE,36/08/01/010,https://docs.inecelectionresults.net/elections_prod/1292/state/01/lga/08/ward/01/pu/010/010-1677377731.pdf,2023-02-26T02:16:00.715Z,false,https://raw.githubusercontent.com/mykeels/inec-presidential-elections-2023/master/results/37-zamfara\3870-kaura-namoda\26260-banga\polling-units.json
ZAMFARA,KAURA NAMODA,BANGA,SHIYAR D/KOGI - KOFAR D/KOGI,36/08/01/011,https://docs.inecelectionresults.net/elections_prod/1292/state/1/lga/3870/ward/26260/pu/119853/119853-1677517938.pdf,2023-02-27T17:13:57.368Z,false,https://raw.githubusercontent.com/mykeels/inec-presidential-elections-2023/master/results/37-zamfara\3870-kaura-namoda\26260-banga\polling-units.json
ZAMFARA,KAURA NAMODA,BANGA,SHIYAR JIJJI   /   KOFAR JIJJI,36/08/01/008,,,false,https://raw.githubusercontent.com/mykeels/inec-presidential-elections-2023/master/results/37-zamfara\3870-kaura-namoda\26260-banga\polling-units.json
ZAMFARA,KAURA NAMODA,BANGA,SHIYAR KAWARI II/DOKAU,36/08/01/018,,,false,https://raw.githubusercontent.com/mykeels/inec-presidential-elections-2023/master/results/37-zamfara\3870-kaura-namoda\26260-banga\polling-units.json
ZAMFARA,KAURA NAMODA,BANGA,SHIYAR SABON GARI,36/08/01/017,,,false,https://raw.githubusercontent.com/mykeels/inec-presidential-elections-2023/master/results/37-zamfara\3870-kaura-namoda\26260-banga\polling-units.json
ZAMFARA,KAURA NAMODA,BANGA,SHIYAR SARKI - KOFAR SARKI,36/08/01/012,https://docs.inecelectionresults.net/elections_prod/1292/state/1/lga/3870/ward/26260/pu/119854/119854-1677516979.pdf,2023-02-27T17:13:35.101Z,false,https://raw.githubusercontent.com/mykeels/inec-presidential-elections-2023/master/results/37-zamfara\3870-kaura-namoda\26260-banga\polling-units.json
ZAMFARA,KAURA NAMODA,BANGA,SHIYAR TSAHIRU   /  KOFAR TSAHIRU,36/08/01/009,https://docs.inecelectionresults.net/elections_prod/1292/state/1/lga/3870/ward/26260/pu/119851/119851-1677517576.pdf,2023-02-27T17:13:50.157Z,false,https://raw.githubusercontent.com/mykeels/inec-presidential-elections-2023/master/results/37-zamfara\3870-kaura-namoda\26260-banga\polling-units.json
ZAMFARA,KAURA NAMODA,BANGA,TANKIN RUWA KATSAURA,36/08/01/020,,,false,https://raw.githubusercontent.com/mykeels/inec-presidential-elections-2023/master/results/37-zamfara\3870-kaura-namoda\26260-banga\polling-units.json
ZAMFARA,KAURA NAMODA,DAN - ISA,BALITAWA   /  PRIMARY SCHOOL,36/08/02/009,https://docs.inecelectionresults.net/elections_prod/1292/state/1/lga/3870/ward/26261/pu/119867/119867-1677503589.pdf,2023-02-27T13:14:01.459Z,false,https://raw.githubusercontent.com/mykeels/inec-presidential-elections-2023/master/results/37-zamfara\3870-kaura-namoda\26261-dan-isa\polling-units.json
ZAMFARA,KAURA NAMODA,DAN - ISA,BARNAWA / ADULT EDUCATION CLASS,36/08/02/011,https://docs.inecelectionresults.net/elections_prod/1292/state/1/lga/3870/ward/26261/pu/119869/119869-1677520205.pdf,2023-02-27T17:51:00.129Z,false,https://raw.githubusercontent.com/mykeels/inec-presidential-elections-2023/master/results/37-zamfara\3870-kaura-namoda\26261-dan-isa\polling-units.json
ZAMFARA,KAURA NAMODA,DAN - ISA,DAN ISA /   SHIYAR SALAU,36/08/02/010,https://docs.inecelectionresults.net/elections_prod/1292/state/1/lga/3870/ward/26261/pu/119868/119868-1677511771.pdf,2023-02-27T15:30:01.618Z,false,https://raw.githubusercontent.com/mykeels/inec-presidential-elections-2023/master/results/37-zamfara\3870-kaura-namoda\26261-dan-isa\polling-units.json
ZAMFARA,KAURA NAMODA,DAN - ISA,DOGON KADE   /  PRIMARY SCHOOL.,36/08/02/012,https://docs.inecelectionresults.net/elections_prod/1292/state/1/lga/3870/ward/26261/pu/119870/119870-1677510676.pdf,2023-02-27T15:12:01.746Z,false,https://raw.githubusercontent.com/mykeels/inec-presidential-elections-2023/master/results/37-zamfara\3870-kaura-namoda\26261-dan-isa\polling-units.json
ZAMFARA,KAURA NAMODA,DAN - ISA,DOKA   /  ADULT EDUCATION CLASS.,36/08/02/013,https://docs.inecelectionresults.net/elections_prod/1292/state/1/lga/3870/ward/26261/pu/119871/119871-1677525330.pdf,2023-02-27T19:16:00.052Z,false,https://raw.githubusercontent.com/mykeels/inec-presidential-elections-2023/master/results/37-zamfara\3870-kaura-namoda\26261-dan-isa\polling-units.json
ZAMFARA,KAURA NAMODA,DAN - ISA,G/ALU /  PRIMARY SCHOOL.,36/08/02/014,https://docs.inecelectionresults.net/elections_prod/1292/state/01/lga/08/ward/02/pu/014/014-1677364016.pdf,2023-02-25T22:27:02.531Z,false,https://raw.githubusercontent.com/mykeels/inec-presidential-elections-2023/master/results/37-zamfara\3870-kaura-namoda\26261-dan-isa\polling-units.json
ZAMFARA,KAURA NAMODA,DAN - ISA,G/BADDA  /  PRIMARY SCHOOL.,36/08/02/015,https://docs.inecelectionresults.net/elections_prod/1292/state/1/lga/3870/ward/26261/pu/119873/119873-1677515118.pdf,2023-02-27T16:30:24.474Z,false,https://raw.githubusercontent.com/mykeels/inec-presidential-elections-2023/master/results/37-zamfara\3870-kaura-namoda\26261-dan-isa\polling-units.json
ZAMFARA,KAURA NAMODA,DAN - ISA,G/BAKO   /  SHIYAR HAKIMI,36/08/02/008,https://docs.inecelectionresults.net/elections_prod/1292/state/1/lga/3870/ward/26261/pu/119866/119866-1677506787.pdf,2023-02-27T14:07:00.237Z,false,https://raw.githubusercontent.com/mykeels/inec-presidential-elections-2023/master/results/37-zamfara\3870-kaura-namoda\26261-dan-isa\polling-units.json
ZAMFARA,KAURA NAMODA,DAN - ISA,G/GAGARE   /  DAN FILI,36/08/02/007,https://docs.inecelectionresults.net/elections_prod/1292/state/1/lga/3870/ward/26261/pu/119865/119865-1677607618.pdf,2023-02-28T18:07:00.406Z,false,https://raw.githubusercontent.com/mykeels/inec-presidential-elections-2023/master/results/37-zamfara\3870-kaura-namoda\26261-dan-isa\polling-units.json
ZAMFARA,KAURA NAMODA,DAN - ISA,G/GOJE   /   KOFAR DANGIYA,36/08/02/023,https://docs.inecelectionresults.net/elections_prod/1292/state/1/lga/3870/ward/26261/pu/119881/119881-1677521898.pdf,2023-02-27T18:19:00.254Z,false,https://raw.githubusercontent.com/mykeels/inec-presidential-elections-2023/master/results/37-zamfara\3870-kaura-namoda\26261-dan-isa\polling-units.json
ZAMFARA,KAURA NAMODA,DAN - ISA,GIDAN JULI / DAKIN TARO,36/08/02/006,https://docs.inecelectionresults.net/elections_prod/1292/state/1/lga/3870/ward/26261/pu/119864/119864-1677518748.pdf,2023-02-27T17:26:00.864Z,false,https://raw.githubusercontent.com/mykeels/inec-presidential-elections-2023/master/results/37-zamfara\3870-kaura-namoda\26261-dan-isa\polling-units.json
ZAMFARA,KAURA NAMODA,DAN - ISA,GWAMMA DAWA / DAKIN TARO,36/08/02/005,https://docs.inecelectionresults.net/elections_prod/1292/state/1/lga/3870/ward/26261/pu/119863/119863-1677519498.pdf,2023-02-27T17:39:00.162Z,false,https://raw.githubusercontent.com/mykeels/inec-presidential-elections-2023/master/results/37-zamfara\3870-kaura-namoda\26261-dan-isa\polling-units.json
ZAMFARA,KAURA NAMODA,DAN - ISA,JIMRAWA / PRIMARY SCHOOL,36/08/02/016,https://docs.inecelectionresults.net/elections_prod/1292/state/1/lga/3870/ward/26261/pu/119874/119874-1677523361.pdf,2023-02-27T18:43:00.419Z,false,https://raw.githubusercontent.com/mykeels/inec-presidential-elections-2023/master/results/37-zamfara\3870-kaura-namoda\26261-dan-isa\polling-units.json
ZAMFARA,KAURA NAMODA,DAN - ISA,KAURA ZOMO /ADULT EDUCATION CLASS,36/08/02/018,https://docs.inecelectionresults.net/elections_prod/1292/state/1/lga/3870/ward/26261/pu/119876/119876-1677521341.pdf,2023-02-27T18:10:00.137Z,false,https://raw.githubusercontent.com/mykeels/inec-presidential-elections-2023/master/results/37-zamfara\3870-kaura-namoda\26261-dan-isa\polling-units.json
ZAMFARA,KAURA NAMODA,DAN - ISA,KAYATAWA / PRIMARY SCHOOL.,36/08/02/017,,,false,https://raw.githubusercontent.com/mykeels/inec-presidential-elections-2023/master/results/37-zamfara\3870-kaura-namoda\26261-dan-isa\polling-units.json
ZAMFARA,KAURA NAMODA,DAN - ISA,KAYATAWA PRIMARY SCH NEW,36/08/02/024,,,false,https://raw.githubusercontent.com/mykeels/inec-presidential-elections-2023/master/results/37-zamfara\3870-kaura-namoda\26261-dan-isa\polling-units.json
ZAMFARA,KAURA NAMODA,DAN - ISA,KWALAU TAMODE / BABBAN FILI,36/08/02/004,https://docs.inecelectionresults.net/elections_prod/1292/state/1/lga/3870/ward/26261/pu/119862/119862-1677518208.pdf,2023-02-27T17:17:01.244Z,false,https://raw.githubusercontent.com/mykeels/inec-presidential-elections-2023/master/results/37-zamfara\3870-kaura-namoda\26261-dan-isa\polling-units.json
ZAMFARA,KAURA NAMODA,DAN - ISA,MAI LALLE J/KASA   /  PRIMARY SCHOOL,36/08/02/003,https://docs.inecelectionresults.net/elections_prod/1292/state/1/lga/3870/ward/26261/pu/119861/119861-1677517392.pdf,2023-02-27T17:13:45.491Z,false,https://raw.githubusercontent.com/mykeels/inec-presidential-elections-2023/master/results/37-zamfara\3870-kaura-namoda\26261-dan-isa\polling-units.json
ZAMFARA,KAURA NAMODA,DAN - ISA,MAKORO / BABBAN FILI,36/08/02/019,https://docs.inecelectionresults.net/elections_prod/1292/state/1/lga/3870/ward/26261/pu/119877/119877-1677522160.pdf,2023-02-27T18:23:00.391Z,false,https://raw.githubusercontent.com/mykeels/inec-presidential-elections-2023/master/results/37-zamfara\3870-kaura-namoda\26261-dan-isa\polling-units.json
ZAMFARA,KAURA NAMODA,DAN - ISA,RUWAN KURA   /  BABBAN FILI,36/08/02/002,https://docs.inecelectionresults.net/elections_prod/1292/state/1/lga/3870/ward/26261/pu/119860/119860-1677514604.pdf,2023-02-27T16:30:09.708Z,false,https://raw.githubusercontent.com/mykeels/inec-presidential-elections-2023/master/results/37-zamfara\3870-kaura-namoda\26261-dan-isa\polling-units.json
ZAMFARA,KAURA NAMODA,DAN - ISA,S/UNGUWA / ADULT EDU. CLASS,36/08/02/021,https://docs.inecelectionresults.net/elections_prod/1292/state/1/lga/3870/ward/26261/pu/119879/119879-1677509238.pdf,2023-02-27T14:48:01.857Z,false,https://raw.githubusercontent.com/mykeels/inec-presidential-elections-2023/master/results/37-zamfara\3870-kaura-namoda\26261-dan-isa\polling-units.json
ZAMFARA,KAURA NAMODA,DAN - ISA,SHIYAR S/GARI / DISPENARY,36/08/02/022,https://docs.inecelectionresults.net/elections_prod/1292/state/1/lga/3870/ward/26261/pu/119880/119880-1677522705.pdf,2023-02-27T18:32:00.495Z,false,https://raw.githubusercontent.com/mykeels/inec-presidential-elections-2023/master/results/37-zamfara\3870-kaura-namoda\26261-dan-isa\polling-units.json
ZAMFARA,KAURA NAMODA,DAN - ISA,SHIYAR SABON GARI II/DISPENSARY,36/08/02/026,https://docs.inecelectionresults.net/elections_prod/1292/state/1/lga/3870/ward/26261/pu/178191/178191-1677510485.pdf,2023-02-27T15:08:59.845Z,false,https://raw.githubusercontent.com/mykeels/inec-presidential-elections-2023/master/results/37-zamfara\3870-kaura-namoda\26261-dan-isa\polling-units.json
ZAMFARA,KAURA NAMODA,DAN - ISA,SHIYAR SIBA  /   PRIMARY SCHOOL.,36/08/02/001,,,false,https://raw.githubusercontent.com/mykeels/inec-presidential-elections-2023/master/results/37-zamfara\3870-kaura-namoda\26261-dan-isa\polling-units.json
ZAMFARA,KAURA NAMODA,DAN - ISA,SODINGO / PRI. SCH.,36/08/02/020,https://docs.inecelectionresults.net/elections_prod/1292/state/1/lga/3870/ward/26261/pu/119878/119878-1677513824.pdf,2023-02-27T16:05:02.982Z,false,https://raw.githubusercontent.com/mykeels/inec-presidential-elections-2023/master/results/37-zamfara\3870-kaura-namoda\26261-dan-isa\polling-units.json
ZAMFARA,KAURA NAMODA,DAN - ISA,TAKA TSABA,36/08/02/025,https://docs.inecelectionresults.net/elections_prod/1292/state/1/lga/3870/ward/26261/pu/178190/178190-1677512990.pdf,2023-02-27T15:50:01.601Z,false,https://raw.githubusercontent.com/mykeels/inec-presidential-elections-2023/master/results/37-zamfara\3870-kaura-namoda\26261-dan-isa\polling-units.json
ZAMFARA,KAURA NAMODA,GABAKE,BAKIN KWATA GABAKE,36/08/03/018,https://docs.inecelectionresults.net/elections_prod/1292/state/1/lga/3870/ward/26262/pu/178197/178197-1677511834.pdf,2023-02-27T15:31:00.644Z,false,https://raw.githubusercontent.com/mykeels/inec-presidential-elections-2023/master/results/37-zamfara\3870-kaura-namoda\26262-gabake\polling-units.json
ZAMFARA,KAURA NAMODA,GABAKE,GABAKEN MESA / KOFAR HAKIMI,36/08/03/001,https://docs.inecelectionresults.net/elections_prod/1292/state/1/lga/3870/ward/26262/pu/119882/119882-1677509807.pdf,2023-02-27T14:57:01.673Z,false,https://raw.githubusercontent.com/mykeels/inec-presidential-elections-2023/master/results/37-zamfara\3870-kaura-namoda\26262-gabake\polling-units.json
ZAMFARA,KAURA NAMODA,GABAKE,GABAKEN MESA PRI.SCH,36/08/03/017,https://docs.inecelectionresults.net/elections_prod/1292/state/1/lga/3870/ward/26262/pu/178196/178196-1677516241.pdf,2023-02-27T17:13:15.034Z,false,https://raw.githubusercontent.com/mykeels/inec-presidential-elections-2023/master/results/37-zamfara\3870-kaura-namoda\26262-gabake\polling-units.json
ZAMFARA,KAURA NAMODA,GABAKE,GETSO / KOFAR HAKIMI,36/08/03/002,https://docs.inecelectionresults.net/elections_prod/1292/state/1/lga/3870/ward/26262/pu/119883/119883-1677580101.pdf,2023-02-28T11:01:23.703Z,true,https://raw.githubusercontent.com/mykeels/inec-presidential-elections-2023/master/results/37-zamfara\3870-kaura-namoda\26262-gabake\polling-units.json
ZAMFARA,KAURA NAMODA,GABAKE,GOVERNMENT SEC SCH MAGAMIN DANTORO,36/08/03/016,https://docs.inecelectionresults.net/elections_prod/1292/state/1/lga/3870/ward/26262/pu/178195/178195-1677514113.pdf,2023-02-27T16:09:01.054Z,false,https://raw.githubusercontent.com/mykeels/inec-presidential-elections-2023/master/results/37-zamfara\3870-kaura-namoda\26262-gabake\polling-units.json
ZAMFARA,KAURA NAMODA,GABAKE,GWAMMANAN / KOFAR LIMAN,36/08/03/003,https://docs.inecelectionresults.net/elections_prod/1292/state/1/lga/3870/ward/26262/pu/119884/119884-1677514405.pdf,2023-02-27T16:30:03.983Z,false,https://raw.githubusercontent.com/mykeels/inec-presidential-elections-2023/master/results/37-zamfara\3870-kaura-namoda\26262-gabake\polling-units.json
ZAMFARA,KAURA NAMODA,GABAKE,LEMU / KOFAR HAKIMI,36/08/03/004,,,false,https://raw.githubusercontent.com/mykeels/inec-presidential-elections-2023/master/results/37-zamfara\3870-kaura-namoda\26262-gabake\polling-units.json
ZAMFARA,KAURA NAMODA,GABAKE,MAGAMIN DAN TORO/PRI.SCH.,36/08/03/015,,,false,https://raw.githubusercontent.com/mykeels/inec-presidential-elections-2023/master/results/37-zamfara\3870-kaura-namoda\26262-gabake\polling-units.json
ZAMFARA,KAURA NAMODA,GABAKE,P.H.C GABAKEN MESA,36/08/03/013,https://docs.inecelectionresults.net/elections_prod/1292/state/1/lga/3870/ward/26262/pu/178192/178192-1677516995.pdf,2023-02-27T17:13:35.508Z,false,https://raw.githubusercontent.com/mykeels/inec-presidential-elections-2023/master/results/37-zamfara\3870-kaura-namoda\26262-gabake\polling-units.json
ZAMFARA,KAURA NAMODA,GABAKE,SHIYAR AJIYA / KOFAR M.WADA,36/08/03/005,https://docs.inecelectionresults.net/elections_prod/1292/state/1/lga/3870/ward/26262/pu/119886/119886-1677513476.pdf,2023-02-27T15:58:01.595Z,false,https://raw.githubusercontent.com/mykeels/inec-presidential-elections-2023/master/results/37-zamfara\3870-kaura-namoda\26262-gabake\polling-units.json
ZAMFARA,KAURA NAMODA,GABAKE,SHIYAR D/TORO / KOFAR M. MAIGANDI,36/08/03/006,https://docs.inecelectionresults.net/elections_prod/1292/state/1/lga/3870/ward/26262/pu/119887/119887-1677512979.pdf,2023-02-27T15:50:01.156Z,false,https://raw.githubusercontent.com/mykeels/inec-presidential-elections-2023/master/results/37-zamfara\3870-kaura-namoda\26262-gabake\polling-units.json
ZAMFARA,KAURA NAMODA,GABAKE,SHIYAR GALADIMA / PRI. SCH.,36/08/03/010,https://docs.inecelectionresults.net/elections_prod/1292/state/1/lga/3870/ward/26262/pu/119891/119891-1677511262.pdf,2023-02-27T15:23:13.683Z,false,https://raw.githubusercontent.com/mykeels/inec-presidential-elections-2023/master/results/37-zamfara\3870-kaura-namoda\26262-gabake\polling-units.json
ZAMFARA,KAURA NAMODA,GABAKE,SHIYAR KIGUDU / KOFAR HAKIMI,36/08/03/012,https://docs.inecelectionresults.net/elections_prod/1292/state/1/lga/3870/ward/26262/pu/119893/119893-1677516604.pdf,2023-02-27T17:13:23.872Z,false,https://raw.githubusercontent.com/mykeels/inec-presidential-elections-2023/master/results/37-zamfara\3870-kaura-namoda\26262-gabake\polling-units.json
ZAMFARA,KAURA NAMODA,GABAKE,SHIYAR MA GAYAKI / MODEL PRIMARY SCHOOL,36/08/03/007,,,false,https://raw.githubusercontent.com/mykeels/inec-presidential-elections-2023/master/results/37-zamfara\3870-kaura-namoda\26262-gabake\polling-units.json
ZAMFARA,KAURA NAMODA,GABAKE,SHIYAR RAFI / SHIYAR M. GARBA,36/08/03/008,,,false,https://raw.githubusercontent.com/mykeels/inec-presidential-elections-2023/master/results/37-zamfara\3870-kaura-namoda\26262-gabake\polling-units.json
ZAMFARA,KAURA NAMODA,GABAKE,SHIYAR SAIDI / KOFAR HAKIMI,36/08/03/011,https://docs.inecelectionresults.net/elections_prod/1292/state/1/lga/3870/ward/26262/pu/119892/119892-1677515770.pdf,2023-02-27T17:13:03.067Z,false,https://raw.githubusercontent.com/mykeels/inec-presidential-elections-2023/master/results/37-zamfara\3870-kaura-namoda\26262-gabake\polling-units.json
ZAMFARA,KAURA NAMODA,GABAKE,TUDUN WADA MARAFA / SHIYAR MARAFA,36/08/03/009,https://docs.inecelectionresults.net/elections_prod/1292/state/1/lga/3870/ward/26262/pu/119890/119890-1677512354.pdf,2023-02-27T15:40:01.155Z,false,https://raw.githubusercontent.com/mykeels/inec-presidential-elections-2023/master/results/37-zamfara\3870-kaura-namoda\26262-gabake\polling-units.json
ZAMFARA,KAURA NAMODA,GABAKE,YAR KASUWA/ MAGAMIN DAN TORO DISPENSARY,36/08/03/014,https://docs.inecelectionresults.net/elections_prod/1292/state/1/lga/3870/ward/26262/pu/178193/178193-1677517338.pdf,2023-02-27T17:13:43.910Z,false,https://raw.githubusercontent.com/mykeels/inec-presidential-elections-2023/master/results/37-zamfara\3870-kaura-namoda\26262-gabake\polling-units.json
ZAMFARA,KAURA NAMODA,GALADIMA DAN GALADIMA,AGIRA / KOFAR BARADE,36/08/04/012,https://docs.inecelectionresults.net/elections_prod/1292/state/1/lga/3870/ward/26263/pu/119905/119905-1677533575.pdf,2023-02-27T21:33:00.123Z,false,https://raw.githubusercontent.com/mykeels/inec-presidential-elections-2023/master/results/37-zamfara\3870-kaura-namoda\26263-galadima-dan-galadima\polling-units.json
ZAMFARA,KAURA NAMODA,GALADIMA DAN GALADIMA,AGIRA MODEL PRIMARY SCHOOL,36/08/04/032,https://docs.inecelectionresults.net/elections_prod/1292/state/1/lga/3870/ward/26263/pu/178209/178209-1677526993.pdf,2023-02-27T19:44:00.092Z,false,https://raw.githubusercontent.com/mykeels/inec-presidential-elections-2023/master/results/37-zamfara\3870-kaura-namoda\26263-galadima-dan-galadima\polling-units.json
ZAMFARA,KAURA NAMODA,GALADIMA DAN GALADIMA,ALI BAWA / SHIYAR D/SANDA,36/08/04/006,https://docs.inecelectionresults.net/elections_prod/1292/state/1/lga/3870/ward/26263/pu/119899/119899-1677528475.pdf,2023-02-27T20:08:00.761Z,false,https://raw.githubusercontent.com/mykeels/inec-presidential-elections-2023/master/results/37-zamfara\3870-kaura-namoda\26263-galadima-dan-galadima\polling-units.json
ZAMFARA,KAURA NAMODA,GALADIMA DAN GALADIMA,ALLAHUWA / SHIYAR AYYA,36/08/04/013,https://docs.inecelectionresults.net/elections_prod/1292/state/1/lga/3870/ward/26263/pu/119906/119906-1677535910.pdf,2023-02-27T22:12:00.179Z,false,https://raw.githubusercontent.com/mykeels/inec-presidential-elections-2023/master/results/37-zamfara\3870-kaura-namoda\26263-galadima-dan-galadima\polling-units.json
ZAMFARA,KAURA NAMODA,GALADIMA DAN GALADIMA,BAICEN ALMU / B/POLY ACADEMIC,36/08/04/007,https://docs.inecelectionresults.net/elections_prod/1292/state/1/lga/3870/ward/26263/pu/119900/119900-1677518582.pdf,2023-02-27T17:24:01.164Z,false,https://raw.githubusercontent.com/mykeels/inec-presidential-elections-2023/master/results/37-zamfara\3870-kaura-namoda\26263-galadima-dan-galadima\polling-units.json
ZAMFARA,KAURA NAMODA,GALADIMA DAN GALADIMA,BAKIN KUKA TURMUZAWA,36/08/04/031,https://docs.inecelectionresults.net/elections_prod/1292/state/1/lga/3870/ward/26263/pu/178208/178208-1677528985.pdf,2023-02-27T20:17:00.125Z,false,https://raw.githubusercontent.com/mykeels/inec-presidential-elections-2023/master/results/37-zamfara\3870-kaura-namoda\26263-galadima-dan-galadima\polling-units.json
ZAMFARA,KAURA NAMODA,GALADIMA DAN GALADIMA,BEDIN NA FANTA,36/08/04/026,https://docs.inecelectionresults.net/elections_prod/1292/state/1/lga/3870/ward/26263/pu/178203/178203-1677520894.pdf,2023-02-27T18:02:00.458Z,false,https://raw.githubusercontent.com/mykeels/inec-presidential-elections-2023/master/results/37-zamfara\3870-kaura-namoda\26263-galadima-dan-galadima\polling-units.json
ZAMFARA,KAURA NAMODA,GALADIMA DAN GALADIMA,BEHIND ACADEMIC (POLY),36/08/04/023,https://docs.inecelectionresults.net/elections_prod/1292/state/1/lga/3870/ward/26263/pu/178200/178200-1677527842.pdf,2023-02-27T19:58:01.092Z,false,https://raw.githubusercontent.com/mykeels/inec-presidential-elections-2023/master/results/37-zamfara\3870-kaura-namoda\26263-galadima-dan-galadima\polling-units.json
ZAMFARA,KAURA NAMODA,GALADIMA DAN GALADIMA,BLOCK (D) BASHAR PRIMARY SCHOOL,36/08/04/035,https://docs.inecelectionresults.net/elections_prod/1292/state/1/lga/3870/ward/26263/pu/178212/178212-1677526246.pdf,2023-02-27T19:31:00.489Z,false,https://raw.githubusercontent.com/mykeels/inec-presidential-elections-2023/master/results/37-zamfara\3870-kaura-namoda\26263-galadima-dan-galadima\polling-units.json
ZAMFARA,KAURA NAMODA,GALADIMA DAN GALADIMA,BLOCK {C} BASHAR PRIMARY SCHOOL,36/08/04/036,https://docs.inecelectionresults.net/elections_prod/1292/state/1/lga/3870/ward/26263/pu/178213/178213-1677526236.pdf,2023-02-27T19:31:00.360Z,false,https://raw.githubusercontent.com/mykeels/inec-presidential-elections-2023/master/results/37-zamfara\3870-kaura-namoda\26263-galadima-dan-galadima\polling-units.json
ZAMFARA,KAURA NAMODA,GALADIMA DAN GALADIMA,CHEDIYA TUDUN ANAI,36/08/04/029,https://docs.inecelectionresults.net/elections_prod/1292/state/1/lga/3870/ward/26263/pu/178206/178206-1677533857.pdf,2023-02-27T21:38:04.684Z,false,https://raw.githubusercontent.com/mykeels/inec-presidential-elections-2023/master/results/37-zamfara\3870-kaura-namoda\26263-galadima-dan-galadima\polling-units.json
ZAMFARA,KAURA NAMODA,GALADIMA DAN GALADIMA,DAN MAI MASA,36/08/04/038,https://docs.inecelectionresults.net/elections_prod/1292/state/1/lga/3870/ward/26263/pu/178215/178215-1677540615.pdf,2023-02-27T23:31:00.964Z,false,https://raw.githubusercontent.com/mykeels/inec-presidential-elections-2023/master/results/37-zamfara\3870-kaura-namoda\26263-galadima-dan-galadima\polling-units.json
ZAMFARA,KAURA NAMODA,GALADIMA DAN GALADIMA,DOGON JIJJI / SHIYAR M. SANI,36/08/04/014,https://docs.inecelectionresults.net/elections_prod/1292/state/1/lga/3870/ward/26263/pu/119907/119907-1677539512.pdf,2023-02-27T23:12:00.296Z,false,https://raw.githubusercontent.com/mykeels/inec-presidential-elections-2023/master/results/37-zamfara\3870-kaura-namoda\26263-galadima-dan-galadima\polling-units.json
ZAMFARA,KAURA NAMODA,GALADIMA DAN GALADIMA,DURUMI BAKIN GULBI,36/08/04/037,https://docs.inecelectionresults.net/elections_prod/1292/state/1/lga/3870/ward/26263/pu/178214/178214-1677521727.pdf,2023-02-27T18:16:00.567Z,false,https://raw.githubusercontent.com/mykeels/inec-presidential-elections-2023/master/results/37-zamfara\3870-kaura-namoda\26263-galadima-dan-galadima\polling-units.json
ZAMFARA,KAURA NAMODA,GALADIMA DAN GALADIMA,FEDERAL POLY/ACADEMIC,36/08/04/024,https://docs.inecelectionresults.net/elections_prod/1292/state/1/lga/3870/ward/26263/pu/178201/178201-1677530340.pdf,2023-02-27T20:39:59.927Z,false,https://raw.githubusercontent.com/mykeels/inec-presidential-elections-2023/master/results/37-zamfara\3870-kaura-namoda\26263-galadima-dan-galadima\polling-units.json
ZAMFARA,KAURA NAMODA,GALADIMA DAN GALADIMA,GARBAWA / SHIYAR U/DAWAKI,36/08/04/001,https://docs.inecelectionresults.net/elections_prod/1292/state/1/lga/3870/ward/26263/pu/119894/119894-1677536877.pdf,2023-02-27T22:28:00.272Z,false,https://raw.githubusercontent.com/mykeels/inec-presidential-elections-2023/master/results/37-zamfara\3870-kaura-namoda\26263-galadima-dan-galadima\polling-units.json
ZAMFARA,KAURA NAMODA,GALADIMA DAN GALADIMA,GARKA / SHIYAR A. ALI,36/08/04/015,https://docs.inecelectionresults.net/elections_prod/1292/state/1/lga/3870/ward/26263/pu/119908/119908-1677520650.pdf,2023-02-27T17:58:00.354Z,false,https://raw.githubusercontent.com/mykeels/inec-presidential-elections-2023/master/results/37-zamfara\3870-kaura-namoda\26263-galadima-dan-galadima\polling-units.json
ZAMFARA,KAURA NAMODA,GALADIMA DAN GALADIMA,GUNDUMI / SH/ALH. MODE,36/08/04/009,https://docs.inecelectionresults.net/elections_prod/1292/state/1/lga/3870/ward/26263/pu/119902/119902-1677534928.pdf,2023-02-27T21:56:00.279Z,false,https://raw.githubusercontent.com/mykeels/inec-presidential-elections-2023/master/results/37-zamfara\3870-kaura-namoda\26263-galadima-dan-galadima\polling-units.json
ZAMFARA,KAURA NAMODA,GALADIMA DAN GALADIMA,GUNDUMI/RIJIYA,36/08/04/028,https://docs.inecelectionresults.net/elections_prod/1292/state/1/lga/3870/ward/26263/pu/178205/178205-1677528553.pdf,2023-02-27T20:10:00.109Z,false,https://raw.githubusercontent.com/mykeels/inec-presidential-elections-2023/master/results/37-zamfara\3870-kaura-namoda\26263-galadima-dan-galadima\polling-units.json
ZAMFARA,KAURA NAMODA,GALADIMA DAN GALADIMA,KANTUDUN ZORAMAWA,36/08/04/021,https://docs.inecelectionresults.net/elections_prod/1292/state/1/lga/3870/ward/26263/pu/178198/178198-1677530030.pdf,2023-02-27T20:34:00.355Z,false,https://raw.githubusercontent.com/mykeels/inec-presidential-elections-2023/master/results/37-zamfara\3870-kaura-namoda\26263-galadima-dan-galadima\polling-units.json
ZAMFARA,KAURA NAMODA,GALADIMA DAN GALADIMA,KASHARBAWA / SHIYAR GADO MAI NAMA,36/08/04/002,https://docs.inecelectionresults.net/elections_prod/1292/state/1/lga/3870/ward/26263/pu/119895/119895-1677521767.pdf,2023-02-27T18:17:00.888Z,false,https://raw.githubusercontent.com/mykeels/inec-presidential-elections-2023/master/results/37-zamfara\3870-kaura-namoda\26263-galadima-dan-galadima\polling-units.json
ZAMFARA,KAURA NAMODA,GALADIMA DAN GALADIMA,KOFAR AKUKI,36/08/04/033,https://docs.inecelectionresults.net/elections_prod/1292/state/1/lga/3870/ward/26263/pu/178210/178210-1677531206.pdf,2023-02-27T20:54:00.187Z,false,https://raw.githubusercontent.com/mykeels/inec-presidential-elections-2023/master/results/37-zamfara\3870-kaura-namoda\26263-galadima-dan-galadima\polling-units.json
ZAMFARA,KAURA NAMODA,GALADIMA DAN GALADIMA,KOFAR TSAMIYA  / SHIYAR ALI TELA,36/08/04/019,https://docs.inecelectionresults.net/elections_prod/1292/state/1/lga/3870/ward/26263/pu/119912/119912-1677519372.pdf,2023-02-27T17:37:00.393Z,false,https://raw.githubusercontent.com/mykeels/inec-presidential-elections-2023/master/results/37-zamfara\3870-kaura-namoda\26263-galadima-dan-galadima\polling-units.json
ZAMFARA,KAURA NAMODA,GALADIMA DAN GALADIMA,LUNGUN SAIDU,36/08/04/030,https://docs.inecelectionresults.net/elections_prod/1292/state/1/lga/3870/ward/26263/pu/178207/178207-1677539043.pdf,2023-02-27T23:05:00.170Z,false,https://raw.githubusercontent.com/mykeels/inec-presidential-elections-2023/master/results/37-zamfara\3870-kaura-namoda\26263-galadima-dan-galadima\polling-units.json
ZAMFARA,KAURA NAMODA,GALADIMA DAN GALADIMA,MAGIZAWA SHIYAR MAGAJI / SHIYAR HAKIMI,36/08/04/005,https://docs.inecelectionresults.net/elections_prod/1292/state/1/lga/3870/ward/26263/pu/119898/119898-1677542194.pdf,2023-02-27T23:57:00.171Z,false,https://raw.githubusercontent.com/mykeels/inec-presidential-elections-2023/master/results/37-zamfara\3870-kaura-namoda\26263-galadima-dan-galadima\polling-units.json
ZAMFARA,KAURA NAMODA,GALADIMA DAN GALADIMA,MAGIZAWA SHIYAR UBAN DAWAKI / SHIYAR UBAN DAWAKI,36/08/04/004,https://docs.inecelectionresults.net/elections_prod/1292/state/1/lga/3870/ward/26263/pu/119897/119897-1677522349.pdf,2023-02-27T18:26:00.385Z,false,https://raw.githubusercontent.com/mykeels/inec-presidential-elections-2023/master/results/37-zamfara\3870-kaura-namoda\26263-galadima-dan-galadima\polling-units.json
ZAMFARA,KAURA NAMODA,GALADIMA DAN GALADIMA,MAGIZAWAS KUBAMBI / PRIMARY SCHOOL,36/08/04/003,https://docs.inecelectionresults.net/elections_prod/1292/state/1/lga/3870/ward/26263/pu/119896/119896-1677532567.pdf,2023-02-27T21:17:01.121Z,false,https://raw.githubusercontent.com/mykeels/inec-presidential-elections-2023/master/results/37-zamfara\3870-kaura-namoda\26263-galadima-dan-galadima\polling-units.json
ZAMFARA,KAURA NAMODA,GALADIMA DAN GALADIMA,MAKARANTA / BASHAR PRIMARY SCHOOL,36/08/04/016,https://docs.inecelectionresults.net/elections_prod/1292/state/1/lga/3870/ward/26263/pu/119909/119909-1677534891.pdf,2023-02-27T21:55:00.594Z,false,https://raw.githubusercontent.com/mykeels/inec-presidential-elections-2023/master/results/37-zamfara\3870-kaura-namoda\26263-galadima-dan-galadima\polling-units.json
ZAMFARA,KAURA NAMODA,GALADIMA DAN GALADIMA,MATOYAR GABAS/BAKIN BEDI,36/08/04/027,https://docs.inecelectionresults.net/elections_prod/1292/state/1/lga/3870/ward/26263/pu/178204/178204-1677534224.pdf,2023-02-27T21:44:01.711Z,false,https://raw.githubusercontent.com/mykeels/inec-presidential-elections-2023/master/results/37-zamfara\3870-kaura-namoda\26263-galadima-dan-galadima\polling-units.json
ZAMFARA,KAURA NAMODA,GALADIMA DAN GALADIMA,S/LUGUN SAIDU / TUDUN ANAI,36/08/04/010,https://docs.inecelectionresults.net/elections_prod/1292/state/1/lga/3870/ward/26263/pu/119903/119903-1677527886.pdf,2023-02-27T19:58:59.890Z,false,https://raw.githubusercontent.com/mykeels/inec-presidential-elections-2023/master/results/37-zamfara\3870-kaura-namoda\26263-galadima-dan-galadima\polling-units.json
ZAMFARA,KAURA NAMODA,GALADIMA DAN GALADIMA,S/MALAKAI / SH/M. MAMMAN,36/08/04/011,https://docs.inecelectionresults.net/elections_prod/1292/state/1/lga/3870/ward/26263/pu/119904/119904-1677522468.pdf,2023-02-27T18:28:00.289Z,false,https://raw.githubusercontent.com/mykeels/inec-presidential-elections-2023/master/results/37-zamfara\3870-kaura-namoda\26263-galadima-dan-galadima\polling-units.json
ZAMFARA,KAURA NAMODA,GALADIMA DAN GALADIMA,SHIYAR ABDUR'A UF / SHIYAR HAKIMI,36/08/04/018,https://docs.inecelectionresults.net/elections_prod/1292/state/1/lga/3870/ward/26263/pu/119911/119911-1677534190.pdf,2023-02-27T21:44:01.451Z,false,https://raw.githubusercontent.com/mykeels/inec-presidential-elections-2023/master/results/37-zamfara\3870-kaura-namoda\26263-galadima-dan-galadima\polling-units.json
ZAMFARA,KAURA NAMODA,GALADIMA DAN GALADIMA,SHIYAR ANACE / SHIYAR S / FAWA,36/08/04/017,https://docs.inecelectionresults.net/elections_prod/1292/state/1/lga/3870/ward/26263/pu/119910/119910-1677517890.pdf,2023-02-27T17:13:57.607Z,false,https://raw.githubusercontent.com/mykeels/inec-presidential-elections-2023/master/results/37-zamfara\3870-kaura-namoda\26263-galadima-dan-galadima\polling-units.json
ZAMFARA,KAURA NAMODA,GALADIMA DAN GALADIMA,SHIYAR BARAYAR ZAKI / KOFAR SAMAILA MOYI,36/08/04/020,https://docs.inecelectionresults.net/elections_prod/1292/state/1/lga/3870/ward/26263/pu/119913/119913-1677525503.pdf,2023-02-27T19:19:00.282Z,false,https://raw.githubusercontent.com/mykeels/inec-presidential-elections-2023/master/results/37-zamfara\3870-kaura-namoda\26263-galadima-dan-galadima\polling-units.json
ZAMFARA,KAURA NAMODA,GALADIMA DAN GALADIMA,SHIYAR BARAYAR ZAKI BAKIN BEDI,36/08/04/039,https://docs.inecelectionresults.net/elections_prod/1292/state/1/lga/3870/ward/26263/pu/178216/178216-1677542751.pdf,2023-02-28T00:06:00.140Z,false,https://raw.githubusercontent.com/mykeels/inec-presidential-elections-2023/master/results/37-zamfara\3870-kaura-namoda\26263-galadima-dan-galadima\polling-units.json
ZAMFARA,KAURA NAMODA,GALADIMA DAN GALADIMA,SHIYAR BULA / BORE SH/TSOHO,36/08/04/008,,,false,https://raw.githubusercontent.com/mykeels/inec-presidential-elections-2023/master/results/37-zamfara\3870-kaura-namoda\26263-galadima-dan-galadima\polling-units.json
ZAMFARA,KAURA NAMODA,GALADIMA DAN GALADIMA,YAN MARADI,36/08/04/025,https://docs.inecelectionresults.net/elections_prod/1292/state/1/lga/3870/ward/26263/pu/178202/178202-1677532057.pdf,2023-02-27T21:08:00.170Z,false,https://raw.githubusercontent.com/mykeels/inec-presidential-elections-2023/master/results/37-zamfara\3870-kaura-namoda\26263-galadima-dan-galadima\polling-units.json
ZAMFARA,KAURA NAMODA,GALADIMA DAN GALADIMA,YAR CHEDIYA BAKIN TRANSFORMER,36/08/04/034,https://docs.inecelectionresults.net/elections_prod/1292/state/1/lga/3870/ward/26263/pu/178211/178211-1677527133.pdf,2023-02-27T19:46:00.258Z,false,https://raw.githubusercontent.com/mykeels/inec-presidential-elections-2023/master/results/37-zamfara\3870-kaura-namoda\26263-galadima-dan-galadima\polling-units.json
ZAMFARA,KAURA NAMODA,GALADIMA DAN GALADIMA,YAR TURDA,36/08/04/022,https://docs.inecelectionresults.net/elections_prod/1292/state/1/lga/3870/ward/26263/pu/178199/178199-1677531259.pdf,2023-02-27T20:55:01.024Z,false,https://raw.githubusercontent.com/mykeels/inec-presidential-elections-2023/master/results/37-zamfara\3870-kaura-namoda\26263-galadima-dan-galadima\polling-units.json
ZAMFARA,KAURA NAMODA,KAGARA,BUNGUDAWA / SHIYAR HAKIMI,36/08/05/001,https://docs.inecelectionresults.net/elections_prod/1292/state/1/lga/3870/ward/26264/pu/119914/119914-1677526367.pdf,2023-02-27T19:33:00.072Z,false,https://raw.githubusercontent.com/mykeels/inec-presidential-elections-2023/master/results/37-zamfara\3870-kaura-namoda\26264-kagara\polling-units.json
ZAMFARA,KAURA NAMODA,KAGARA,KAGARA / KOFAR HAKIMI,36/08/05/005,https://docs.inecelectionresults.net/elections_prod/1292/state/1/lga/3870/ward/26264/pu/119918/119918-1677526538.pdf,2023-02-27T19:36:00.116Z,false,https://raw.githubusercontent.com/mykeels/inec-presidential-elections-2023/master/results/37-zamfara\3870-kaura-namoda\26264-kagara\polling-units.json
ZAMFARA,KAURA NAMODA,KAGARA,KAGARA FALAU /BAKIN MASALLACI,36/08/05/006,https://docs.inecelectionresults.net/elections_prod/1292/state/1/lga/3870/ward/26264/pu/119919/119919-1677527128.pdf,2023-02-27T19:46:00.174Z,false,https://raw.githubusercontent.com/mykeels/inec-presidential-elections-2023/master/results/37-zamfara\3870-kaura-namoda\26264-kagara\polling-units.json
ZAMFARA,KAURA NAMODA,KAGARA,NASARAWA / SHIYAR TSAMIYA,36/08/05/010,https://docs.inecelectionresults.net/elections_prod/1292/state/1/lga/3870/ward/26264/pu/119923/119923-1677526827.pdf,2023-02-27T19:41:00.203Z,false,https://raw.githubusercontent.com/mykeels/inec-presidential-elections-2023/master/results/37-zamfara\3870-kaura-namoda\26264-kagara\polling-units.json
ZAMFARA,KAURA NAMODA,KAGARA,RUTUTU / SHIYAR MAGAJI,36/08/05/008,https://docs.inecelectionresults.net/elections_prod/1292/state/1/lga/3870/ward/26264/pu/119921/119921-1677528321.pdf,2023-02-27T20:05:59.983Z,false,https://raw.githubusercontent.com/mykeels/inec-presidential-elections-2023/master/results/37-zamfara\3870-kaura-namoda\26264-kagara\polling-units.json
ZAMFARA,KAURA NAMODA,KAGARA,RUTUTU/SH. MAGAJI,36/08/05/012,,,false,https://raw.githubusercontent.com/mykeels/inec-presidential-elections-2023/master/results/37-zamfara\3870-kaura-namoda\26264-kagara\polling-units.json
ZAMFARA,KAURA NAMODA,KAGARA,SHIYAR DODO / KOFAR A. UMMARU,36/08/05/002,,,false,https://raw.githubusercontent.com/mykeels/inec-presidential-elections-2023/master/results/37-zamfara\3870-kaura-namoda\26264-kagara\polling-units.json
ZAMFARA,KAURA NAMODA,KAGARA,SHIYAR JANBUZU / KOFAR JANBUZU,36/08/05/011,https://docs.inecelectionresults.net/elections_prod/1292/state/1/lga/3870/ward/26264/pu/119924/119924-1677527337.pdf,2023-02-27T19:49:00.375Z,false,https://raw.githubusercontent.com/mykeels/inec-presidential-elections-2023/master/results/37-zamfara\3870-kaura-namoda\26264-kagara\polling-units.json
ZAMFARA,KAURA NAMODA,KAGARA,SHIYAR MAI ZUMA / KOFAR MAI ZUMA,36/08/05/003,https://docs.inecelectionresults.net/elections_prod/1292/state/1/lga/3870/ward/26264/pu/119916/119916-1677529053.pdf,2023-02-27T20:18:00.204Z,false,https://raw.githubusercontent.com/mykeels/inec-presidential-elections-2023/master/results/37-zamfara\3870-kaura-namoda\26264-kagara\polling-units.json
ZAMFARA,KAURA NAMODA,KAGARA,SHIYAR NA GONA / KOFAR HAKIMI,36/08/05/004,https://docs.inecelectionresults.net/elections_prod/1292/state/1/lga/3870/ward/26264/pu/119917/119917-1677527896.pdf,2023-02-27T19:59:00.121Z,false,https://raw.githubusercontent.com/mykeels/inec-presidential-elections-2023/master/results/37-zamfara\3870-kaura-namoda\26264-kagara\polling-units.json
ZAMFARA,KAURA NAMODA,KAGARA,TUDUN WADA / SHIYAR MAGAJI,36/08/05/009,https://docs.inecelectionresults.net/elections_prod/1292/state/1/lga/3870/ward/26264/pu/119922/119922-1677527543.pdf,2023-02-27T19:53:00.396Z,false,https://raw.githubusercontent.com/mykeels/inec-presidential-elections-2023/master/results/37-zamfara\3870-kaura-namoda\26264-kagara\polling-units.json
ZAMFARA,KAURA NAMODA,KAGARA,TUMBUS / SHIYAR HAKIMI,36/08/05/007,https://docs.inecelectionresults.net/elections_prod/1292/state/1/lga/3870/ward/26264/pu/119920/119920-1677528603.pdf,2023-02-27T20:10:59.929Z,false,https://raw.githubusercontent.com/mykeels/inec-presidential-elections-2023/master/results/37-zamfara\3870-kaura-namoda\26264-kagara\polling-units.json
ZAMFARA,KAURA NAMODA,KUNGURKI,ADMINISTRATIVE BLOCK,36/08/06/026,https://docs.inecelectionresults.net/elections_prod/1292/state/1/lga/3870/ward/26265/pu/178225/178225-1677510270.pdf,2023-02-27T15:05:02.593Z,false,https://raw.githubusercontent.com/mykeels/inec-presidential-elections-2023/master/results/37-zamfara\3870-kaura-namoda\26265-kungurki\polling-units.json
ZAMFARA,KAURA NAMODA,KUNGURKI,DABA PRI SCH,36/08/06/019,,,false,https://raw.githubusercontent.com/mykeels/inec-presidential-elections-2023/master/results/37-zamfara\3870-kaura-namoda\26265-kungurki\polling-units.json
ZAMFARA,KAURA NAMODA,KUNGURKI,DABA YAR KASUWA / YAR KASUWA,36/08/06/001,https://docs.inecelectionresults.net/elections_prod/1292/state/1/lga/3870/ward/26265/pu/119925/119925-1677511454.pdf,2023-02-27T15:25:01.127Z,false,https://raw.githubusercontent.com/mykeels/inec-presidential-elections-2023/master/results/37-zamfara\3870-kaura-namoda\26265-kungurki\polling-units.json
ZAMFARA,KAURA NAMODA,KUNGURKI,DAN GAWO BAKIN BEDI,36/08/06/024,https://docs.inecelectionresults.net/elections_prod/1292/state/1/lga/3870/ward/26265/pu/178223/178223-1677512254.pdf,2023-02-27T15:38:01.547Z,false,https://raw.githubusercontent.com/mykeels/inec-presidential-elections-2023/master/results/37-zamfara\3870-kaura-namoda\26265-kungurki\polling-units.json
ZAMFARA,KAURA NAMODA,KUNGURKI,DAYAU / SHIYAR ALIYU,36/08/06/002,https://docs.inecelectionresults.net/elections_prod/1292/state/01/lga/08/ward/06/pu/002/002-1677359225.pdf,2023-02-25T21:14:03.348Z,false,https://raw.githubusercontent.com/mykeels/inec-presidential-elections-2023/master/results/37-zamfara\3870-kaura-namoda\26265-kungurki\polling-units.json
ZAMFARA,KAURA NAMODA,KUNGURKI,DISCO / BAKIN MASALLACHI,36/08/06/003,,,false,https://raw.githubusercontent.com/mykeels/inec-presidential-elections-2023/master/results/37-zamfara\3870-kaura-namoda\26265-kungurki\polling-units.json
ZAMFARA,KAURA NAMODA,KUNGURKI,FAGOJI / FAGOJI PRIMARY SCHOOL,36/08/06/004,https://docs.inecelectionresults.net/elections_prod/1292/state/1/lga/3870/ward/26265/pu/119928/119928-1677516578.pdf,2023-02-27T17:13:23.043Z,false,https://raw.githubusercontent.com/mykeels/inec-presidential-elections-2023/master/results/37-zamfara\3870-kaura-namoda\26265-kungurki\polling-units.json
ZAMFARA,KAURA NAMODA,KUNGURKI,FAGUJI PRIMARY SCHOOL BLOCK B,36/08/06/021,https://docs.inecelectionresults.net/elections_prod/1292/state/1/lga/3870/ward/26265/pu/178220/178220-1677508808.pdf,2023-02-27T14:41:01.255Z,false,https://raw.githubusercontent.com/mykeels/inec-presidential-elections-2023/master/results/37-zamfara\3870-kaura-namoda\26265-kungurki\polling-units.json
ZAMFARA,KAURA NAMODA,KUNGURKI,GIDAN SAMBO / KOFAR HAKIMI,36/08/06/016,https://docs.inecelectionresults.net/elections_prod/1292/state/1/lga/3870/ward/26265/pu/119940/119940-1677512430.pdf,2023-02-27T15:41:01.761Z,false,https://raw.githubusercontent.com/mykeels/inec-presidential-elections-2023/master/results/37-zamfara\3870-kaura-namoda\26265-kungurki\polling-units.json
ZAMFARA,KAURA NAMODA,KUNGURKI,GOVT SECONDARY JUNIOUR S/GARI,36/08/06/025,https://docs.inecelectionresults.net/elections_prod/1292/state/1/lga/3870/ward/26265/pu/178224/178224-1677514887.pdf,2023-02-27T16:30:18.734Z,false,https://raw.githubusercontent.com/mykeels/inec-presidential-elections-2023/master/results/37-zamfara\3870-kaura-namoda\26265-kungurki\polling-units.json
ZAMFARA,KAURA NAMODA,KUNGURKI,KUNGURKI GOVT SECONDARY SCH KUNGURKI,36/08/06/028,https://docs.inecelectionresults.net/elections_prod/1292/state/1/lga/3870/ward/26265/pu/178227/178227-1677516635.pdf,2023-02-27T17:13:25.004Z,false,https://raw.githubusercontent.com/mykeels/inec-presidential-elections-2023/master/results/37-zamfara\3870-kaura-namoda\26265-kungurki\polling-units.json
ZAMFARA,KAURA NAMODA,KUNGURKI,KUNGURKI MODEL,36/08/06/027,https://docs.inecelectionresults.net/elections_prod/1292/state/1/lga/3870/ward/26265/pu/178226/178226-1677510579.pdf,2023-02-27T15:10:01.651Z,false,https://raw.githubusercontent.com/mykeels/inec-presidential-elections-2023/master/results/37-zamfara\3870-kaura-namoda\26265-kungurki\polling-units.json
ZAMFARA,KAURA NAMODA,KUNGURKI,MADIRA / SHIYAR BARAYA,36/08/06/006,https://docs.inecelectionresults.net/elections_prod/1292/state/1/lga/3870/ward/26265/pu/119930/119930-1677511799.pdf,2023-02-27T15:31:01.237Z,false,https://raw.githubusercontent.com/mykeels/inec-presidential-elections-2023/master/results/37-zamfara\3870-kaura-namoda\26265-kungurki\polling-units.json
ZAMFARA,KAURA NAMODA,KUNGURKI,MADIRA SH. BARAYA,36/08/06/022,https://docs.inecelectionresults.net/elections_prod/1292/state/1/lga/3870/ward/26265/pu/178221/178221-1677514321.pdf,2023-02-27T16:30:01.322Z,false,https://raw.githubusercontent.com/mykeels/inec-presidential-elections-2023/master/results/37-zamfara\3870-kaura-namoda\26265-kungurki\polling-units.json
ZAMFARA,KAURA NAMODA,KUNGURKI,RAILWAY STORE S/GARI,36/08/06/023,https://docs.inecelectionresults.net/elections_prod/1292/state/1/lga/3870/ward/26265/pu/178222/178222-1677515412.pdf,2023-02-27T16:31:01.379Z,false,https://raw.githubusercontent.com/mykeels/inec-presidential-elections-2023/master/results/37-zamfara\3870-kaura-namoda\26265-kungurki\polling-units.json
ZAMFARA,KAURA NAMODA,KUNGURKI,S/G DURUMI WAKE / DURUMI,36/08/06/018,https://docs.inecelectionresults.net/elections_prod/1292/state/1/lga/3870/ward/26265/pu/119942/119942-1677510028.pdf,2023-02-27T15:01:01.431Z,false,https://raw.githubusercontent.com/mykeels/inec-presidential-elections-2023/master/results/37-zamfara\3870-kaura-namoda\26265-kungurki\polling-units.json
ZAMFARA,KAURA NAMODA,KUNGURKI,S/GARI KAKA MAI FAMFO / KOFAR KAKA MAI FAMFO,36/08/06/007,https://docs.inecelectionresults.net/elections_prod/1292/state/1/lga/3870/ward/26265/pu/119931/119931-1677512973.pdf,2023-02-27T15:50:00.992Z,false,https://raw.githubusercontent.com/mykeels/inec-presidential-elections-2023/master/results/37-zamfara\3870-kaura-namoda\26265-kungurki\polling-units.json
ZAMFARA,KAURA NAMODA,KUNGURKI,S/GARI MODEL PRI BLOCK B,36/08/06/029,https://docs.inecelectionresults.net/elections_prod/1292/state/1/lga/3870/ward/26265/pu/178228/178228-1677509157.pdf,2023-02-27T14:47:03.069Z,false,https://raw.githubusercontent.com/mykeels/inec-presidential-elections-2023/master/results/37-zamfara\3870-kaura-namoda\26265-kungurki\polling-units.json
ZAMFARA,KAURA NAMODA,KUNGURKI,S/GARI SANI KYALLE / KOFAR SANI KYALLE,36/08/06/008,https://docs.inecelectionresults.net/elections_prod/1292/state/1/lga/3870/ward/26265/pu/119932/119932-1677522038.pdf,2023-02-27T18:21:00.864Z,false,https://raw.githubusercontent.com/mykeels/inec-presidential-elections-2023/master/results/37-zamfara\3870-kaura-namoda\26265-kungurki\polling-units.json
ZAMFARA,KAURA NAMODA,KUNGURKI,S/NOMA GADO / KOFAR S/NOMA GADO,36/08/06/013,https://docs.inecelectionresults.net/elections_prod/1292/state/1/lga/3870/ward/26265/pu/119937/119937-1677516089.pdf,2023-02-27T17:13:10.280Z,false,https://raw.githubusercontent.com/mykeels/inec-presidential-elections-2023/master/results/37-zamfara\3870-kaura-namoda\26265-kungurki\polling-units.json
ZAMFARA,KAURA NAMODA,KUNGURKI,S/NOMA JAN ZAKAWA / KOFAR DAN TURAI,36/08/06/014,https://docs.inecelectionresults.net/elections_prod/1292/state/1/lga/3870/ward/26265/pu/119938/119938-1677518018.pdf,2023-02-27T17:14:00.908Z,false,https://raw.githubusercontent.com/mykeels/inec-presidential-elections-2023/master/results/37-zamfara\3870-kaura-namoda\26265-kungurki\polling-units.json
ZAMFARA,KAURA NAMODA,KUNGURKI,SH/TUDU BALA / KOFAR TUDU BALA,36/08/06/012,https://docs.inecelectionresults.net/elections_prod/1292/state/1/lga/3870/ward/26265/pu/119936/119936-1677513346.pdf,2023-02-27T15:56:06.561Z,false,https://raw.githubusercontent.com/mykeels/inec-presidential-elections-2023/master/results/37-zamfara\3870-kaura-namoda\26265-kungurki\polling-units.json
ZAMFARA,KAURA NAMODA,KUNGURKI,SHIYAR AJIYA / SH. M. SA'IDU,36/08/06/005,https://docs.inecelectionresults.net/elections_prod/1292/state/1/lga/3870/ward/26265/pu/119929/119929-1677513779.pdf,2023-02-27T16:05:01.178Z,false,https://raw.githubusercontent.com/mykeels/inec-presidential-elections-2023/master/results/37-zamfara\3870-kaura-namoda\26265-kungurki\polling-units.json
ZAMFARA,KAURA NAMODA,KUNGURKI,SHIYAR ALIYU DAYAU,36/08/06/020,https://docs.inecelectionresults.net/elections_prod/1292/state/1/lga/3870/ward/26265/pu/178219/178219-1677510587.pdf,2023-02-27T15:10:01.841Z,false,https://raw.githubusercontent.com/mykeels/inec-presidential-elections-2023/master/results/37-zamfara\3870-kaura-namoda\26265-kungurki\polling-units.json
ZAMFARA,KAURA NAMODA,KUNGURKI,SHIYAR GALADIMA / KOFAR GALADIMA,36/08/06/011,https://docs.inecelectionresults.net/elections_prod/1292/state/1/lga/3870/ward/26265/pu/119935/119935-1677511277.pdf,2023-02-27T15:23:14.699Z,false,https://raw.githubusercontent.com/mykeels/inec-presidential-elections-2023/master/results/37-zamfara\3870-kaura-namoda\26265-kungurki\polling-units.json
ZAMFARA,KAURA NAMODA,KUNGURKI,SHIYAR IRO MAI NAMA / KOFAR IRO MAI NAMAI,36/08/06/009,https://docs.inecelectionresults.net/elections_prod/1292/state/1/lga/3870/ward/26265/pu/119933/119933-1677512926.pdf,2023-02-27T15:49:01.822Z,false,https://raw.githubusercontent.com/mykeels/inec-presidential-elections-2023/master/results/37-zamfara\3870-kaura-namoda\26265-kungurki\polling-units.json
ZAMFARA,KAURA NAMODA,KUNGURKI,SHIYAR SHAGON DAN BUS / KOFAR SHAGON DAN BUS,36/08/06/010,https://docs.inecelectionresults.net/elections_prod/1292/state/1/lga/3870/ward/26265/pu/119934/119934-1677510014.pdf,2023-02-27T15:01:01.930Z,false,https://raw.githubusercontent.com/mykeels/inec-presidential-elections-2023/master/results/37-zamfara\3870-kaura-namoda\26265-kungurki\polling-units.json
ZAMFARA,KAURA NAMODA,KUNGURKI,TUNGA RAIRAI / SHIYAR HAKIMI,36/08/06/017,https://docs.inecelectionresults.net/elections_prod/1292/state/1/lga/3870/ward/26265/pu/119941/119941-1677506175.pdf,2023-02-27T13:57:00.172Z,false,https://raw.githubusercontent.com/mykeels/inec-presidential-elections-2023/master/results/37-zamfara\3870-kaura-namoda\26265-kungurki\polling-units.json
ZAMFARA,KAURA NAMODA,KUNGURKI,WALO MAI LUDO / KOFAR D/MAI WAKE,36/08/06/015,https://docs.inecelectionresults.net/elections_prod/1292/state/1/lga/3870/ward/26265/pu/119939/119939-1677516073.pdf,2023-02-27T17:13:09.973Z,false,https://raw.githubusercontent.com/mykeels/inec-presidential-elections-2023/master/results/37-zamfara\3870-kaura-namoda\26265-kungurki\polling-units.json
ZAMFARA,KAURA NAMODA,KURYA MADARO,BALANKABE / PRIMARY SCHOOL,36/08/07/001,https://docs.inecelectionresults.net/elections_prod/1292/state/1/lga/3870/ward/26266/pu/119943/119943-1677530747.pdf,2023-02-27T20:46:00.615Z,false,https://raw.githubusercontent.com/mykeels/inec-presidential-elections-2023/master/results/37-zamfara\3870-kaura-namoda\26266-kurya-madaro\polling-units.json
ZAMFARA,KAURA NAMODA,KURYA MADARO,BORE HOLE BAKIN FADA,36/08/07/015,https://docs.inecelectionresults.net/elections_prod/1292/state/1/lga/3870/ward/26266/pu/178229/178229-1677531080.pdf,2023-02-27T20:52:00.053Z,false,https://raw.githubusercontent.com/mykeels/inec-presidential-elections-2023/master/results/37-zamfara\3870-kaura-namoda\26266-kurya-madaro\polling-units.json
ZAMFARA,KAURA NAMODA,KURYA MADARO,GAREWA / SHIYAR ALKALI,36/08/07/003,https://docs.inecelectionresults.net/elections_prod/1292/state/1/lga/3870/ward/26266/pu/119945/119945-1677531681.pdf,2023-02-27T21:01:59.965Z,false,https://raw.githubusercontent.com/mykeels/inec-presidential-elections-2023/master/results/37-zamfara\3870-kaura-namoda\26266-kurya-madaro\polling-units.json
ZAMFARA,KAURA NAMODA,KURYA MADARO,GOVT SEC SCHOOL KURYA MADARO,36/08/07/019,https://docs.inecelectionresults.net/elections_prod/1292/state/1/lga/3870/ward/26266/pu/178233/178233-1677532155.pdf,2023-02-27T21:10:01.107Z,false,https://raw.githubusercontent.com/mykeels/inec-presidential-elections-2023/master/results/37-zamfara\3870-kaura-namoda\26266-kurya-madaro\polling-units.json
ZAMFARA,KAURA NAMODA,KURYA MADARO,GUIWA / SHIYAR HAKIMI,36/08/07/004,https://docs.inecelectionresults.net/elections_prod/1292/state/1/lga/3870/ward/26266/pu/119946/119946-1677524947.pdf,2023-02-27T19:09:59.957Z,false,https://raw.githubusercontent.com/mykeels/inec-presidential-elections-2023/master/results/37-zamfara\3870-kaura-namoda\26266-kurya-madaro\polling-units.json
ZAMFARA,KAURA NAMODA,KURYA MADARO,MAGAJIN SAKE / SH/ MAGAJIN SAKE,36/08/07/012,https://docs.inecelectionresults.net/elections_prod/1292/state/1/lga/3870/ward/26266/pu/119954/119954-1677531782.pdf,2023-02-27T21:04:01.152Z,false,https://raw.githubusercontent.com/mykeels/inec-presidential-elections-2023/master/results/37-zamfara\3870-kaura-namoda\26266-kurya-madaro\polling-units.json
ZAMFARA,KAURA NAMODA,KURYA MADARO,MALE WARD PHC KURYA MADARO,36/08/07/017,https://docs.inecelectionresults.net/elections_prod/1292/state/1/lga/3870/ward/26266/pu/178231/178231-1677525058.pdf,2023-02-27T19:11:00.470Z,false,https://raw.githubusercontent.com/mykeels/inec-presidential-elections-2023/master/results/37-zamfara\3870-kaura-namoda\26266-kurya-madaro\polling-units.json
ZAMFARA,KAURA NAMODA,KURYA MADARO,MATANKARI / SHIYAR MANI DAUDU,36/08/07/006,https://docs.inecelectionresults.net/elections_prod/1292/state/1/lga/3870/ward/26266/pu/119948/119948-1677532087.pdf,2023-02-27T21:09:01.019Z,false,https://raw.githubusercontent.com/mykeels/inec-presidential-elections-2023/master/results/37-zamfara\3870-kaura-namoda\26266-kurya-madaro\polling-units.json
ZAMFARA,KAURA NAMODA,KURYA MADARO,MODEL PRIMARY SCHOOL KURYA MADARO (BLOCK A),36/08/07/016,https://docs.inecelectionresults.net/elections_prod/1292/state/1/lga/3870/ward/26266/pu/178230/178230-1677531025.pdf,2023-02-27T20:51:00.241Z,false,https://raw.githubusercontent.com/mykeels/inec-presidential-elections-2023/master/results/37-zamfara\3870-kaura-namoda\26266-kurya-madaro\polling-units.json
ZAMFARA,KAURA NAMODA,KURYA MADARO,RUGGAR KOSAU / KOFAR HAKIMI,36/08/07/013,https://docs.inecelectionresults.net/elections_prod/1292/state/1/lga/3870/ward/26266/pu/119955/119955-1677529859.pdf,2023-02-27T20:31:59.971Z,false,https://raw.githubusercontent.com/mykeels/inec-presidential-elections-2023/master/results/37-zamfara\3870-kaura-namoda\26266-kurya-madaro\polling-units.json
ZAMFARA,KAURA NAMODA,KURYA MADARO,SHIYAR GALADIMA / KOFAR SALAMA,36/08/07/002,https://docs.inecelectionresults.net/elections_prod/1292/state/1/lga/3870/ward/26266/pu/119944/119944-1677530703.pdf,2023-02-27T20:45:59.954Z,false,https://raw.githubusercontent.com/mykeels/inec-presidential-elections-2023/master/results/37-zamfara\3870-kaura-namoda\26266-kurya-madaro\polling-units.json
ZAMFARA,KAURA NAMODA,KURYA MADARO,SHIYAR JEKADA / PRIMARY SCHOOL,36/08/07/005,https://docs.inecelectionresults.net/elections_prod/1292/state/1/lga/3870/ward/26266/pu/119947/119947-1677530408.pdf,2023-02-27T20:40:59.943Z,false,https://raw.githubusercontent.com/mykeels/inec-presidential-elections-2023/master/results/37-zamfara\3870-kaura-namoda\26266-kurya-madaro\polling-units.json
ZAMFARA,KAURA NAMODA,KURYA MADARO,SHIYAR RAFI / SH. ALHAJI MUSA,36/08/07/009,https://docs.inecelectionresults.net/elections_prod/1292/state/1/lga/3870/ward/26266/pu/119951/119951-1677531351.pdf,2023-02-27T20:56:00.435Z,false,https://raw.githubusercontent.com/mykeels/inec-presidential-elections-2023/master/results/37-zamfara\3870-kaura-namoda\26266-kurya-madaro\polling-units.json
ZAMFARA,KAURA NAMODA,KURYA MADARO,SHIYAR SARKIN FADA / FADA AREA,36/08/07/008,https://docs.inecelectionresults.net/elections_prod/1292/state/1/lga/3870/ward/26266/pu/119950/119950-1677530097.pdf,2023-02-27T20:35:00.390Z,false,https://raw.githubusercontent.com/mykeels/inec-presidential-elections-2023/master/results/37-zamfara\3870-kaura-namoda\26266-kurya-madaro\polling-units.json
ZAMFARA,KAURA NAMODA,KURYA MADARO,SHIYAR SARKIN YAKI / SHIYAR M. BACHIRI,36/08/07/007,https://docs.inecelectionresults.net/elections_prod/1292/state/1/lga/3870/ward/26266/pu/119949/119949-1677529262.pdf,2023-02-27T20:21:59.936Z,false,https://raw.githubusercontent.com/mykeels/inec-presidential-elections-2023/master/results/37-zamfara\3870-kaura-namoda\26266-kurya-madaro\polling-units.json
ZAMFARA,KAURA NAMODA,KURYA MADARO,TOZON KASA / KOFAR HAKIMI,36/08/07/014,https://docs.inecelectionresults.net/elections_prod/1292/state/1/lga/3870/ward/26266/pu/119956/119956-1677529224.pdf,2023-02-27T20:20:59.968Z,false,https://raw.githubusercontent.com/mykeels/inec-presidential-elections-2023/master/results/37-zamfara\3870-kaura-namoda\26266-kurya-madaro\polling-units.json
ZAMFARA,KAURA NAMODA,KURYA MADARO,TUDUN WADA / TUDUN WADA AREA,36/08/07/011,https://docs.inecelectionresults.net/elections_prod/1292/state/1/lga/3870/ward/26266/pu/119953/119953-1677529552.pdf,2023-02-27T20:26:00.087Z,false,https://raw.githubusercontent.com/mykeels/inec-presidential-elections-2023/master/results/37-zamfara\3870-kaura-namoda\26266-kurya-madaro\polling-units.json
ZAMFARA,KAURA NAMODA,KURYA MADARO,TUNGA AJIYA / KOFAR AJIYA BALA,36/08/07/010,https://docs.inecelectionresults.net/elections_prod/1292/state/1/lga/3870/ward/26266/pu/119952/119952-1677529590.pdf,2023-02-27T20:27:00.145Z,false,https://raw.githubusercontent.com/mykeels/inec-presidential-elections-2023/master/results/37-zamfara\3870-kaura-namoda\26266-kurya-madaro\polling-units.json
ZAMFARA,KAURA NAMODA,KURYA MADARO,UPE PRIMARY SCHOOL,36/08/07/018,https://docs.inecelectionresults.net/elections_prod/1292/state/1/lga/3870/ward/26266/pu/178232/178232-1677530059.pdf,2023-02-27T20:35:00.082Z,false,https://raw.githubusercontent.com/mykeels/inec-presidential-elections-2023/master/results/37-zamfara\3870-kaura-namoda\26266-kurya-madaro\polling-units.json
ZAMFARA,KAURA NAMODA,KYAM BARAWA,BUNAJE/ PRIMARY SCHOOL,36/08/08/012,https://docs.inecelectionresults.net/elections_prod/1292/state/1/lga/3870/ward/26267/pu/119968/119968-1677589304.pdf,2023-02-28T13:28:03.975Z,true,https://raw.githubusercontent.com/mykeels/inec-presidential-elections-2023/master/results/37-zamfara\3870-kaura-namoda\26267-kyam-barawa\polling-units.json
ZAMFARA,KAURA NAMODA,KYAM BARAWA,FAMFIFI / PRIMARY SCHOOL,36/08/08/001,,,false,https://raw.githubusercontent.com/mykeels/inec-presidential-elections-2023/master/results/37-zamfara\3870-kaura-namoda\26267-kyam-barawa\polling-units.json
ZAMFARA,KAURA NAMODA,KYAM BARAWA,KASUWAR DAJI MODEL PRI. SCH.,36/08/08/018,https://docs.inecelectionresults.net/elections_prod/1292/state/1/lga/3870/ward/26267/pu/178238/178238-1677590815.pdf,2023-02-28T13:28:54.655Z,false,https://raw.githubusercontent.com/mykeels/inec-presidential-elections-2023/master/results/37-zamfara\3870-kaura-namoda\26267-kyam-barawa\polling-units.json
ZAMFARA,KAURA NAMODA,KYAM BARAWA,KOFAR FADA / SHIYAR FADA,36/08/08/013,https://docs.inecelectionresults.net/elections_prod/1292/state/1/lga/3870/ward/26267/pu/119969/119969-1677590341.pdf,2023-02-28T13:28:38.252Z,true,https://raw.githubusercontent.com/mykeels/inec-presidential-elections-2023/master/results/37-zamfara\3870-kaura-namoda\26267-kyam-barawa\polling-units.json
ZAMFARA,KAURA NAMODA,KYAM BARAWA,KOFAR YA / SHIYAR AUDU NASIFU,36/08/08/006,https://docs.inecelectionresults.net/elections_prod/1292/state/1/lga/3870/ward/26267/pu/119962/119962-1677592473.pdf,2023-02-28T14:13:02.725Z,true,https://raw.githubusercontent.com/mykeels/inec-presidential-elections-2023/master/results/37-zamfara\3870-kaura-namoda\26267-kyam-barawa\polling-units.json
ZAMFARA,KAURA NAMODA,KYAM BARAWA,KYAMBARAWA MODEL PRI SCH NEW BLOCK,36/08/08/016,,,false,https://raw.githubusercontent.com/mykeels/inec-presidential-elections-2023/master/results/37-zamfara\3870-kaura-namoda\26267-kyam-barawa\polling-units.json
ZAMFARA,KAURA NAMODA,KYAM BARAWA,MAGURU PRIMARY SCH,36/08/08/017,https://docs.inecelectionresults.net/elections_prod/1292/state/1/lga/3870/ward/26267/pu/178237/178237-1677593092.pdf,2023-02-28T14:13:31.342Z,true,https://raw.githubusercontent.com/mykeels/inec-presidential-elections-2023/master/results/37-zamfara\3870-kaura-namoda\26267-kyam-barawa\polling-units.json
ZAMFARA,KAURA NAMODA,KYAM BARAWA,SHIYAR DAN GALADIMA / MAGAJI PRI. SCH.,36/08/08/007,,,false,https://raw.githubusercontent.com/mykeels/inec-presidential-elections-2023/master/results/37-zamfara\3870-kaura-namoda\26267-kyam-barawa\polling-units.json
ZAMFARA,KAURA NAMODA,KYAM BARAWA,SHIYAR MAGAJI / KOFAR HAMZA,36/08/08/002,,,false,https://raw.githubusercontent.com/mykeels/inec-presidential-elections-2023/master/results/37-zamfara\3870-kaura-namoda\26267-kyam-barawa\polling-units.json
ZAMFARA,KAURA NAMODA,KYAM BARAWA,SHIYAR MAGAJI / SHIYAR S/TASHA,36/08/08/008,,,false,https://raw.githubusercontent.com/mykeels/inec-presidential-elections-2023/master/results/37-zamfara\3870-kaura-namoda\26267-kyam-barawa\polling-units.json
ZAMFARA,KAURA NAMODA,KYAM BARAWA,SHIYAR S/GARI / K/LALA AH,36/08/08/003,https://docs.inecelectionresults.net/elections_prod/1292/state/1/lga/3870/ward/26267/pu/119959/119959-1677589958.pdf,2023-02-28T13:28:24.698Z,true,https://raw.githubusercontent.com/mykeels/inec-presidential-elections-2023/master/results/37-zamfara\3870-kaura-namoda\26267-kyam-barawa\polling-units.json
ZAMFARA,KAURA NAMODA,KYAM BARAWA,SHIYAR SABON GARI / KOFAR MARAFA,36/08/08/005,https://docs.inecelectionresults.net/elections_prod/1292/state/01/lga/08/ward/08/pu/005/005-1677395794.pdf,2023-02-26T07:17:02.964Z,false,https://raw.githubusercontent.com/mykeels/inec-presidential-elections-2023/master/results/37-zamfara\3870-kaura-namoda\26267-kyam-barawa\polling-units.json
ZAMFARA,KAURA NAMODA,KYAM BARAWA,SHIYARTUDU / KOFAR MUSAN DAJI,36/08/08/004,,,false,https://raw.githubusercontent.com/mykeels/inec-presidential-elections-2023/master/results/37-zamfara\3870-kaura-namoda\26267-kyam-barawa\polling-units.json
ZAMFARA,KAURA NAMODA,KYAM BARAWA,TSOHON GARI PRI SCHOOL,36/08/08/014,,,false,https://raw.githubusercontent.com/mykeels/inec-presidential-elections-2023/master/results/37-zamfara\3870-kaura-namoda\26267-kyam-barawa\polling-units.json
ZAMFARA,KAURA NAMODA,KYAM BARAWA,TUDUN JALA BORE HOLE,36/08/08/015,https://docs.inecelectionresults.net/elections_prod/1292/state/1/lga/3870/ward/26267/pu/178235/178235-1677588779.pdf,2023-02-28T12:54:00.125Z,false,https://raw.githubusercontent.com/mykeels/inec-presidential-elections-2023/master/results/37-zamfara\3870-kaura-namoda\26267-kyam-barawa\polling-units.json
ZAMFARA,KAURA NAMODA,KYAM BARAWA,TUKASU / SABUWAR KASUWA,36/08/08/009,https://docs.inecelectionresults.net/elections_prod/1292/state/1/lga/3870/ward/26267/pu/119965/119965-1677591297.pdf,2023-02-28T13:35:01.897Z,false,https://raw.githubusercontent.com/mykeels/inec-presidential-elections-2023/master/results/37-zamfara\3870-kaura-namoda\26267-kyam-barawa\polling-units.json
ZAMFARA,KAURA NAMODA,KYAM BARAWA,YAR SHAGERAWA - KANKA SABON GARI,36/08/08/011,https://docs.inecelectionresults.net/elections_prod/1292/state/1/lga/3870/ward/26267/pu/119967/119967-1677592529.pdf,2023-02-28T14:13:05.803Z,true,https://raw.githubusercontent.com/mykeels/inec-presidential-elections-2023/master/results/37-zamfara\3870-kaura-namoda\26267-kyam-barawa\polling-units.json
ZAMFARA,KAURA NAMODA,KYAM BARAWA,ZAZZAKA / PRIMARY SCHOOL,36/08/08/010,,,false,https://raw.githubusercontent.com/mykeels/inec-presidential-elections-2023/master/results/37-zamfara\3870-kaura-namoda\26267-kyam-barawa\polling-units.json
ZAMFARA,KAURA NAMODA,S/BAURA/S/MAFARA,ASIBITIN MATA / KOFAR ASIBITIN MATA,36/08/10/013,https://docs.inecelectionresults.net/elections_prod/1292/state/1/lga/3870/ward/26269/pu/119994/119994-1677518108.pdf,2023-02-27T17:16:01.192Z,false,https://raw.githubusercontent.com/mykeels/inec-presidential-elections-2023/master/results/37-zamfara\3870-kaura-namoda\26269-s-baura-s-mafara\polling-units.json
ZAMFARA,KAURA NAMODA,S/BAURA/S/MAFARA,BAKIN KASUWA KAURA NAMODA,36/08/10/033,https://docs.inecelectionresults.net/elections_prod/1292/state/1/lga/3870/ward/26269/pu/178246/178246-1677511098.pdf,2023-02-27T15:23:07.474Z,false,https://raw.githubusercontent.com/mykeels/inec-presidential-elections-2023/master/results/37-zamfara\3870-kaura-namoda\26269-s-baura-s-mafara\polling-units.json
ZAMFARA,KAURA NAMODA,S/BAURA/S/MAFARA,BAKIN TRANSFORMER/KOFAR MODOMAWA,36/08/10/037,https://docs.inecelectionresults.net/elections_prod/1292/state/1/lga/3870/ward/26269/pu/178250/178250-1677516508.pdf,2023-02-27T17:13:20.981Z,false,https://raw.githubusercontent.com/mykeels/inec-presidential-elections-2023/master/results/37-zamfara\3870-kaura-namoda\26269-s-baura-s-mafara\polling-units.json
ZAMFARA,KAURA NAMODA,S/BAURA/S/MAFARA,BAKIN TRANSFORMER/TSOHUWAR KASUWA,36/08/10/050,https://docs.inecelectionresults.net/elections_prod/1292/state/01/lga/08/ward/10/pu/050/050-1677374410.pdf,2023-02-26T01:21:00.929Z,false,https://raw.githubusercontent.com/mykeels/inec-presidential-elections-2023/master/results/37-zamfara\3870-kaura-namoda\26269-s-baura-s-mafara\polling-units.json
ZAMFARA,KAURA NAMODA,S/BAURA/S/MAFARA,BAKIN TRANSFORMER/TSOHUWAR TASHA,36/08/10/051,https://docs.inecelectionresults.net/elections_prod/1292/state/1/lga/3870/ward/26269/pu/178264/178264-1677526998.pdf,2023-02-27T19:44:00.172Z,false,https://raw.githubusercontent.com/mykeels/inec-presidential-elections-2023/master/results/37-zamfara\3870-kaura-namoda\26269-s-baura-s-mafara\polling-units.json
ZAMFARA,KAURA NAMODA,S/BAURA/S/MAFARA,BEDIN DAJO,36/08/10/032,https://docs.inecelectionresults.net/elections_prod/1292/state/1/lga/3870/ward/26269/pu/178245/178245-1677531178.pdf,2023-02-27T20:54:01.102Z,false,https://raw.githubusercontent.com/mykeels/inec-presidential-elections-2023/master/results/37-zamfara\3870-kaura-namoda\26269-s-baura-s-mafara\polling-units.json
ZAMFARA,KAURA NAMODA,S/BAURA/S/MAFARA,BEDIN M. DIDI,36/08/10/031,https://docs.inecelectionresults.net/elections_prod/1292/state/1/lga/3870/ward/26269/pu/178244/178244-1677531754.pdf,2023-02-27T21:03:00.103Z,false,https://raw.githubusercontent.com/mykeels/inec-presidential-elections-2023/master/results/37-zamfara\3870-kaura-namoda\26269-s-baura-s-mafara\polling-units.json
ZAMFARA,KAURA NAMODA,S/BAURA/S/MAFARA,BEDIN MALLAMAWA,36/08/10/043,https://docs.inecelectionresults.net/elections_prod/1292/state/1/lga/3870/ward/26269/pu/178256/178256-1677528736.pdf,2023-02-27T20:13:00.114Z,false,https://raw.githubusercontent.com/mykeels/inec-presidential-elections-2023/master/results/37-zamfara\3870-kaura-namoda\26269-s-baura-s-mafara\polling-units.json
ZAMFARA,KAURA NAMODA,S/BAURA/S/MAFARA,BEDIN NA AYYA,36/08/10/027,https://docs.inecelectionresults.net/elections_prod/1292/state/1/lga/3870/ward/26269/pu/178240/178240-1677507567.pdf,2023-02-27T14:21:01.082Z,false,https://raw.githubusercontent.com/mykeels/inec-presidential-elections-2023/master/results/37-zamfara\3870-kaura-namoda\26269-s-baura-s-mafara\polling-units.json
ZAMFARA,KAURA NAMODA,S/BAURA/S/MAFARA,BEDIN OGAH,36/08/10/029,https://docs.inecelectionresults.net/elections_prod/1292/state/1/lga/3870/ward/26269/pu/178242/178242-1677532870.pdf,2023-02-27T21:22:00.221Z,false,https://raw.githubusercontent.com/mykeels/inec-presidential-elections-2023/master/results/37-zamfara\3870-kaura-namoda\26269-s-baura-s-mafara\polling-units.json
ZAMFARA,KAURA NAMODA,S/BAURA/S/MAFARA,BULA SHIYAR SADA / MAKARANTA,36/08/10/014,https://docs.inecelectionresults.net/elections_prod/1292/state/1/lga/3870/ward/26269/pu/119995/119995-1677537258.pdf,2023-02-27T22:35:01.028Z,false,https://raw.githubusercontent.com/mykeels/inec-presidential-elections-2023/master/results/37-zamfara\3870-kaura-namoda\26269-s-baura-s-mafara\polling-units.json
ZAMFARA,KAURA NAMODA,S/BAURA/S/MAFARA,DAN GAWO / B/MAKARANTA,36/08/10/026,https://docs.inecelectionresults.net/elections_prod/1292/state/1/lga/3870/ward/26269/pu/120007/120007-1677533462.pdf,2023-02-27T21:31:59.924Z,false,https://raw.githubusercontent.com/mykeels/inec-presidential-elections-2023/master/results/37-zamfara\3870-kaura-namoda\26269-s-baura-s-mafara\polling-units.json
ZAMFARA,KAURA NAMODA,S/BAURA/S/MAFARA,DANGAWO MODEL PRIMARY SCHOOL,36/08/10/053,https://docs.inecelectionresults.net/elections_prod/1292/state/1/lga/3870/ward/26269/pu/178266/178266-1677522520.pdf,2023-02-27T18:29:00.197Z,false,https://raw.githubusercontent.com/mykeels/inec-presidential-elections-2023/master/results/37-zamfara\3870-kaura-namoda\26269-s-baura-s-mafara\polling-units.json
ZAMFARA,KAURA NAMODA,S/BAURA/S/MAFARA,G.R.A K/NAMODA,36/08/10/045,https://docs.inecelectionresults.net/elections_prod/1292/state/1/lga/3870/ward/26269/pu/178258/178258-1677501205.pdf,2023-02-27T12:34:00.767Z,false,https://raw.githubusercontent.com/mykeels/inec-presidential-elections-2023/master/results/37-zamfara\3870-kaura-namoda\26269-s-baura-s-mafara\polling-units.json
ZAMFARA,KAURA NAMODA,S/BAURA/S/MAFARA,G.R.A. / MAKARANTA,36/08/10/017,https://docs.inecelectionresults.net/elections_prod/1292/state/01/lga/08/ward/10/pu/017/017-1677376533.pdf,2023-02-26T01:56:01.352Z,false,https://raw.githubusercontent.com/mykeels/inec-presidential-elections-2023/master/results/37-zamfara\3870-kaura-namoda\26269-s-baura-s-mafara\polling-units.json
ZAMFARA,KAURA NAMODA,S/BAURA/S/MAFARA,GIDAN AJINNA / MAKARANTA,36/08/10/024,https://docs.inecelectionresults.net/elections_prod/1292/state/1/lga/3870/ward/26269/pu/120005/120005-1677534677.pdf,2023-02-27T21:52:01.178Z,false,https://raw.githubusercontent.com/mykeels/inec-presidential-elections-2023/master/results/37-zamfara\3870-kaura-namoda\26269-s-baura-s-mafara\polling-units.json
ZAMFARA,KAURA NAMODA,S/BAURA/S/MAFARA,GIDAN RUWA / TSOHUWAR TASHA,36/08/10/052,https://docs.inecelectionresults.net/elections_prod/1292/state/1/lga/3870/ward/26269/pu/178265/178265-1677529654.pdf,2023-02-27T20:28:00.501Z,false,https://raw.githubusercontent.com/mykeels/inec-presidential-elections-2023/master/results/37-zamfara\3870-kaura-namoda\26269-s-baura-s-mafara\polling-units.json
ZAMFARA,KAURA NAMODA,S/BAURA/S/MAFARA,KASUWA / KARA,36/08/10/028,https://docs.inecelectionresults.net/elections_prod/1292/state/1/lga/3870/ward/26269/pu/178241/178241-1677526385.pdf,2023-02-27T19:34:00.232Z,false,https://raw.githubusercontent.com/mykeels/inec-presidential-elections-2023/master/results/37-zamfara\3870-kaura-namoda\26269-s-baura-s-mafara\polling-units.json
ZAMFARA,KAURA NAMODA,S/BAURA/S/MAFARA,KOFAR AWALA,36/08/10/044,https://docs.inecelectionresults.net/elections_prod/1292/state/1/lga/3870/ward/26269/pu/178257/178257-1677518856.pdf,2023-02-27T17:28:00.583Z,false,https://raw.githubusercontent.com/mykeels/inec-presidential-elections-2023/master/results/37-zamfara\3870-kaura-namoda\26269-s-baura-s-mafara\polling-units.json
ZAMFARA,KAURA NAMODA,S/BAURA/S/MAFARA,KOFAR ZURMI / SHIYAR NAYAWO,36/08/10/018,https://docs.inecelectionresults.net/elections_prod/1292/state/01/lga/08/ward/10/pu/018/018-1677375540.pdf,2023-02-26T01:39:59.867Z,false,https://raw.githubusercontent.com/mykeels/inec-presidential-elections-2023/master/results/37-zamfara\3870-kaura-namoda\26269-s-baura-s-mafara\polling-units.json
ZAMFARA,KAURA NAMODA,S/BAURA/S/MAFARA,LUNGUN ALKALAWA,36/08/10/048,https://docs.inecelectionresults.net/elections_prod/1292/state/1/lga/3870/ward/26269/pu/178261/178261-1677528072.pdf,2023-02-27T20:02:00.968Z,false,https://raw.githubusercontent.com/mykeels/inec-presidential-elections-2023/master/results/37-zamfara\3870-kaura-namoda\26269-s-baura-s-mafara\polling-units.json
ZAMFARA,KAURA NAMODA,S/BAURA/S/MAFARA,LUNGUN SHIYAR ANGO/BAKIN BEDI,36/08/10/049,https://docs.inecelectionresults.net/elections_prod/1292/state/1/lga/3870/ward/26269/pu/178262/178262-1677527524.pdf,2023-02-27T19:53:00.316Z,false,https://raw.githubusercontent.com/mykeels/inec-presidential-elections-2023/master/results/37-zamfara\3870-kaura-namoda\26269-s-baura-s-mafara\polling-units.json
ZAMFARA,KAURA NAMODA,S/BAURA/S/MAFARA,MAHAUTA/KOFAR ZURMI,36/08/10/046,https://docs.inecelectionresults.net/elections_prod/1292/state/1/lga/3870/ward/26269/pu/178259/178259-1677543744.pdf,2023-02-28T00:23:00.118Z,false,https://raw.githubusercontent.com/mykeels/inec-presidential-elections-2023/master/results/37-zamfara\3870-kaura-namoda\26269-s-baura-s-mafara\polling-units.json
ZAMFARA,KAURA NAMODA,S/BAURA/S/MAFARA,MAHMUDA MODEL PRI SCH,36/08/10/030,https://docs.inecelectionresults.net/elections_prod/1292/state/01/lga/08/ward/10/pu/030/030-1677373472.pdf,2023-02-26T01:05:00.347Z,false,https://raw.githubusercontent.com/mykeels/inec-presidential-elections-2023/master/results/37-zamfara\3870-kaura-namoda\26269-s-baura-s-mafara\polling-units.json
ZAMFARA,KAURA NAMODA,S/BAURA/S/MAFARA,MAKERA / KOFAR ISA J/ SARAKI,36/08/10/007,https://docs.inecelectionresults.net/elections_prod/1292/state/1/lga/3870/ward/26269/pu/119988/119988-1677538124.pdf,2023-02-27T22:49:00.436Z,false,https://raw.githubusercontent.com/mykeels/inec-presidential-elections-2023/master/results/37-zamfara\3870-kaura-namoda\26269-s-baura-s-mafara\polling-units.json
ZAMFARA,KAURA NAMODA,S/BAURA/S/MAFARA,MATOYAR TULUNA / SH/DANSAKOLA,36/08/10/019,https://docs.inecelectionresults.net/elections_prod/1292/state/1/lga/3870/ward/26269/pu/120000/120000-1677536008.pdf,2023-02-27T22:14:00.187Z,false,https://raw.githubusercontent.com/mykeels/inec-presidential-elections-2023/master/results/37-zamfara\3870-kaura-namoda\26269-s-baura-s-mafara\polling-units.json
ZAMFARA,KAURA NAMODA,S/BAURA/S/MAFARA,MODEL PRI. SCHOOL TANKWAREN DAJI,36/08/10/036,https://docs.inecelectionresults.net/elections_prod/1292/state/1/lga/3870/ward/26269/pu/178249/178249-1677520771.pdf,2023-02-27T18:00:00.599Z,false,https://raw.githubusercontent.com/mykeels/inec-presidential-elections-2023/master/results/37-zamfara\3870-kaura-namoda\26269-s-baura-s-mafara\polling-units.json
ZAMFARA,KAURA NAMODA,S/BAURA/S/MAFARA,ORPHANS AND LESS PRIVILAGE CLINIC ALONG B/ MAG ROAD,36/08/10/042,https://docs.inecelectionresults.net/elections_prod/1292/state/1/lga/3870/ward/26269/pu/178255/178255-1677529180.pdf,2023-02-27T20:20:00.416Z,false,https://raw.githubusercontent.com/mykeels/inec-presidential-elections-2023/master/results/37-zamfara\3870-kaura-namoda\26269-s-baura-s-mafara\polling-units.json
ZAMFARA,KAURA NAMODA,S/BAURA/S/MAFARA,POLY HOSTEL / POLY CLINIC,36/08/10/012,https://docs.inecelectionresults.net/elections_prod/1292/state/1/lga/3870/ward/26269/pu/119993/119993-1677536885.pdf,2023-02-27T22:28:59.929Z,false,https://raw.githubusercontent.com/mykeels/inec-presidential-elections-2023/master/results/37-zamfara\3870-kaura-namoda\26269-s-baura-s-mafara\polling-units.json
ZAMFARA,KAURA NAMODA,S/BAURA/S/MAFARA,RAKA/ NAMODA SEC. SCH,36/08/10/034,https://docs.inecelectionresults.net/elections_prod/1292/state/1/lga/3870/ward/26269/pu/178247/178247-1677512360.pdf,2023-02-27T15:40:01.387Z,false,https://raw.githubusercontent.com/mykeels/inec-presidential-elections-2023/master/results/37-zamfara\3870-kaura-namoda\26269-s-baura-s-mafara\polling-units.json
ZAMFARA,KAURA NAMODA,S/BAURA/S/MAFARA,RED BRICKS NAMODA SEC SCH,36/08/10/035,https://docs.inecelectionresults.net/elections_prod/1292/state/1/lga/3870/ward/26269/pu/178248/178248-1677530504.pdf,2023-02-27T20:42:01.020Z,false,https://raw.githubusercontent.com/mykeels/inec-presidential-elections-2023/master/results/37-zamfara\3870-kaura-namoda\26269-s-baura-s-mafara\polling-units.json
ZAMFARA,KAURA NAMODA,S/BAURA/S/MAFARA,SABON KAURA/ NIZAMIA PRI. SCH,36/08/10/041,https://docs.inecelectionresults.net/elections_prod/1292/state/01/lga/08/ward/10/pu/041/041-1677400072.pdf,2023-02-26T08:28:03.338Z,false,https://raw.githubusercontent.com/mykeels/inec-presidential-elections-2023/master/results/37-zamfara\3870-kaura-namoda\26269-s-baura-s-mafara\polling-units.json
ZAMFARA,KAURA NAMODA,S/BAURA/S/MAFARA,SH/DAWAKAWA / SHIYAR HAKIMI,36/08/10/003,https://docs.inecelectionresults.net/elections_prod/1292/state/1/lga/3870/ward/26269/pu/119984/119984-1677542814.pdf,2023-02-28T00:07:00.143Z,false,https://raw.githubusercontent.com/mykeels/inec-presidential-elections-2023/master/results/37-zamfara\3870-kaura-namoda\26269-s-baura-s-mafara\polling-units.json
ZAMFARA,KAURA NAMODA,S/BAURA/S/MAFARA,SHIYAR AJIYA / SHIYAR HAKIMI,36/08/10/002,https://docs.inecelectionresults.net/elections_prod/1292/state/1/lga/3870/ward/26269/pu/119983/119983-1677542453.pdf,2023-02-28T00:01:00.168Z,false,https://raw.githubusercontent.com/mykeels/inec-presidential-elections-2023/master/results/37-zamfara\3870-kaura-namoda\26269-s-baura-s-mafara\polling-units.json
ZAMFARA,KAURA NAMODA,S/BAURA/S/MAFARA,SHIYAR D/JIMMA / MAKERA,36/08/10/016,https://docs.inecelectionresults.net/elections_prod/1292/state/1/lga/3870/ward/26269/pu/119997/119997-1677519837.pdf,2023-02-27T17:44:01.115Z,false,https://raw.githubusercontent.com/mykeels/inec-presidential-elections-2023/master/results/37-zamfara\3870-kaura-namoda\26269-s-baura-s-mafara\polling-units.json
ZAMFARA,KAURA NAMODA,S/BAURA/S/MAFARA,SHIYAR DAN- DURIMI / SHIYAR HAKIMI,36/08/10/010,https://docs.inecelectionresults.net/elections_prod/1292/state/01/lga/08/ward/10/pu/010/010-1677374171.pdf,2023-02-26T01:17:00.774Z,false,https://raw.githubusercontent.com/mykeels/inec-presidential-elections-2023/master/results/37-zamfara\3870-kaura-namoda\26269-s-baura-s-mafara\polling-units.json
ZAMFARA,KAURA NAMODA,S/BAURA/S/MAFARA,SHIYAR DUMBAMI / KOFAR HAKIMI,36/08/10/022,https://docs.inecelectionresults.net/elections_prod/1292/state/1/lga/3870/ward/26269/pu/120003/120003-1677535555.pdf,2023-02-27T22:06:00.338Z,false,https://raw.githubusercontent.com/mykeels/inec-presidential-elections-2023/master/results/37-zamfara\3870-kaura-namoda\26269-s-baura-s-mafara\polling-units.json
ZAMFARA,KAURA NAMODA,S/BAURA/S/MAFARA,SHIYAR JAJJAYE / MAKARANTA,36/08/10/004,https://docs.inecelectionresults.net/elections_prod/1292/state/1/lga/3870/ward/26269/pu/119985/119985-1677543063.pdf,2023-02-28T00:11:59.855Z,false,https://raw.githubusercontent.com/mykeels/inec-presidential-elections-2023/master/results/37-zamfara\3870-kaura-namoda\26269-s-baura-s-mafara\polling-units.json
ZAMFARA,KAURA NAMODA,S/BAURA/S/MAFARA,SHIYAR KAROFI / DANGAWA,36/08/10/001,https://docs.inecelectionresults.net/elections_prod/1292/state/1/lga/3870/ward/26269/pu/119982/119982-1677541742.pdf,2023-02-27T23:49:59.914Z,false,https://raw.githubusercontent.com/mykeels/inec-presidential-elections-2023/master/results/37-zamfara\3870-kaura-namoda\26269-s-baura-s-mafara\polling-units.json
ZAMFARA,KAURA NAMODA,S/BAURA/S/MAFARA,SHIYAR M. DIDI/KOFAR M. DIDI,36/08/10/005,https://docs.inecelectionresults.net/elections_prod/1292/state/1/lga/3870/ward/26269/pu/119986/119986-1677515265.pdf,2023-02-27T16:30:28.765Z,false,https://raw.githubusercontent.com/mykeels/inec-presidential-elections-2023/master/results/37-zamfara\3870-kaura-namoda\26269-s-baura-s-mafara\polling-units.json
ZAMFARA,KAURA NAMODA,S/BAURA/S/MAFARA,SHIYAR M. MUHAMMED / KOFAR M. MU'AZU,36/08/10/006,https://docs.inecelectionresults.net/elections_prod/1292/state/1/lga/3870/ward/26269/pu/119987/119987-1677514022.pdf,2023-02-27T16:08:01.106Z,false,https://raw.githubusercontent.com/mykeels/inec-presidential-elections-2023/master/results/37-zamfara\3870-kaura-namoda\26269-s-baura-s-mafara\polling-units.json
ZAMFARA,KAURA NAMODA,S/BAURA/S/MAFARA,SHIYAR SAMA / KOFAR HAKIMI,36/08/10/021,https://docs.inecelectionresults.net/elections_prod/1292/state/1/lga/3870/ward/26269/pu/120002/120002-1677507718.pdf,2023-02-27T14:22:59.882Z,false,https://raw.githubusercontent.com/mykeels/inec-presidential-elections-2023/master/results/37-zamfara\3870-kaura-namoda\26269-s-baura-s-mafara\polling-units.json
ZAMFARA,KAURA NAMODA,S/BAURA/S/MAFARA,SHIYAR SARKI NOMAN / M.T.D,36/08/10/008,https://docs.inecelectionresults.net/elections_prod/1292/state/1/lga/3870/ward/26269/pu/119989/119989-1677521943.pdf,2023-02-27T18:19:59.938Z,false,https://raw.githubusercontent.com/mykeels/inec-presidential-elections-2023/master/results/37-zamfara\3870-kaura-namoda\26269-s-baura-s-mafara\polling-units.json
ZAMFARA,KAURA NAMODA,S/BAURA/S/MAFARA,SHIYAR SARKIN DAWAKI / LUGUN S/MAFARA,36/08/10/020,https://docs.inecelectionresults.net/elections_prod/1292/state/1/lga/3870/ward/26269/pu/120001/120001-1677508540.pdf,2023-02-27T14:36:01.375Z,false,https://raw.githubusercontent.com/mykeels/inec-presidential-elections-2023/master/results/37-zamfara\3870-kaura-namoda\26269-s-baura-s-mafara\polling-units.json
ZAMFARA,KAURA NAMODA,S/BAURA/S/MAFARA,SHIYAR SIDI UMARU/KOFAR SIDI UMARU,36/08/10/015,https://docs.inecelectionresults.net/elections_prod/1292/state/1/lga/3870/ward/26269/pu/119996/119996-1677509339.pdf,2023-02-27T14:49:59.848Z,false,https://raw.githubusercontent.com/mykeels/inec-presidential-elections-2023/master/results/37-zamfara\3870-kaura-namoda\26269-s-baura-s-mafara\polling-units.json
ZAMFARA,KAURA NAMODA,S/BAURA/S/MAFARA,T/DOROWA / KOFAR ILIYA HAKIMI,36/08/10/025,https://docs.inecelectionresults.net/elections_prod/1292/state/1/lga/3870/ward/26269/pu/120006/120006-1677501860.pdf,2023-02-27T12:45:01.142Z,false,https://raw.githubusercontent.com/mykeels/inec-presidential-elections-2023/master/results/37-zamfara\3870-kaura-namoda\26269-s-baura-s-mafara\polling-units.json
ZAMFARA,KAURA NAMODA,S/BAURA/S/MAFARA,TANKWAREN DAJI / SHIYAR A. ISAH,36/08/10/009,https://docs.inecelectionresults.net/elections_prod/1292/state/01/lga/08/ward/10/pu/009/009-1677427644.pdf,2023-02-26T16:08:00.354Z,false,https://raw.githubusercontent.com/mykeels/inec-presidential-elections-2023/master/results/37-zamfara\3870-kaura-namoda\26269-s-baura-s-mafara\polling-units.json
ZAMFARA,KAURA NAMODA,S/BAURA/S/MAFARA,TSAYAWA / BAKIN BEDI,36/08/10/047,https://docs.inecelectionresults.net/elections_prod/1292/state/01/lga/08/ward/10/pu/047/047-1677403929.pdf,2023-02-26T09:33:02.142Z,false,https://raw.githubusercontent.com/mykeels/inec-presidential-elections-2023/master/results/37-zamfara\3870-kaura-namoda\26269-s-baura-s-mafara\polling-units.json
ZAMFARA,KAURA NAMODA,S/BAURA/S/MAFARA,TSOHUWAR TASHA / KOFAR DANDURGU,36/08/10/023,https://docs.inecelectionresults.net/elections_prod/1292/state/1/lga/3870/ward/26269/pu/120004/120004-1677535113.pdf,2023-02-27T21:59:00.114Z,false,https://raw.githubusercontent.com/mykeels/inec-presidential-elections-2023/master/results/37-zamfara\3870-kaura-namoda\26269-s-baura-s-mafara\polling-units.json
ZAMFARA,KAURA NAMODA,S/BAURA/S/MAFARA,TUDUN WADA / BAKIN TRANSFORMER,36/08/10/038,https://docs.inecelectionresults.net/elections_prod/1292/state/1/lga/3870/ward/26269/pu/178251/178251-1677510547.pdf,2023-02-27T15:10:01.138Z,false,https://raw.githubusercontent.com/mykeels/inec-presidential-elections-2023/master/results/37-zamfara\3870-kaura-namoda\26269-s-baura-s-mafara\polling-units.json
ZAMFARA,KAURA NAMODA,S/BAURA/S/MAFARA,TUDUN WADA / SHIYAR WAKKALA,36/08/10/011,https://docs.inecelectionresults.net/elections_prod/1292/state/1/lga/3870/ward/26269/pu/119992/119992-1677537652.pdf,2023-02-27T22:41:00.363Z,false,https://raw.githubusercontent.com/mykeels/inec-presidential-elections-2023/master/results/37-zamfara\3870-kaura-namoda\26269-s-baura-s-mafara\polling-units.json
ZAMFARA,KAURA NAMODA,S/BAURA/S/MAFARA,TUDUN WADA DISPENSARY,36/08/10/039,https://docs.inecelectionresults.net/elections_prod/1292/state/1/lga/3870/ward/26269/pu/178252/178252-1677521446.pdf,2023-02-27T18:11:00.650Z,false,https://raw.githubusercontent.com/mykeels/inec-presidential-elections-2023/master/results/37-zamfara\3870-kaura-namoda\26269-s-baura-s-mafara\polling-units.json
ZAMFARA,KAURA NAMODA,S/BAURA/S/MAFARA,YARIMA QUARTERS BEHIND ZURMI HOUSE,36/08/10/040,https://docs.inecelectionresults.net/elections_prod/1292/state/1/lga/3870/ward/26269/pu/178253/178253-1677519029.pdf,2023-02-27T17:31:00.889Z,false,https://raw.githubusercontent.com/mykeels/inec-presidential-elections-2023/master/results/37-zamfara\3870-kaura-namoda\26269-s-baura-s-mafara\polling-units.json
ZAMFARA,KAURA NAMODA,SAKAJIKI,ABANIYAWA STORE / S/ LABBON I,36/08/09/001,https://docs.inecelectionresults.net/elections_prod/1292/state/1/lga/3870/ward/26268/pu/119970/119970-1677521274.pdf,2023-02-27T18:08:00.521Z,false,https://raw.githubusercontent.com/mykeels/inec-presidential-elections-2023/master/results/37-zamfara\3870-kaura-namoda\26268-sakajiki\polling-units.json
ZAMFARA,KAURA NAMODA,SAKAJIKI,ALKO / SHIYAR TUDU,36/08/09/002,https://docs.inecelectionresults.net/elections_prod/1292/state/01/lga/08/ward/09/pu/002/002-1677366561.pdf,2023-02-25T23:10:01.272Z,false,https://raw.githubusercontent.com/mykeels/inec-presidential-elections-2023/master/results/37-zamfara\3870-kaura-namoda\26268-sakajiki\polling-units.json
ZAMFARA,KAURA NAMODA,SAKAJIKI,BADAKO / TASHAR MOTA,36/08/09/009,https://inec-cvr-cache.s3.eu-west-1.amazonaws.com/cached/results/118878/result_66646_1677517826_thumb.jpg,2023-02-28T18:15:28.964Z,false,https://raw.githubusercontent.com/mykeels/inec-presidential-elections-2023/master/results/37-zamfara\3870-kaura-namoda\26268-sakajiki\polling-units.json
ZAMFARA,KAURA NAMODA,SAKAJIKI,DAGWARWA / SHIYAR ABASAYA,36/08/09/003,https://docs.inecelectionresults.net/elections_prod/1292/state/1/lga/3870/ward/26268/pu/119972/119972-1677511794.pdf,2023-02-27T15:30:01.668Z,false,https://raw.githubusercontent.com/mykeels/inec-presidential-elections-2023/master/results/37-zamfara\3870-kaura-namoda\26268-sakajiki\polling-units.json
ZAMFARA,KAURA NAMODA,SAKAJIKI,KABAJE / PRIMARY SCHOOL,36/08/09/004,https://docs.inecelectionresults.net/elections_prod/1292/state/1/lga/3870/ward/26268/pu/119973/119973-1677512112.pdf,2023-02-27T15:36:01.372Z,false,https://raw.githubusercontent.com/mykeels/inec-presidential-elections-2023/master/results/37-zamfara\3870-kaura-namoda\26268-sakajiki\polling-units.json
ZAMFARA,KAURA NAMODA,SAKAJIKI,KWALABDAWA / TULLUWA KWALABDAWA,36/08/09/011,,,false,https://raw.githubusercontent.com/mykeels/inec-presidential-elections-2023/master/results/37-zamfara\3870-kaura-namoda\26268-sakajiki\polling-units.json
ZAMFARA,KAURA NAMODA,SAKAJIKI,SH/ALU/YAR KWANA,36/08/09/012,https://inec-cvr-cache.s3.eu-west-1.amazonaws.com/cached/results/118881/result_66649_1677506132_thumb.jpg,2023-02-28T17:26:55.867Z,true,https://raw.githubusercontent.com/mykeels/inec-presidential-elections-2023/master/results/37-zamfara\3870-kaura-namoda\26268-sakajiki\polling-units.json
ZAMFARA,KAURA NAMODA,SAKAJIKI,SH/NUFAWA / KOFAR M.D.NUHU,36/08/09/007,https://inec-cvr-cache.s3.eu-west-1.amazonaws.com/cached/results/118876/result_66644_1677506365_thumb.jpg,2023-02-28T20:36:45.447Z,true,https://raw.githubusercontent.com/mykeels/inec-presidential-elections-2023/master/results/37-zamfara\3870-kaura-namoda\26268-sakajiki\polling-units.json
ZAMFARA,KAURA NAMODA,SAKAJIKI,SHIYAR KAKA / PRI.SCH.,36/08/09/006,https://docs.inecelectionresults.net/elections_prod/1292/state/1/lga/3870/ward/26268/pu/119975/119975-1677512847.pdf,2023-02-27T15:48:01.095Z,false,https://raw.githubusercontent.com/mykeels/inec-presidential-elections-2023/master/results/37-zamfara\3870-kaura-namoda\26268-sakajiki\polling-units.json
ZAMFARA,KAURA NAMODA,SAKAJIKI,SHIYAR MARADUN / KOFAR MARADUN,36/08/09/005,,,false,https://raw.githubusercontent.com/mykeels/inec-presidential-elections-2023/master/results/37-zamfara\3870-kaura-namoda\26268-sakajiki\polling-units.json
ZAMFARA,KAURA NAMODA,SAKAJIKI,UNGUWAR  SARKIN MUSULMI / PRIMARY SCHOOL,36/08/09/008,https://docs.inecelectionresults.net/elections_prod/1292/state/1/lga/3870/ward/26268/pu/119977/119977-1677508949.pdf,2023-02-27T14:43:02.391Z,false,https://raw.githubusercontent.com/mykeels/inec-presidential-elections-2023/master/results/37-zamfara\3870-kaura-namoda\26268-sakajiki\polling-units.json
ZAMFARA,KAURA NAMODA,SAKAJIKI,YAMUTSAWA MODEL PRI. SCH,36/08/09/013,,,false,https://raw.githubusercontent.com/mykeels/inec-presidential-elections-2023/master/results/37-zamfara\3870-kaura-namoda\26268-sakajiki\polling-units.json
ZAMFARA,KAURA NAMODA,SAKAJIKI,ZAKUWA / FILIN ZAKUWA,36/08/09/010,https://docs.inecelectionresults.net/elections_prod/1292/state/01/lga/08/ward/09/pu/010/010-1677403281.pdf,2023-02-26T09:22:02.600Z,false,https://raw.githubusercontent.com/mykeels/inec-presidential-elections-2023/master/results/37-zamfara\3870-kaura-namoda\26268-sakajiki\polling-units.json
ZAMFARA,KAURA NAMODA,YANKABA,LUNGUN DANGIWA,36/08/11/012,https://docs.inecelectionresults.net/elections_prod/1292/state/1/lga/3870/ward/26270/pu/178268/178268-1677516002.pdf,2023-02-27T17:13:08.443Z,false,https://raw.githubusercontent.com/mykeels/inec-presidential-elections-2023/master/results/37-zamfara\3870-kaura-namoda\26270-yankaba\polling-units.json
ZAMFARA,KAURA NAMODA,YANKABA,LUNGUN DANGIWA / SHIYAR M/AMBAYA,36/08/11/007,https://docs.inecelectionresults.net/elections_prod/1292/state/1/lga/3870/ward/26270/pu/120014/120014-1677514559.pdf,2023-02-27T16:30:08.137Z,false,https://raw.githubusercontent.com/mykeels/inec-presidential-elections-2023/master/results/37-zamfara\3870-kaura-namoda\26270-yankaba\polling-units.json
ZAMFARA,KAURA NAMODA,YANKABA,MAJINGI / SHIYAR A. AMBAYE,36/08/11/001,https://docs.inecelectionresults.net/elections_prod/1292/state/01/lga/08/ward/11/pu/001/001-1677423271.pdf,2023-02-26T15:22:18.190Z,false,https://raw.githubusercontent.com/mykeels/inec-presidential-elections-2023/master/results/37-zamfara\3870-kaura-namoda\26270-yankaba\polling-units.json
ZAMFARA,KAURA NAMODA,YANKABA,MALLAMAWA,36/08/11/013,https://docs.inecelectionresults.net/elections_prod/1292/state/1/lga/3870/ward/26270/pu/178269/178269-1677516198.pdf,2023-02-27T17:13:13.611Z,false,https://raw.githubusercontent.com/mykeels/inec-presidential-elections-2023/master/results/37-zamfara\3870-kaura-namoda\26270-yankaba\polling-units.json
ZAMFARA,KAURA NAMODA,YANKABA,SABON GIDA/ SHIYAR HASSAN D/AJO,36/08/11/002,https://docs.inecelectionresults.net/elections_prod/1292/state/1/lga/3870/ward/26270/pu/120009/120009-1677512993.pdf,2023-02-27T15:50:01.513Z,false,https://raw.githubusercontent.com/mykeels/inec-presidential-elections-2023/master/results/37-zamfara\3870-kaura-namoda\26270-yankaba\polling-units.json
ZAMFARA,KAURA NAMODA,YANKABA,SHIYAR AUDU GOBIRAWA / SHIYAR HAKIMI,36/08/11/008,https://docs.inecelectionresults.net/elections_prod/1292/state/1/lga/3870/ward/26270/pu/120015/120015-1677514767.pdf,2023-02-27T16:30:14.519Z,false,https://raw.githubusercontent.com/mykeels/inec-presidential-elections-2023/master/results/37-zamfara\3870-kaura-namoda\26270-yankaba\polling-units.json
ZAMFARA,KAURA NAMODA,YANKABA,SHIYAR BAURA / SHIYAR M. YAHAYA,36/08/11/003,https://docs.inecelectionresults.net/elections_prod/1292/state/1/lga/3870/ward/26270/pu/120010/120010-1677513362.pdf,2023-02-27T15:56:59.859Z,false,https://raw.githubusercontent.com/mykeels/inec-presidential-elections-2023/master/results/37-zamfara\3870-kaura-namoda\26270-yankaba\polling-units.json
ZAMFARA,KAURA NAMODA,YANKABA,SHIYAR DANDANI / DAN FILI,36/08/11/004,https://docs.inecelectionresults.net/elections_prod/1292/state/1/lga/3870/ward/26270/pu/120011/120011-1677536619.pdf,2023-02-27T22:24:01.024Z,false,https://raw.githubusercontent.com/mykeels/inec-presidential-elections-2023/master/results/37-zamfara\3870-kaura-namoda\26270-yankaba\polling-units.json
ZAMFARA,KAURA NAMODA,YANKABA,SHIYAR DANDANI / DANFILI,36/08/11/011,https://docs.inecelectionresults.net/elections_prod/1292/state/1/lga/3870/ward/26270/pu/178267/178267-1677516506.pdf,2023-02-27T17:13:20.756Z,false,https://raw.githubusercontent.com/mykeels/inec-presidential-elections-2023/master/results/37-zamfara\3870-kaura-namoda\26270-yankaba\polling-units.json
ZAMFARA,KAURA NAMODA,YANKABA,SHIYAR LIMAN / KOFAR LIMAN,36/08/11/009,https://docs.inecelectionresults.net/elections_prod/1292/state/1/lga/3870/ward/26270/pu/120016/120016-1677515048.pdf,2023-02-27T16:30:22.479Z,false,https://raw.githubusercontent.com/mykeels/inec-presidential-elections-2023/master/results/37-zamfara\3870-kaura-namoda\26270-yankaba\polling-units.json
ZAMFARA,KAURA NAMODA,YANKABA,SHIYAR MAGAJI / SHAGON MANDE,36/08/11/005,https://docs.inecelectionresults.net/elections_prod/1292/state/1/lga/3870/ward/26270/pu/120012/120012-1677513801.pdf,2023-02-27T16:05:01.839Z,false,https://raw.githubusercontent.com/mykeels/inec-presidential-elections-2023/master/results/37-zamfara\3870-kaura-namoda\26270-yankaba\polling-units.json
ZAMFARA,KAURA NAMODA,YANKABA,SHIYAR S/MAKERA / BAKIN MAKERA,36/08/11/010,https://docs.inecelectionresults.net/elections_prod/1292/state/1/lga/3870/ward/26270/pu/120017/120017-1677515284.pdf,2023-02-27T16:30:29.201Z,false,https://raw.githubusercontent.com/mykeels/inec-presidential-elections-2023/master/results/37-zamfara\3870-kaura-namoda\26270-yankaba\polling-units.json
ZAMFARA,KAURA NAMODA,YANKABA,SHIYARYAHAYA SHIYAR A/BARAU,36/08/11/006,https://docs.inecelectionresults.net/elections_prod/1292/state/1/lga/3870/ward/26270/pu/120013/120013-1677514054.pdf,2023-02-27T16:08:01.132Z,false,https://raw.githubusercontent.com/mykeels/inec-presidential-elections-2023/master/results/37-zamfara\3870-kaura-namoda\26270-yankaba\polling-units.json
ZAMFARA,MARADUN,BIRNIN KAYA / DOSARA,ASARARA / FALLAU,36/09/01/004,https://docs.inecelectionresults.net/elections_prod/1292/state/1/lga/3871/ward/26271/pu/120021/120021-1677619047.pdf,2023-02-28T21:18:00.099Z,true,https://raw.githubusercontent.com/mykeels/inec-presidential-elections-2023/master/results/37-zamfara\3871-maradun\26271-birnin-kaya-dosara\polling-units.json
ZAMFARA,MARADUN,BIRNIN KAYA / DOSARA,BAK YASUWA   /  BAK YASUWA PRIMARY SCHOOL,36/09/01/010,https://docs.inecelectionresults.net/elections_prod/1292/state/1/lga/3871/ward/26271/pu/120027/120027-1677622060.pdf,2023-02-28T22:08:00.665Z,true,https://raw.githubusercontent.com/mykeels/inec-presidential-elections-2023/master/results/37-zamfara\3871-maradun\26271-birnin-kaya-dosara\polling-units.json
ZAMFARA,MARADUN,BIRNIN KAYA / DOSARA,BAKYASUWA II/BAKYASUWA PRI. SCH,36/09/01/019,https://docs.inecelectionresults.net/elections_prod/1292/state/1/lga/3871/ward/26271/pu/178273/178273-1677620082.pdf,2023-02-28T21:35:00.351Z,true,https://raw.githubusercontent.com/mykeels/inec-presidential-elections-2023/master/results/37-zamfara\3871-maradun\26271-birnin-kaya-dosara\polling-units.json
ZAMFARA,MARADUN,BIRNIN KAYA / DOSARA,BIRNIN KAYA   /   GABAS,36/09/01/005,https://docs.inecelectionresults.net/elections_prod/1292/state/1/lga/3871/ward/26271/pu/120022/120022-1677619354.pdf,2023-02-28T21:23:00.209Z,false,https://raw.githubusercontent.com/mykeels/inec-presidential-elections-2023/master/results/37-zamfara\3871-maradun\26271-birnin-kaya-dosara\polling-units.json
ZAMFARA,MARADUN,BIRNIN KAYA / DOSARA,DAMRAWA / SABUWAR TUNGA,36/09/01/014,https://docs.inecelectionresults.net/elections_prod/1292/state/1/lga/3871/ward/26271/pu/120031/120031-1677621156.pdf,2023-02-28T21:53:00.279Z,true,https://raw.githubusercontent.com/mykeels/inec-presidential-elections-2023/master/results/37-zamfara\3871-maradun\26271-birnin-kaya-dosara\polling-units.json
ZAMFARA,MARADUN,BIRNIN KAYA / DOSARA,DANBAZA / DISPENSARY,36/09/01/015,https://docs.inecelectionresults.net/elections_prod/1292/state/1/lga/3871/ward/26271/pu/120032/120032-1677620850.pdf,2023-02-28T21:48:00.467Z,true,https://raw.githubusercontent.com/mykeels/inec-presidential-elections-2023/master/results/37-zamfara\3871-maradun\26271-birnin-kaya-dosara\polling-units.json
ZAMFARA,MARADUN,BIRNIN KAYA / DOSARA,DANBAZA II/DANBAZA  DISPENSARY,36/09/01/017,https://docs.inecelectionresults.net/elections_prod/1292/state/1/lga/3871/ward/26271/pu/178271/178271-1677620466.pdf,2023-02-28T21:42:00.120Z,true,https://raw.githubusercontent.com/mykeels/inec-presidential-elections-2023/master/results/37-zamfara\3871-maradun\26271-birnin-kaya-dosara\polling-units.json
ZAMFARA,MARADUN,BIRNIN KAYA / DOSARA,IDORUWA  /  SHI/MARAFA,36/09/01/008,https://docs.inecelectionresults.net/elections_prod/1292/state/1/lga/3871/ward/26271/pu/120025/120025-1677622395.pdf,2023-02-28T22:14:00.121Z,true,https://raw.githubusercontent.com/mykeels/inec-presidential-elections-2023/master/results/37-zamfara\3871-maradun\26271-birnin-kaya-dosara\polling-units.json
ZAMFARA,MARADUN,BIRNIN KAYA / DOSARA,MAJE / DAN BAZA PRIMARY SCHOOL,36/09/01/012,https://docs.inecelectionresults.net/elections_prod/1292/state/1/lga/3871/ward/26271/pu/120029/120029-1677621511.pdf,2023-02-28T21:59:00.686Z,true,https://raw.githubusercontent.com/mykeels/inec-presidential-elections-2023/master/results/37-zamfara\3871-maradun\26271-birnin-kaya-dosara\polling-units.json
ZAMFARA,MARADUN,BIRNIN KAYA / DOSARA,MAJE II/DANBAZA PRI.SCH,36/09/01/016,https://docs.inecelectionresults.net/elections_prod/1292/state/1/lga/3871/ward/26271/pu/178270/178270-1677620727.pdf,2023-02-28T21:46:00.219Z,true,https://raw.githubusercontent.com/mykeels/inec-presidential-elections-2023/master/results/37-zamfara\3871-maradun\26271-birnin-kaya-dosara\polling-units.json
ZAMFARA,MARADUN,BIRNIN KAYA / DOSARA,SHIYAR  DUMAMAU  / DUMAMAU,36/09/01/003,https://docs.inecelectionresults.net/elections_prod/1292/state/1/lga/3871/ward/26271/pu/120020/120020-1677616440.pdf,2023-02-28T20:34:59.972Z,true,https://raw.githubusercontent.com/mykeels/inec-presidential-elections-2023/master/results/37-zamfara\3871-maradun\26271-birnin-kaya-dosara\polling-units.json
ZAMFARA,MARADUN,BIRNIN KAYA / DOSARA,SHIYAR AJIYA / MODEL PRIMARY SCHOOL,36/09/01/013,https://docs.inecelectionresults.net/elections_prod/1292/state/1/lga/3871/ward/26271/pu/120030/120030-1677621258.pdf,2023-02-28T21:55:01.272Z,true,https://raw.githubusercontent.com/mykeels/inec-presidential-elections-2023/master/results/37-zamfara\3871-maradun\26271-birnin-kaya-dosara\polling-units.json
ZAMFARA,MARADUN,BIRNIN KAYA / DOSARA,SHIYAR AJIYA II/ MODEL P.S,36/09/01/021,https://docs.inecelectionresults.net/elections_prod/1292/state/1/lga/3871/ward/26271/pu/178275/178275-1677619648.pdf,2023-02-28T21:28:00.266Z,true,https://raw.githubusercontent.com/mykeels/inec-presidential-elections-2023/master/results/37-zamfara\3871-maradun\26271-birnin-kaya-dosara\polling-units.json
ZAMFARA,MARADUN,BIRNIN KAYA / DOSARA,SHIYAR GADO / RUGGA,36/09/01/001,https://inec-cvr-cache.s3.eu-west-1.amazonaws.com/cached/results/118918/result_66717_1677502081_thumb.jpg,2023-02-28T21:37:48.597Z,true,https://raw.githubusercontent.com/mykeels/inec-presidential-elections-2023/master/results/37-zamfara\3871-maradun\26271-birnin-kaya-dosara\polling-units.json
ZAMFARA,MARADUN,BIRNIN KAYA / DOSARA,SHIYAR GALADIMA  I /   DOSARA CLINIC,36/09/01/009,https://inec-cvr-cache.s3.eu-west-1.amazonaws.com/cached/results/118926/result_66725_1677502685_thumb.jpg,2023-03-01T05:49:25.339Z,true,https://raw.githubusercontent.com/mykeels/inec-presidential-elections-2023/master/results/37-zamfara\3871-maradun\26271-birnin-kaya-dosara\polling-units.json
ZAMFARA,MARADUN,BIRNIN KAYA / DOSARA,SHIYAR GALADIMA II / DOSARA,36/09/01/011,https://docs.inecelectionresults.net/elections_prod/1292/state/1/lga/3871/ward/26271/pu/120028/120028-1677621646.pdf,2023-02-28T22:01:00.442Z,true,https://raw.githubusercontent.com/mykeels/inec-presidential-elections-2023/master/results/37-zamfara\3871-maradun\26271-birnin-kaya-dosara\polling-units.json
ZAMFARA,MARADUN,BIRNIN KAYA / DOSARA,SHIYAR GALADIMA III/ DOSARA,36/09/01/020,https://docs.inecelectionresults.net/elections_prod/1292/state/1/lga/3871/ward/26271/pu/178274/178274-1677619923.pdf,2023-02-28T21:32:59.967Z,true,https://raw.githubusercontent.com/mykeels/inec-presidential-elections-2023/master/results/37-zamfara\3871-maradun\26271-birnin-kaya-dosara\polling-units.json
ZAMFARA,MARADUN,BIRNIN KAYA / DOSARA,SHIYAR UBAN DAWAKI  /  GIDAN KANO,36/09/01/007,https://inec-cvr-cache.s3.eu-west-1.amazonaws.com/cached/results/118924/result_66723_1677502384_thumb.jpg,2023-02-28T17:32:40.326Z,true,https://raw.githubusercontent.com/mykeels/inec-presidential-elections-2023/master/results/37-zamfara\3871-maradun\26271-birnin-kaya-dosara\polling-units.json
ZAMFARA,MARADUN,BIRNIN KAYA / DOSARA,TULLUWA /  GIDAN BISA,36/09/01/006,https://inec-cvr-cache.s3.eu-west-1.amazonaws.com/cached/results/118923/result_66722_1677502459_thumb.jpg,2023-02-28T21:33:57.703Z,false,https://raw.githubusercontent.com/mykeels/inec-presidential-elections-2023/master/results/37-zamfara\3871-maradun\26271-birnin-kaya-dosara\polling-units.json
ZAMFARA,MARADUN,BIRNIN KAYA / DOSARA,TULLUWA II/GIDAN BISA,36/09/01/018,https://docs.inecelectionresults.net/elections_prod/1292/state/1/lga/3871/ward/26271/pu/178272/178272-1677620347.pdf,2023-02-28T21:40:01.220Z,true,https://raw.githubusercontent.com/mykeels/inec-presidential-elections-2023/master/results/37-zamfara\3871-maradun\26271-birnin-kaya-dosara\polling-units.json
ZAMFARA,MARADUN,BIRNIN KAYA / DOSARA,UNGUWAR BAKALORI  /  BAKALORI,36/09/01/002,https://docs.inecelectionresults.net/elections_prod/1292/state/1/lga/3871/ward/26271/pu/120019/120019-1677616281.pdf,2023-02-28T20:32:00.133Z,true,https://raw.githubusercontent.com/mykeels/inec-presidential-elections-2023/master/results/37-zamfara\3871-maradun\26271-birnin-kaya-dosara\polling-units.json
ZAMFARA,MARADUN,DAMAGA / DAMAGIWA,GWABRO I/ PRIMARY SCHOOL AREA,36/09/02/004,https://inec-cvr-cache.s3.eu-west-1.amazonaws.com/cached/results/118936/result_66741_1677493057_thumb.jpg,2023-02-28T17:37:48.203Z,true,https://raw.githubusercontent.com/mykeels/inec-presidential-elections-2023/master/results/37-zamfara\3871-maradun\26272-damaga-damagiwa\polling-units.json
ZAMFARA,MARADUN,DAMAGA / DAMAGIWA,GWABRO II /  GWABRO PRIMARY SCHOOL,36/09/02/009,https://inec-cvr-cache.s3.eu-west-1.amazonaws.com/cached/results/118941/result_66746_1677502604_thumb.jpg,2023-02-28T20:18:32.348Z,false,https://raw.githubusercontent.com/mykeels/inec-presidential-elections-2023/master/results/37-zamfara\3871-maradun\26272-damaga-damagiwa\polling-units.json
ZAMFARA,MARADUN,DAMAGA / DAMAGIWA,KARIMAWA / SHIYAR SARKI ASK,36/09/02/003,https://inec-cvr-cache.s3.eu-west-1.amazonaws.com/cached/results/118935/result_66740_1677494178_thumb.jpg,2023-02-28T21:30:16.471Z,true,https://raw.githubusercontent.com/mykeels/inec-presidential-elections-2023/master/results/37-zamfara\3871-maradun\26272-damaga-damagiwa\polling-units.json
ZAMFARA,MARADUN,DAMAGA / DAMAGIWA,KUDDU  /  DAN FILI KUDDU,36/09/02/008,,,false,https://raw.githubusercontent.com/mykeels/inec-presidential-elections-2023/master/results/37-zamfara\3871-maradun\26272-damaga-damagiwa\polling-units.json
ZAMFARA,MARADUN,DAMAGA / DAMAGIWA,KYANSALI / DANFILI,36/09/02/010,,,false,https://raw.githubusercontent.com/mykeels/inec-presidential-elections-2023/master/results/37-zamfara\3871-maradun\26272-damaga-damagiwa\polling-units.json
ZAMFARA,MARADUN,DAMAGA / DAMAGIWA,SH/RAFI GALADIMA II/GAMA GIWA,36/09/02/011,https://inec-cvr-cache.s3.eu-west-1.amazonaws.com/cached/results/674325/result_66748_1677493569_thumb.jpg,2023-02-28T20:41:40.602Z,true,https://raw.githubusercontent.com/mykeels/inec-presidential-elections-2023/master/results/37-zamfara\3871-maradun\26272-damaga-damagiwa\polling-units.json
ZAMFARA,MARADUN,DAMAGA / DAMAGIWA,SHIYAR DANYAKI / GIDAN DAN YAKI,36/09/02/002,https://inec-cvr-cache.s3.eu-west-1.amazonaws.com/cached/results/118934/result_66739_1677502435_thumb.jpg,2023-02-28T20:17:36.027Z,false,https://raw.githubusercontent.com/mykeels/inec-presidential-elections-2023/master/results/37-zamfara\3871-maradun\26272-damaga-damagiwa\polling-units.json
ZAMFARA,MARADUN,DAMAGA / DAMAGIWA,SHIYAR RAFI GALADIMA / GAMA GIWA,36/09/02/005,https://inec-cvr-cache.s3.eu-west-1.amazonaws.com/cached/results/118937/result_66742_1677493330_thumb.jpg,2023-02-28T18:13:14.588Z,true,https://raw.githubusercontent.com/mykeels/inec-presidential-elections-2023/master/results/37-zamfara\3871-maradun\26272-damaga-damagiwa\polling-units.json
ZAMFARA,MARADUN,DAMAGA / DAMAGIWA,SHIYAR TSARA / DAMAGA GARI,36/09/02/001,https://inec-cvr-cache.s3.eu-west-1.amazonaws.com/cached/results/118933/result_66738_1677492890_thumb.jpg,2023-02-28T18:04:57.159Z,true,https://raw.githubusercontent.com/mykeels/inec-presidential-elections-2023/master/results/37-zamfara\3871-maradun\26272-damaga-damagiwa\polling-units.json
ZAMFARA,MARADUN,DAMAGA / DAMAGIWA,SHIYAR YAMA / GAMA GIWA PRIMARY SCHOOL,36/09/02/006,https://inec-cvr-cache.s3.eu-west-1.amazonaws.com/cached/results/118938/result_66743_1677496280_thumb.jpg,2023-02-28T21:39:57.159Z,true,https://raw.githubusercontent.com/mykeels/inec-presidential-elections-2023/master/results/37-zamfara\3871-maradun\26272-damaga-damagiwa\polling-units.json
ZAMFARA,MARADUN,DAMAGA / DAMAGIWA,SHIYAR YAMA II/GAMA GIWA,36/09/02/012,,,false,https://raw.githubusercontent.com/mykeels/inec-presidential-elections-2023/master/results/37-zamfara\3871-maradun\26272-damaga-damagiwa\polling-units.json
ZAMFARA,MARADUN,DAMAGA / DAMAGIWA,ZAMAN GIRA / FILIN ZAMAN GIRA,36/09/02/007,https://inec-cvr-cache.s3.eu-west-1.amazonaws.com/cached/results/118939/result_66744_1677495498_thumb.jpg,2023-02-28T21:35:39.324Z,true,https://raw.githubusercontent.com/mykeels/inec-presidential-elections-2023/master/results/37-zamfara\3871-maradun\26272-damaga-damagiwa\polling-units.json
ZAMFARA,MARADUN,DAMAGA / DAMAGIWA,ZAMAN GIRA II/FILIN ZAMAN GIRA,36/09/02/013,https://inec-cvr-cache.s3.eu-west-1.amazonaws.com/cached/results/674327/result_66750_1677494901_thumb.jpg,2023-02-28T20:37:48.126Z,true,https://raw.githubusercontent.com/mykeels/inec-presidential-elections-2023/master/results/37-zamfara\3871-maradun\26272-damaga-damagiwa\polling-units.json
ZAMFARA,MARADUN,FARU / MAGAMI,AWALA / SHIYAR SARAKI,36/09/03/023,https://inec-cvr-cache.s3.eu-west-1.amazonaws.com/cached/results/118965/result_66773_1677497500_thumb.jpg,2023-02-28T17:30:11.975Z,true,https://raw.githubusercontent.com/mykeels/inec-presidential-elections-2023/master/results/37-zamfara\3871-maradun\26273-faru-magami\polling-units.json
ZAMFARA,MARADUN,FARU / MAGAMI,ELANKWASHE / GIDAN BISA,36/09/03/006,https://inec-cvr-cache.s3.eu-west-1.amazonaws.com/cached/results/118948/result_66756_1677506554_thumb.jpg,2023-02-28T17:39:38.468Z,true,https://raw.githubusercontent.com/mykeels/inec-presidential-elections-2023/master/results/37-zamfara\3871-maradun\26273-faru-magami\polling-units.json
ZAMFARA,MARADUN,FARU / MAGAMI,FARU /DISPENSARY,36/09/03/029,https://inec-cvr-cache.s3.eu-west-1.amazonaws.com/cached/results/674330/result_66779_1677505725_thumb.jpg,2023-02-28T18:05:22.216Z,true,https://raw.githubusercontent.com/mykeels/inec-presidential-elections-2023/master/results/37-zamfara\3871-maradun\26273-faru-magami\polling-units.json
ZAMFARA,MARADUN,FARU / MAGAMI,FARU MODEL I  / MODEL PRIMARY SCHOOL,36/09/03/009,https://inec-cvr-cache.s3.eu-west-1.amazonaws.com/cached/results/118951/result_66759_1677506252_thumb.jpg,2023-02-28T20:16:55.876Z,true,https://raw.githubusercontent.com/mykeels/inec-presidential-elections-2023/master/results/37-zamfara\3871-maradun\26273-faru-magami\polling-units.json
ZAMFARA,MARADUN,FARU / MAGAMI,FARU MODEL III/FARU PRI,36/09/03/028,https://inec-cvr-cache.s3.eu-west-1.amazonaws.com/cached/results/674329/result_66778_1677505812_thumb.jpg,2023-02-28T21:44:39.706Z,true,https://raw.githubusercontent.com/mykeels/inec-presidential-elections-2023/master/results/37-zamfara\3871-maradun\26273-faru-magami\polling-units.json
ZAMFARA,MARADUN,FARU / MAGAMI,FURU MODEL II / DISPENSARY,36/09/03/010,https://inec-cvr-cache.s3.eu-west-1.amazonaws.com/cached/results/118952/result_66760_1677506025_thumb.jpg,2023-02-28T21:22:57.208Z,true,https://raw.githubusercontent.com/mykeels/inec-presidential-elections-2023/master/results/37-zamfara\3871-maradun\26273-faru-magami\polling-units.json
ZAMFARA,MARADUN,FARU / MAGAMI,INDA LUMU / DAN FAKO,36/09/03/013,https://inec-cvr-cache.s3.eu-west-1.amazonaws.com/cached/results/118955/result_66763_1677506255_thumb.jpg,2023-02-28T17:35:07.986Z,true,https://raw.githubusercontent.com/mykeels/inec-presidential-elections-2023/master/results/37-zamfara\3871-maradun\26273-faru-magami\polling-units.json
ZAMFARA,MARADUN,FARU / MAGAMI,IYA DA NAKA / SH/AJIYA,36/09/03/017,https://inec-cvr-cache.s3.eu-west-1.amazonaws.com/cached/results/118959/result_66767_1677496205_thumb.jpg,2023-02-28T20:39:00.627Z,true,https://raw.githubusercontent.com/mykeels/inec-presidential-elections-2023/master/results/37-zamfara\3871-maradun\26273-faru-magami\polling-units.json
ZAMFARA,MARADUN,FARU / MAGAMI,KANDARE / JAYA,36/09/03/018,https://inec-cvr-cache.s3.eu-west-1.amazonaws.com/cached/results/118960/result_66768_1677496656_thumb.jpg,2023-02-28T17:22:56.671Z,true,https://raw.githubusercontent.com/mykeels/inec-presidential-elections-2023/master/results/37-zamfara\3871-maradun\26273-faru-magami\polling-units.json
ZAMFARA,MARADUN,FARU / MAGAMI,KATABUSHE / SH/MAKWASHI,36/09/03/019,https://inec-cvr-cache.s3.eu-west-1.amazonaws.com/cached/results/118961/result_66769_1677496811_thumb.jpg,2023-02-28T18:25:47.718Z,true,https://raw.githubusercontent.com/mykeels/inec-presidential-elections-2023/master/results/37-zamfara\3871-maradun\26273-faru-magami\polling-units.json
ZAMFARA,MARADUN,FARU / MAGAMI,KUZI  /  PRIMARY SCHOOL AREA,36/09/03/014,https://inec-cvr-cache.s3.eu-west-1.amazonaws.com/cached/results/118956/result_66764_1677506178_thumb.jpg,2023-02-28T17:34:11.519Z,true,https://raw.githubusercontent.com/mykeels/inec-presidential-elections-2023/master/results/37-zamfara\3871-maradun\26273-faru-magami\polling-units.json
ZAMFARA,MARADUN,FARU / MAGAMI,KUZI/GERA PRIMARY SCHOOL,36/09/03/030,https://inec-cvr-cache.s3.eu-west-1.amazonaws.com/cached/results/674331/result_66780_1677505447_thumb.jpg,2023-02-28T18:16:01.252Z,true,https://raw.githubusercontent.com/mykeels/inec-presidential-elections-2023/master/results/37-zamfara\3871-maradun\26273-faru-magami\polling-units.json
ZAMFARA,MARADUN,FARU / MAGAMI,KWANTSEWA / SHIYAR MAGAJI,36/09/03/025,https://inec-cvr-cache.s3.eu-west-1.amazonaws.com/cached/results/118967/result_66775_1677494683_thumb.jpg,2023-02-28T18:25:12.049Z,true,https://raw.githubusercontent.com/mykeels/inec-presidential-elections-2023/master/results/37-zamfara\3871-maradun\26273-faru-magami\polling-units.json
ZAMFARA,MARADUN,FARU / MAGAMI,KYARA / SH/ADAMU,36/09/03/011,https://inec-cvr-cache.s3.eu-west-1.amazonaws.com/cached/results/118953/result_66761_1677505478_thumb.jpg,2023-02-28T17:35:11.197Z,true,https://raw.githubusercontent.com/mykeels/inec-presidential-elections-2023/master/results/37-zamfara\3871-maradun\26273-faru-magami\polling-units.json
ZAMFARA,MARADUN,FARU / MAGAMI,NANAU / DUDDUBI,36/09/03/016,https://inec-cvr-cache.s3.eu-west-1.amazonaws.com/cached/results/118958/result_66766_1677507178_thumb.jpg,2023-02-28T21:28:54.104Z,true,https://raw.githubusercontent.com/mykeels/inec-presidential-elections-2023/master/results/37-zamfara\3871-maradun\26273-faru-magami\polling-units.json
ZAMFARA,MARADUN,FARU / MAGAMI,RUDUNU / BAKIN GARI,36/09/03/004,https://inec-cvr-cache.s3.eu-west-1.amazonaws.com/cached/results/118946/result_66754_1677506734_thumb.jpg,2023-02-28T18:04:43.171Z,true,https://raw.githubusercontent.com/mykeels/inec-presidential-elections-2023/master/results/37-zamfara\3871-maradun\26273-faru-magami\polling-units.json
ZAMFARA,MARADUN,FARU / MAGAMI,RUWAN BADO /  RUWAN BADO PRIMARY SCHOOL,36/09/03/005,https://inec-cvr-cache.s3.eu-west-1.amazonaws.com/cached/results/118947/result_66755_1677506675_thumb.jpg,2023-02-28T18:05:06.079Z,true,https://raw.githubusercontent.com/mykeels/inec-presidential-elections-2023/master/results/37-zamfara\3871-maradun\26273-faru-magami\polling-units.json
ZAMFARA,MARADUN,FARU / MAGAMI,SABON SARA / DAN FILI,36/09/03/021,https://inec-cvr-cache.s3.eu-west-1.amazonaws.com/cached/results/118963/result_66771_1677497227_thumb.jpg,2023-02-28T17:33:02.505Z,true,https://raw.githubusercontent.com/mykeels/inec-presidential-elections-2023/master/results/37-zamfara\3871-maradun\26273-faru-magami\polling-units.json
ZAMFARA,MARADUN,FARU / MAGAMI,SHIYAR BADIYE / KUKAR GASHE,36/09/03/024,https://inec-cvr-cache.s3.eu-west-1.amazonaws.com/cached/results/118966/result_66774_1677497687_thumb.jpg,2023-02-28T18:08:34.426Z,true,https://raw.githubusercontent.com/mykeels/inec-presidential-elections-2023/master/results/37-zamfara\3871-maradun\26273-faru-magami\polling-units.json
ZAMFARA,MARADUN,FARU / MAGAMI,SHIYAR BASHARU / BAKIN GARI,36/09/03/022,https://inec-cvr-cache.s3.eu-west-1.amazonaws.com/cached/results/118964/result_66772_1677497390_thumb.jpg,2023-02-28T17:30:05.927Z,true,https://raw.githubusercontent.com/mykeels/inec-presidential-elections-2023/master/results/37-zamfara\3871-maradun\26273-faru-magami\polling-units.json
ZAMFARA,MARADUN,FARU / MAGAMI,SHIYAR BUNU / DANFILI,36/09/03/001,https://inec-cvr-cache.s3.eu-west-1.amazonaws.com/cached/results/118943/result_66751_1677505286_thumb.jpg,2023-02-28T18:16:49.425Z,true,https://raw.githubusercontent.com/mykeels/inec-presidential-elections-2023/master/results/37-zamfara\3871-maradun\26273-faru-magami\polling-units.json
ZAMFARA,MARADUN,FARU / MAGAMI,SHIYAR MAGAJI / TSOHUWAR KASUWA,36/09/03/008,https://inec-cvr-cache.s3.eu-west-1.amazonaws.com/cached/results/118950/result_66758_1677506351_thumb.jpg,2023-02-28T21:30:21.327Z,true,https://raw.githubusercontent.com/mykeels/inec-presidential-elections-2023/master/results/37-zamfara\3871-maradun\26273-faru-magami\polling-units.json
ZAMFARA,MARADUN,FARU / MAGAMI,SHIYAR MAIDAWA / WARRI,36/09/03/003,https://inec-cvr-cache.s3.eu-west-1.amazonaws.com/cached/results/118945/result_66753_1677506847_thumb.jpg,2023-02-28T17:25:36.102Z,true,https://raw.githubusercontent.com/mykeels/inec-presidential-elections-2023/master/results/37-zamfara\3871-maradun\26273-faru-magami\polling-units.json
ZAMFARA,MARADUN,FARU / MAGAMI,SHIYAR MARAFA / KASUWA MATA,36/09/03/012,https://inec-cvr-cache.s3.eu-west-1.amazonaws.com/cached/results/118954/result_66762_1677506333_thumb.jpg,2023-02-28T20:25:27.691Z,true,https://raw.githubusercontent.com/mykeels/inec-presidential-elections-2023/master/results/37-zamfara\3871-maradun\26273-faru-magami\polling-units.json
ZAMFARA,MARADUN,FARU / MAGAMI,SHIYAR S/BURMI / SH/ARDO,36/09/03/020,https://inec-cvr-cache.s3.eu-west-1.amazonaws.com/cached/results/118962/result_66770_1677496994_thumb.jpg,2023-02-28T21:38:13.336Z,true,https://raw.githubusercontent.com/mykeels/inec-presidential-elections-2023/master/results/37-zamfara\3871-maradun\26273-faru-magami\polling-units.json
ZAMFARA,MARADUN,FARU / MAGAMI,SHIYAR YAN RUWA / BANGI,36/09/03/002,https://inec-cvr-cache.s3.eu-west-1.amazonaws.com/cached/results/118944/result_66752_1677506924_thumb.jpg,2023-02-28T20:30:31.036Z,true,https://raw.githubusercontent.com/mykeels/inec-presidential-elections-2023/master/results/37-zamfara\3871-maradun\26273-faru-magami\polling-units.json
ZAMFARA,MARADUN,FARU / MAGAMI,SHIYAR YAN RUWA II/BAICHE,36/09/03/027,https://inec-cvr-cache.s3.eu-west-1.amazonaws.com/cached/results/674328/result_66777_1677505904_thumb.jpg,2023-02-28T20:22:09.910Z,false,https://raw.githubusercontent.com/mykeels/inec-presidential-elections-2023/master/results/37-zamfara\3871-maradun\26273-faru-magami\polling-units.json
ZAMFARA,MARADUN,FARU / MAGAMI,TUDUN GARBA / SHIYAR TUDU,36/09/03/026,https://inec-cvr-cache.s3.eu-west-1.amazonaws.com/cached/results/118968/result_66776_1677494845_thumb.jpg,2023-02-28T17:27:42.897Z,true,https://raw.githubusercontent.com/mykeels/inec-presidential-elections-2023/master/results/37-zamfara\3871-maradun\26273-faru-magami\polling-units.json
ZAMFARA,MARADUN,FARU / MAGAMI,TUNGAR BUGAJE / MALLAMAWA,36/09/03/015,https://inec-cvr-cache.s3.eu-west-1.amazonaws.com/cached/results/118957/result_66765_1677506087_thumb.jpg,2023-02-28T20:17:54.888Z,true,https://raw.githubusercontent.com/mykeels/inec-presidential-elections-2023/master/results/37-zamfara\3871-maradun\26273-faru-magami\polling-units.json
ZAMFARA,MARADUN,FARU / MAGAMI,TUNGAR MAIRIGA / SH/MAIRIGA,36/09/03/007,https://inec-cvr-cache.s3.eu-west-1.amazonaws.com/cached/results/118949/result_66757_1677506456_thumb.jpg,2023-02-28T20:26:47.406Z,true,https://raw.githubusercontent.com/mykeels/inec-presidential-elections-2023/master/results/37-zamfara\3871-maradun\26273-faru-magami\polling-units.json
ZAMFARA,MARADUN,GIDAN GOGA,AKUZO  / UNGUWAR YAUTAI,36/09/05/001,https://docs.inecelectionresults.net/elections_prod/1292/state/01/lga/09/ward/05/pu/001/001-1677366075.pdf,2023-02-25T23:02:01.942Z,false,https://raw.githubusercontent.com/mykeels/inec-presidential-elections-2023/master/results/37-zamfara\3871-maradun\26275-gidan-goga\polling-units.json
ZAMFARA,MARADUN,GIDAN GOGA,BABBAR SABRA / JAJANI,36/09/05/003,,,false,https://raw.githubusercontent.com/mykeels/inec-presidential-elections-2023/master/results/37-zamfara\3871-maradun\26275-gidan-goga\polling-units.json
ZAMFARA,MARADUN,GIDAN GOGA,GIDAN SARKIN ASKI / GWANTAU,36/09/05/004,,,false,https://raw.githubusercontent.com/mykeels/inec-presidential-elections-2023/master/results/37-zamfara\3871-maradun\26275-gidan-goga\polling-units.json
ZAMFARA,MARADUN,GIDAN GOGA,GYADDU   /  PRIMARY SCHOOL AREA,36/09/05/002,,,false,https://raw.githubusercontent.com/mykeels/inec-presidential-elections-2023/master/results/37-zamfara\3871-maradun\26275-gidan-goga\polling-units.json
ZAMFARA,MARADUN,GIDAN GOGA,KAKIN DAWA / PRIMARY SCHOOL,36/09/05/005,,,false,https://raw.githubusercontent.com/mykeels/inec-presidential-elections-2023/master/results/37-zamfara\3871-maradun\26275-gidan-goga\polling-units.json
ZAMFARA,MARADUN,GIDAN GOGA,KWARE / TUNGAR LABBO,36/09/05/015,,,false,https://raw.githubusercontent.com/mykeels/inec-presidential-elections-2023/master/results/37-zamfara\3871-maradun\26275-gidan-goga\polling-units.json
ZAMFARA,MARADUN,GIDAN GOGA,MAGARA / DISPENSARY,36/09/05/007,,,false,https://raw.githubusercontent.com/mykeels/inec-presidential-elections-2023/master/results/37-zamfara\3871-maradun\26275-gidan-goga\polling-units.json
ZAMFARA,MARADUN,GIDAN GOGA,MALIKAWA / DAN FILI,36/09/05/006,,,false,https://raw.githubusercontent.com/mykeels/inec-presidential-elections-2023/master/results/37-zamfara\3871-maradun\26275-gidan-goga\polling-units.json
ZAMFARA,MARADUN,GIDAN GOGA,SAKKIDA   /  DAN FILI,36/09/05/013,,,false,https://raw.githubusercontent.com/mykeels/inec-presidential-elections-2023/master/results/37-zamfara\3871-maradun\26275-gidan-goga\polling-units.json
ZAMFARA,MARADUN,GIDAN GOGA,SH/ GALADIMA / BARA,36/09/05/009,,,false,https://raw.githubusercontent.com/mykeels/inec-presidential-elections-2023/master/results/37-zamfara\3871-maradun\26275-gidan-goga\polling-units.json
ZAMFARA,MARADUN,GIDAN GOGA,SHIYAR FADA G./GOGA,36/09/05/017,https://inec-cvr-cache.s3.eu-west-1.amazonaws.com/cached/results/674332/result_66815_1677513197_thumb.jpg,2023-02-28T21:40:22.215Z,false,https://raw.githubusercontent.com/mykeels/inec-presidential-elections-2023/master/results/37-zamfara\3871-maradun\26275-gidan-goga\polling-units.json
ZAMFARA,MARADUN,GIDAN GOGA,SHIYAR GALADIMA  /  SIRI,36/09/05/014,https://inec-cvr-cache.s3.eu-west-1.amazonaws.com/cached/results/118995/result_66812_1677710089_thumb.jpg,2023-03-01T22:35:03.163Z,true,https://raw.githubusercontent.com/mykeels/inec-presidential-elections-2023/master/results/37-zamfara\3871-maradun\26275-gidan-goga\polling-units.json
ZAMFARA,MARADUN,GIDAN GOGA,SHIYAR SARKIN FADA/G/GOGA MODEL PRIMARY SCHOOL,36/09/05/010,https://inec-cvr-cache.s3.eu-west-1.amazonaws.com/cached/results/118991/result_66808_1677513321_thumb.jpg,2023-02-28T18:18:02.925Z,false,https://raw.githubusercontent.com/mykeels/inec-presidential-elections-2023/master/results/37-zamfara\3871-maradun\26275-gidan-goga\polling-units.json
ZAMFARA,MARADUN,GIDAN GOGA,TASHAR MOTA / YAR KOFA,36/09/05/012,https://docs.inecelectionresults.net/elections_prod/1292/state/01/lga/09/ward/05/pu/012/012-1677367202.pdf,2023-02-25T23:21:00.611Z,false,https://raw.githubusercontent.com/mykeels/inec-presidential-elections-2023/master/results/37-zamfara\3871-maradun\26275-gidan-goga\polling-units.json
ZAMFARA,MARADUN,GIDAN GOGA,TUKURAWA / NEW MARKET,36/09/05/011,,,false,https://raw.githubusercontent.com/mykeels/inec-presidential-elections-2023/master/results/37-zamfara\3871-maradun\26275-gidan-goga\polling-units.json
ZAMFARA,MARADUN,GIDAN GOGA,TUKURAWA II/NEW MARKET,36/09/05/018,,,false,https://raw.githubusercontent.com/mykeels/inec-presidential-elections-2023/master/results/37-zamfara\3871-maradun\26275-gidan-goga\polling-units.json
ZAMFARA,MARADUN,GIDAN GOGA,TUNGAR KETA / DAN FILI,36/09/05/016,,,false,https://raw.githubusercontent.com/mykeels/inec-presidential-elections-2023/master/results/37-zamfara\3871-maradun\26275-gidan-goga\polling-units.json
ZAMFARA,MARADUN,GIDAN GOGA,TUNGAR KUWA / RIN,36/09/05/008,,,false,https://raw.githubusercontent.com/mykeels/inec-presidential-elections-2023/master/results/37-zamfara\3871-maradun\26275-gidan-goga\polling-units.json
ZAMFARA,MARADUN,GORA,AWALA BABBA / KAN TAKAWA,36/09/04/012,https://docs.inecelectionresults.net/elections_prod/1292/state/1/lga/3871/ward/26274/pu/120080/120080-1677492099.pdf,2023-02-27T10:02:00.328Z,false,https://raw.githubusercontent.com/mykeels/inec-presidential-elections-2023/master/results/37-zamfara\3871-maradun\26274-gora\polling-units.json
ZAMFARA,MARADUN,GORA,BAICHE / SHIYAR FADA,36/09/04/013,,,false,https://raw.githubusercontent.com/mykeels/inec-presidential-elections-2023/master/results/37-zamfara\3871-maradun\26274-gora\polling-units.json
ZAMFARA,MARADUN,GORA,KWAREN FAKE / KAUYEN FAKE,36/09/04/005,https://docs.inecelectionresults.net/elections_prod/1292/state/01/lga/09/ward/04/pu/005/005-1677418924.pdf,2023-02-26T13:43:00.874Z,false,https://raw.githubusercontent.com/mykeels/inec-presidential-elections-2023/master/results/37-zamfara\3871-maradun\26274-gora\polling-units.json
ZAMFARA,MARADUN,GORA,KWAREN FAKE II/KAUYEN FAKE,36/09/04/017,,,false,https://raw.githubusercontent.com/mykeels/inec-presidential-elections-2023/master/results/37-zamfara\3871-maradun\26274-gora\polling-units.json
ZAMFARA,MARADUN,GORA,MALLAMAWA / SHIYAR YARI,36/09/04/004,https://docs.inecelectionresults.net/elections_prod/1292/state/01/lga/09/ward/04/pu/004/004-1677419550.pdf,2023-02-26T13:53:01.627Z,false,https://raw.githubusercontent.com/mykeels/inec-presidential-elections-2023/master/results/37-zamfara\3871-maradun\26274-gora\polling-units.json
ZAMFARA,MARADUN,GORA,SHIYAR ALABA  / ALABA,36/09/04/011,https://docs.inecelectionresults.net/elections_prod/1292/state/1/lga/3871/ward/26274/pu/120079/120079-1677490563.pdf,2023-02-27T09:36:59.945Z,false,https://raw.githubusercontent.com/mykeels/inec-presidential-elections-2023/master/results/37-zamfara\3871-maradun\26274-gora\polling-units.json
ZAMFARA,MARADUN,GORA,SHIYAR BARGA / TSOHON KANWURI,36/09/04/002,https://docs.inecelectionresults.net/elections_prod/1292/state/01/lga/09/ward/04/pu/002/002-1677400739.pdf,2023-02-26T08:40:01.607Z,false,https://raw.githubusercontent.com/mykeels/inec-presidential-elections-2023/master/results/37-zamfara\3871-maradun\26274-gora\polling-units.json
ZAMFARA,MARADUN,GORA,SHIYAR BARGA II/TSOHON KANWURI,36/09/04/015,,,false,https://raw.githubusercontent.com/mykeels/inec-presidential-elections-2023/master/results/37-zamfara\3871-maradun\26274-gora\polling-units.json
ZAMFARA,MARADUN,GORA,SHIYAR BUZU / UNGUWAN  BUZU,36/09/04/010,https://docs.inecelectionresults.net/elections_prod/1292/state/1/lga/3871/ward/26274/pu/120078/120078-1677488910.pdf,2023-02-27T09:09:00.119Z,false,https://raw.githubusercontent.com/mykeels/inec-presidential-elections-2023/master/results/37-zamfara\3871-maradun\26274-gora\polling-units.json
ZAMFARA,MARADUN,GORA,SHIYAR MIKO / MAI JA'TAU,36/09/04/008,https://docs.inecelectionresults.net/elections_prod/1292/state/1/lga/3871/ward/26274/pu/120076/120076-1677487860.pdf,2023-02-27T08:51:59.852Z,false,https://raw.githubusercontent.com/mykeels/inec-presidential-elections-2023/master/results/37-zamfara\3871-maradun\26274-gora\polling-units.json
ZAMFARA,MARADUN,GORA,SHIYAR MODE / SHIYAR RUNJI,36/09/04/009,https://docs.inecelectionresults.net/elections_prod/1292/state/1/lga/3871/ward/26274/pu/120077/120077-1677488454.pdf,2023-02-27T09:01:00.527Z,false,https://raw.githubusercontent.com/mykeels/inec-presidential-elections-2023/master/results/37-zamfara\3871-maradun\26274-gora\polling-units.json
ZAMFARA,MARADUN,GORA,SHIYAR YARI / DAN GARAWA ALABA,36/09/04/007,https://docs.inecelectionresults.net/elections_prod/1292/state/1/lga/3871/ward/26274/pu/120075/120075-1677487223.pdf,2023-02-27T08:41:00.066Z,false,https://raw.githubusercontent.com/mykeels/inec-presidential-elections-2023/master/results/37-zamfara\3871-maradun\26274-gora\polling-units.json
ZAMFARA,MARADUN,GORA,YAR KOFA / DAN KORE,36/09/04/003,https://docs.inecelectionresults.net/elections_prod/1292/state/01/lga/09/ward/04/pu/003/003-1677383067.pdf,2023-02-26T03:45:00.432Z,false,https://raw.githubusercontent.com/mykeels/inec-presidential-elections-2023/master/results/37-zamfara\3871-maradun\26274-gora\polling-units.json
ZAMFARA,MARADUN,GORA,YAR TSAIDA / AWALA BABBA,36/09/04/001,https://docs.inecelectionresults.net/elections_prod/1292/state/01/lga/09/ward/04/pu/001/001-1677396116.pdf,2023-02-26T13:17:51.421Z,false,https://raw.githubusercontent.com/mykeels/inec-presidential-elections-2023/master/results/37-zamfara\3871-maradun\26274-gora\polling-units.json
ZAMFARA,MARADUN,GORA,YAR TSAIDA / AWALAR MASU,36/09/04/006,https://docs.inecelectionresults.net/elections_prod/1292/state/1/lga/3871/ward/26274/pu/120074/120074-1677486791.pdf,2023-02-27T08:33:59.922Z,false,https://raw.githubusercontent.com/mykeels/inec-presidential-elections-2023/master/results/37-zamfara\3871-maradun\26274-gora\polling-units.json
ZAMFARA,MARADUN,GORA,YAR TSAIDA II/AWALA BABBA,36/09/04/014,,,false,https://raw.githubusercontent.com/mykeels/inec-presidential-elections-2023/master/results/37-zamfara\3871-maradun\26274-gora\polling-units.json
ZAMFARA,MARADUN,GORA,YARKOFA II/ DANKORE,36/09/04/016,,,false,https://raw.githubusercontent.com/mykeels/inec-presidential-elections-2023/master/results/37-zamfara\3871-maradun\26274-gora\polling-units.json
ZAMFARA,MARADUN,GORA,YARTSAIDA II/ AWALA MASU,36/09/04/018,,,false,https://raw.githubusercontent.com/mykeels/inec-presidential-elections-2023/master/results/37-zamfara\3871-maradun\26274-gora\polling-units.json
ZAMFARA,MARADUN,JANBAKO,BABERU / DUMAL,36/09/06/009,https://inec-cvr-cache.s3.eu-west-1.amazonaws.com/cached/results/119006/result_66825_1677502521_thumb.jpg,2023-02-28T17:44:33.621Z,true,https://raw.githubusercontent.com/mykeels/inec-presidential-elections-2023/master/results/37-zamfara\3871-maradun\26276-janbako\polling-units.json
ZAMFARA,MARADUN,JANBAKO,BACHAKA  /  SHIYAR BACHAKA,36/09/06/005,https://inec-cvr-cache.s3.eu-west-1.amazonaws.com/cached/results/119002/result_66821_1677503433_thumb.jpg,2023-02-28T17:26:58.465Z,true,https://raw.githubusercontent.com/mykeels/inec-presidential-elections-2023/master/results/37-zamfara\3871-maradun\26276-janbako\polling-units.json
ZAMFARA,MARADUN,JANBAKO,BACHAKA II/SHIYAR BACHAKA,36/09/06/016,https://inec-cvr-cache.s3.eu-west-1.amazonaws.com/cached/results/674343/result_66832_1677503022_thumb.jpg,2023-02-28T17:25:51.385Z,true,https://raw.githubusercontent.com/mykeels/inec-presidential-elections-2023/master/results/37-zamfara\3871-maradun\26276-janbako\polling-units.json
ZAMFARA,MARADUN,JANBAKO,BADIYAWA / SH/BADIYE,36/09/06/008,https://inec-cvr-cache.s3.eu-west-1.amazonaws.com/cached/results/119005/result_66824_1677502473_thumb.jpg,2023-02-28T20:40:40.801Z,true,https://raw.githubusercontent.com/mykeels/inec-presidential-elections-2023/master/results/37-zamfara\3871-maradun\26276-janbako\polling-units.json
ZAMFARA,MARADUN,JANBAKO,SAKKIDAR  BAYAN DUSTI  /  SAKKIDA,36/09/06/010,https://inec-cvr-cache.s3.eu-west-1.amazonaws.com/cached/results/119007/result_66826_1677502594_thumb.jpg,2023-02-28T18:10:25.576Z,true,https://raw.githubusercontent.com/mykeels/inec-presidential-elections-2023/master/results/37-zamfara\3871-maradun\26276-janbako\polling-units.json
ZAMFARA,MARADUN,JANBAKO,SAKKIDAR MAGAJI / SHIYAR MAGAJI,36/09/06/011,https://inec-cvr-cache.s3.eu-west-1.amazonaws.com/cached/results/119008/result_66827_1677502664_thumb.jpg,2023-02-28T21:39:19.201Z,true,https://raw.githubusercontent.com/mykeels/inec-presidential-elections-2023/master/results/37-zamfara\3871-maradun\26276-janbako\polling-units.json
ZAMFARA,MARADUN,JANBAKO,SANTAR IGE / DAN FILI,36/09/06/006,https://inec-cvr-cache.s3.eu-west-1.amazonaws.com/cached/results/119003/result_66822_1677502295_thumb.jpg,2023-02-28T18:25:21.204Z,true,https://raw.githubusercontent.com/mykeels/inec-presidential-elections-2023/master/results/37-zamfara\3871-maradun\26276-janbako\polling-units.json
ZAMFARA,MARADUN,JANBAKO,SANTAR IGE II/DANFILI,36/09/06/017,https://inec-cvr-cache.s3.eu-west-1.amazonaws.com/cached/results/674344/result_66833_1677503165_thumb.jpg,2023-02-28T20:28:23.261Z,false,https://raw.githubusercontent.com/mykeels/inec-presidential-elections-2023/master/results/37-zamfara\3871-maradun\26276-janbako\polling-units.json
ZAMFARA,MARADUN,JANBAKO,SHIYAR AJIYA / BAKIN KASUWA,36/09/06/002,https://inec-cvr-cache.s3.eu-west-1.amazonaws.com/cached/results/118999/result_66818_1677502189_thumb.jpg,2023-02-28T18:24:15.720Z,true,https://raw.githubusercontent.com/mykeels/inec-presidential-elections-2023/master/results/37-zamfara\3871-maradun\26276-janbako\polling-units.json
ZAMFARA,MARADUN,JANBAKO,SHIYAR AJIYA II/BAKIN KASUWA,36/09/06/013,https://inec-cvr-cache.s3.eu-west-1.amazonaws.com/cached/results/674340/result_66829_1677502769_thumb.jpg,2023-02-28T18:24:18.184Z,false,https://raw.githubusercontent.com/mykeels/inec-presidential-elections-2023/master/results/37-zamfara\3871-maradun\26276-janbako\polling-units.json
ZAMFARA,MARADUN,JANBAKO,SHIYAR DAN KADU / KYALETA,36/09/06/003,https://inec-cvr-cache.s3.eu-west-1.amazonaws.com/cached/results/119000/result_66819_1677503349_thumb.jpg,2023-02-28T18:27:10.754Z,false,https://raw.githubusercontent.com/mykeels/inec-presidential-elections-2023/master/results/37-zamfara\3871-maradun\26276-janbako\polling-units.json
ZAMFARA,MARADUN,JANBAKO,SHIYAR DANKADU II/KYALETA,36/09/06/014,https://inec-cvr-cache.s3.eu-west-1.amazonaws.com/cached/results/674341/result_66830_1677502815_thumb.jpg,2023-02-28T21:36:14.555Z,false,https://raw.githubusercontent.com/mykeels/inec-presidential-elections-2023/master/results/37-zamfara\3871-maradun\26276-janbako\polling-units.json
ZAMFARA,MARADUN,JANBAKO,SHIYAR MAGAJI / KADARBE,36/09/06/001,https://inec-cvr-cache.s3.eu-west-1.amazonaws.com/cached/results/118998/result_66817_1677502139_thumb.jpg,2023-02-28T20:30:13.713Z,true,https://raw.githubusercontent.com/mykeels/inec-presidential-elections-2023/master/results/37-zamfara\3871-maradun\26276-janbako\polling-units.json
ZAMFARA,MARADUN,JANBAKO,SHIYAR MAGAJI II/KADARBE,36/09/06/012,https://inec-cvr-cache.s3.eu-west-1.amazonaws.com/cached/results/674339/result_66828_1677502720_thumb.jpg,2023-02-28T21:29:00.315Z,true,https://raw.githubusercontent.com/mykeels/inec-presidential-elections-2023/master/results/37-zamfara\3871-maradun\26276-janbako\polling-units.json
ZAMFARA,MARADUN,JANBAKO,SHIYAR MAGAJI YUSUF   /  PRIMARY SCHOOL,36/09/06/004,https://inec-cvr-cache.s3.eu-west-1.amazonaws.com/cached/results/119001/result_66820_1677502241_thumb.jpg,2023-02-28T21:30:43.264Z,true,https://raw.githubusercontent.com/mykeels/inec-presidential-elections-2023/master/results/37-zamfara\3871-maradun\26276-janbako\polling-units.json
ZAMFARA,MARADUN,JANBAKO,SHIYAR MAGAJI YUSUF II/ M.P.S,36/09/06/015,https://inec-cvr-cache.s3.eu-west-1.amazonaws.com/cached/results/674342/result_66831_1677502984_thumb.jpg,2023-02-28T20:23:29.621Z,true,https://raw.githubusercontent.com/mykeels/inec-presidential-elections-2023/master/results/37-zamfara\3871-maradun\26276-janbako\polling-units.json
ZAMFARA,MARADUN,JANBAKO,TUNGAR SANI SAULAWA,36/09/06/018,https://inec-cvr-cache.s3.eu-west-1.amazonaws.com/cached/results/674345/result_66834_1677503212_thumb.jpg,2023-02-28T20:21:54.043Z,false,https://raw.githubusercontent.com/mykeels/inec-presidential-elections-2023/master/results/37-zamfara\3871-maradun\26276-janbako\polling-units.json
ZAMFARA,MARADUN,JANBAKO,UNG. MAIJATAU / KOGON MAI JATAU,36/09/06/007,https://inec-cvr-cache.s3.eu-west-1.amazonaws.com/cached/results/119004/result_66823_1677502428_thumb.jpg,2023-02-28T20:30:34.699Z,true,https://raw.githubusercontent.com/mykeels/inec-presidential-elections-2023/master/results/37-zamfara\3871-maradun\26276-janbako\polling-units.json
ZAMFARA,MARADUN,KAYA,BAICHE / BAICHEN KAYA,36/09/07/009,,,false,https://raw.githubusercontent.com/mykeels/inec-presidential-elections-2023/master/results/37-zamfara\3871-maradun\26277-kaya\polling-units.json
ZAMFARA,MARADUN,KAYA,BARE-BARI/SHIYAR BARE-BARI,36/09/07/019,https://docs.inecelectionresults.net/elections_prod/1292/state/01/lga/09/ward/07/pu/019/019-1677398625.pdf,2023-02-26T08:04:03.061Z,false,https://raw.githubusercontent.com/mykeels/inec-presidential-elections-2023/master/results/37-zamfara\3871-maradun\26277-kaya\polling-units.json
ZAMFARA,MARADUN,KAYA,DAN BAYAWA / YAR ADUWA,36/09/07/007,,,false,https://raw.githubusercontent.com/mykeels/inec-presidential-elections-2023/master/results/37-zamfara\3871-maradun\26277-kaya\polling-units.json
ZAMFARA,MARADUN,KAYA,DAN GALADIMA  II /KAYA,36/09/07/023,,,false,https://raw.githubusercontent.com/mykeels/inec-presidential-elections-2023/master/results/37-zamfara\3871-maradun\26277-kaya\polling-units.json
ZAMFARA,MARADUN,KAYA,DANBAYAWA II/ YAR ADUWA,36/09/07/022,,,false,https://raw.githubusercontent.com/mykeels/inec-presidential-elections-2023/master/results/37-zamfara\3871-maradun\26277-kaya\polling-units.json
ZAMFARA,MARADUN,KAYA,DANGALADIMA / KAYA,36/09/07/008,,,false,https://raw.githubusercontent.com/mykeels/inec-presidential-elections-2023/master/results/37-zamfara\3871-maradun\26277-kaya\polling-units.json
ZAMFARA,MARADUN,KAYA,DANKAMOJI  / PRIMARY SCHOOL. AREA,36/09/07/016,https://docs.inecelectionresults.net/elections_prod/1292/state/01/lga/09/ward/07/pu/016/016-1677403582.pdf,2023-02-26T09:27:00.610Z,false,https://raw.githubusercontent.com/mykeels/inec-presidential-elections-2023/master/results/37-zamfara\3871-maradun\26277-kaya\polling-units.json
ZAMFARA,MARADUN,KAYA,GIDAN ANNA / KOFAR ANNA,36/09/07/011,,,false,https://raw.githubusercontent.com/mykeels/inec-presidential-elections-2023/master/results/37-zamfara\3871-maradun\26277-kaya\polling-units.json
ZAMFARA,MARADUN,KAYA,IDO RUWA / BAKIN RUWA,36/09/07/006,https://docs.inecelectionresults.net/elections_prod/1292/state/01/lga/09/ward/07/pu/006/006-1677398872.pdf,2023-02-26T08:08:02.613Z,false,https://raw.githubusercontent.com/mykeels/inec-presidential-elections-2023/master/results/37-zamfara\3871-maradun\26277-kaya\polling-units.json
ZAMFARA,MARADUN,KAYA,ILLELA   /  ILLELA PRIMARY SCHOOL,36/09/07/014,,,false,https://raw.githubusercontent.com/mykeels/inec-presidential-elections-2023/master/results/37-zamfara\3871-maradun\26277-kaya\polling-units.json
ZAMFARA,MARADUN,KAYA,INDIRE / YAR GONA,36/09/07/004,https://docs.inecelectionresults.net/elections_prod/1292/state/01/lga/09/ward/07/pu/004/004-1677399140.pdf,2023-02-26T08:13:01.888Z,false,https://raw.githubusercontent.com/mykeels/inec-presidential-elections-2023/master/results/37-zamfara\3871-maradun\26277-kaya\polling-units.json
ZAMFARA,MARADUN,KAYA,JEKA / BULU,36/09/07/013,https://docs.inecelectionresults.net/elections_prod/1292/state/01/lga/09/ward/07/pu/013/013-1677398214.pdf,2023-02-26T07:57:02.910Z,false,https://raw.githubusercontent.com/mykeels/inec-presidential-elections-2023/master/results/37-zamfara\3871-maradun\26277-kaya\polling-units.json
ZAMFARA,MARADUN,KAYA,KINDIGAHE / PRIMARY SCHOOL AREA,36/09/07/015,,,false,https://raw.githubusercontent.com/mykeels/inec-presidential-elections-2023/master/results/37-zamfara\3871-maradun\26277-kaya\polling-units.json
ZAMFARA,MARADUN,KAYA,SH/DAGWARGA / FILIN DAGWARGA,36/09/07/012,https://docs.inecelectionresults.net/elections_prod/1292/state/01/lga/09/ward/07/pu/012/012-1677399343.pdf,2023-02-26T08:16:03.091Z,false,https://raw.githubusercontent.com/mykeels/inec-presidential-elections-2023/master/results/37-zamfara\3871-maradun\26277-kaya\polling-units.json
ZAMFARA,MARADUN,KAYA,SHIYAR FADA / BAKIN GEBE,36/09/07/018,,,false,https://raw.githubusercontent.com/mykeels/inec-presidential-elections-2023/master/results/37-zamfara\3871-maradun\26277-kaya\polling-units.json
ZAMFARA,MARADUN,KAYA,SUBUBU / YAR KASUWA,36/09/07/003,https://docs.inecelectionresults.net/elections_prod/1292/state/01/lga/09/ward/07/pu/003/003-1677398016.pdf,2023-02-26T07:54:02.921Z,false,https://raw.githubusercontent.com/mykeels/inec-presidential-elections-2023/master/results/37-zamfara\3871-maradun\26277-kaya\polling-units.json
ZAMFARA,MARADUN,KAYA,TAKALMAWA / BAKIN GULBI,36/09/07/010,https://docs.inecelectionresults.net/elections_prod/1292/state/01/lga/09/ward/07/pu/010/010-1677396728.pdf,2023-02-26T07:33:01.652Z,false,https://raw.githubusercontent.com/mykeels/inec-presidential-elections-2023/master/results/37-zamfara\3871-maradun\26277-kaya\polling-units.json
ZAMFARA,MARADUN,KAYA,TAKALMAWA II/BAKIN GULBI,36/09/07/024,,,false,https://raw.githubusercontent.com/mykeels/inec-presidential-elections-2023/master/results/37-zamfara\3871-maradun\26277-kaya\polling-units.json
ZAMFARA,MARADUN,KAYA,TANGYALLOLI / TAN GYALLA,36/09/07/005,,,false,https://raw.githubusercontent.com/mykeels/inec-presidential-elections-2023/master/results/37-zamfara\3871-maradun\26277-kaya\polling-units.json
ZAMFARA,MARADUN,KAYA,TUNGAR BAUSHE / SHIYAR BAUSHE,36/09/07/017,,,false,https://raw.githubusercontent.com/mykeels/inec-presidential-elections-2023/master/results/37-zamfara\3871-maradun\26277-kaya\polling-units.json
ZAMFARA,MARADUN,KAYA,YAR CHEDIYA  II/ BAKIN CHEDIYA,36/09/07/002,https://docs.inecelectionresults.net/elections_prod/1292/state/01/lga/09/ward/07/pu/002/002-1677397978.pdf,2023-02-26T07:53:03.758Z,false,https://raw.githubusercontent.com/mykeels/inec-presidential-elections-2023/master/results/37-zamfara\3871-maradun\26277-kaya\polling-units.json
ZAMFARA,MARADUN,KAYA,YAR CHEDIYA I / PRIMARY SCHOOL,36/09/07/001,https://docs.inecelectionresults.net/elections_prod/1292/state/01/lga/09/ward/07/pu/001/001-1677396281.pdf,2023-02-26T07:25:02.540Z,false,https://raw.githubusercontent.com/mykeels/inec-presidential-elections-2023/master/results/37-zamfara\3871-maradun\26277-kaya\polling-units.json
ZAMFARA,MARADUN,KAYA,YAR CHEDIYA III/PRI. SCHOOL,36/09/07/020,,,false,https://raw.githubusercontent.com/mykeels/inec-presidential-elections-2023/master/results/37-zamfara\3871-maradun\26277-kaya\polling-units.json
ZAMFARA,MARADUN,KAYA,YARCHEDIYA IV/BAKIN CHEDIYA,36/09/07/021,,,false,https://raw.githubusercontent.com/mykeels/inec-presidential-elections-2023/master/results/37-zamfara\3871-maradun\26277-kaya\polling-units.json
ZAMFARA,MARADUN,MARADUN NORTH,AL JIMMAR FULANI / PRIMARY SCHOOL,36/09/08/011,https://inec-cvr-cache.s3.eu-west-1.amazonaws.com/cached/results/119038/result_66869_1677487260_thumb.jpg,2023-02-28T21:43:50.965Z,true,https://raw.githubusercontent.com/mykeels/inec-presidential-elections-2023/master/results/37-zamfara\3871-maradun\26278-maradun-north\polling-units.json
ZAMFARA,MARADUN,MARADUN NORTH,AL JIMMAR HAUSAWA / PRIMARY SCHOOL,36/09/08/010,https://inec-cvr-cache.s3.eu-west-1.amazonaws.com/cached/results/119037/result_66868_1677487047_thumb.jpg,2023-02-28T17:45:41.490Z,true,https://raw.githubusercontent.com/mykeels/inec-presidential-elections-2023/master/results/37-zamfara\3871-maradun\26278-maradun-north\polling-units.json
ZAMFARA,MARADUN,MARADUN NORTH,DALE / PRIMARY SCHOOL,36/09/08/007,https://inec-cvr-cache.s3.eu-west-1.amazonaws.com/cached/results/119034/result_66865_1677486592_thumb.jpg,2023-02-28T17:26:45.491Z,true,https://raw.githubusercontent.com/mykeels/inec-presidential-elections-2023/master/results/37-zamfara\3871-maradun\26278-maradun-north\polling-units.json
ZAMFARA,MARADUN,MARADUN NORTH,GIDAN RUNJI / DAN FILI,36/09/08/009,https://inec-cvr-cache.s3.eu-west-1.amazonaws.com/cached/results/119036/result_66867_1677486902_thumb.jpg,2023-02-28T18:11:53.251Z,true,https://raw.githubusercontent.com/mykeels/inec-presidential-elections-2023/master/results/37-zamfara\3871-maradun\26278-maradun-north\polling-units.json
ZAMFARA,MARADUN,MARADUN NORTH,KANI KAWA / DAN FILI,36/09/08/012,https://inec-cvr-cache.s3.eu-west-1.amazonaws.com/cached/results/119039/result_66870_1677487716_thumb.jpg,2023-02-28T20:18:15.057Z,true,https://raw.githubusercontent.com/mykeels/inec-presidential-elections-2023/master/results/37-zamfara\3871-maradun\26278-maradun-north\polling-units.json
ZAMFARA,MARADUN,MARADUN NORTH,KANIKAWA II/ DANFILI,36/09/08/018,https://inec-cvr-cache.s3.eu-west-1.amazonaws.com/cached/results/674356/result_66876_1677488699_thumb.jpg,2023-02-28T20:18:48.062Z,true,https://raw.githubusercontent.com/mykeels/inec-presidential-elections-2023/master/results/37-zamfara\3871-maradun\26278-maradun-north\polling-units.json
ZAMFARA,MARADUN,MARADUN NORTH,KAREN BUKI / UNGUWAN SARKIN FULANI,36/09/08/006,https://inec-cvr-cache.s3.eu-west-1.amazonaws.com/cached/results/119033/result_66864_1677486467_thumb.jpg,2023-02-28T20:33:51.749Z,true,https://raw.githubusercontent.com/mykeels/inec-presidential-elections-2023/master/results/37-zamfara\3871-maradun\26278-maradun-north\polling-units.json
ZAMFARA,MARADUN,MARADUN NORTH,KOFAR KASUWA / KOFAR LADAN FAKO,36/09/08/002,https://inec-cvr-cache.s3.eu-west-1.amazonaws.com/cached/results/119029/result_66860_1677485669_thumb.jpg,2023-02-28T21:39:36.934Z,true,https://raw.githubusercontent.com/mykeels/inec-presidential-elections-2023/master/results/37-zamfara\3871-maradun\26278-maradun-north\polling-units.json
ZAMFARA,MARADUN,MARADUN NORTH,KOFAR KASUWA II/ KOFAR LADAN,36/09/08/014,https://inec-cvr-cache.s3.eu-west-1.amazonaws.com/cached/results/674352/result_66872_1677488163_thumb.jpg,2023-02-28T20:41:26.253Z,true,https://raw.githubusercontent.com/mykeels/inec-presidential-elections-2023/master/results/37-zamfara\3871-maradun\26278-maradun-north\polling-units.json
ZAMFARA,MARADUN,MARADUN NORTH,KOFAR KASUWA III/ KOFAR LADAN,36/09/08/015,https://inec-cvr-cache.s3.eu-west-1.amazonaws.com/cached/results/674353/result_66873_1677488283_thumb.jpg,2023-02-28T21:45:26.133Z,true,https://raw.githubusercontent.com/mykeels/inec-presidential-elections-2023/master/results/37-zamfara\3871-maradun\26278-maradun-north\polling-units.json
ZAMFARA,MARADUN,MARADUN NORTH,KOFAR KASUWAIV/ KOFAR LADAN,36/09/08/019,https://inec-cvr-cache.s3.eu-west-1.amazonaws.com/cached/results/674357/result_66877_1677488825_thumb.jpg,2023-02-28T17:30:17.774Z,true,https://raw.githubusercontent.com/mykeels/inec-presidential-elections-2023/master/results/37-zamfara\3871-maradun\26278-maradun-north\polling-units.json
ZAMFARA,MARADUN,MARADUN NORTH,KOFAR KYARAWA I/ UNGUWAN HAYATU,36/09/08/001,https://inec-cvr-cache.s3.eu-west-1.amazonaws.com/cached/results/119028/result_66859_1677485427_thumb.jpg,2023-02-28T20:22:22.185Z,true,https://raw.githubusercontent.com/mykeels/inec-presidential-elections-2023/master/results/37-zamfara\3871-maradun\26278-maradun-north\polling-units.json
ZAMFARA,MARADUN,MARADUN NORTH,KOFAR KYARAWA II / SHIYAR DAN CHIBI,36/09/08/003,https://inec-cvr-cache.s3.eu-west-1.amazonaws.com/cached/results/119030/result_66861_1677486031_thumb.jpg,2023-02-28T21:45:33.193Z,true,https://raw.githubusercontent.com/mykeels/inec-presidential-elections-2023/master/results/37-zamfara\3871-maradun\26278-maradun-north\polling-units.json
ZAMFARA,MARADUN,MARADUN NORTH,KOFAR KYARAWA III/ UNGUWAR HAYATU,36/09/08/013,https://inec-cvr-cache.s3.eu-west-1.amazonaws.com/cached/results/674351/result_66871_1677487987_thumb.jpg,2023-02-28T21:42:51.321Z,true,https://raw.githubusercontent.com/mykeels/inec-presidential-elections-2023/master/results/37-zamfara\3871-maradun\26278-maradun-north\polling-units.json
ZAMFARA,MARADUN,MARADUN NORTH,KOFAR KYARAWA IV/SH.DAN CIBI,36/09/08/016,https://inec-cvr-cache.s3.eu-west-1.amazonaws.com/cached/results/674354/result_66874_1677488402_thumb.jpg,2023-02-28T17:40:00.696Z,true,https://raw.githubusercontent.com/mykeels/inec-presidential-elections-2023/master/results/37-zamfara\3871-maradun\26278-maradun-north\polling-units.json
ZAMFARA,MARADUN,MARADUN NORTH,KOFAR KYARAWA V/SH.DAN CIBI,36/09/08/017,https://inec-cvr-cache.s3.eu-west-1.amazonaws.com/cached/results/674355/result_66875_1677488544_thumb.jpg,2023-02-28T17:40:38.236Z,true,https://raw.githubusercontent.com/mykeels/inec-presidential-elections-2023/master/results/37-zamfara\3871-maradun\26278-maradun-north\polling-units.json
ZAMFARA,MARADUN,MARADUN NORTH,SH/ GALADIMA / GIDAN DAWA PRIMARY SCHOOL,36/09/08/004,https://inec-cvr-cache.s3.eu-west-1.amazonaws.com/cached/results/119031/result_66862_1677486183_thumb.jpg,2023-02-28T17:38:23.260Z,true,https://raw.githubusercontent.com/mykeels/inec-presidential-elections-2023/master/results/37-zamfara\3871-maradun\26278-maradun-north\polling-units.json
ZAMFARA,MARADUN,MARADUN NORTH,SH/RAFI / SABON GARI,36/09/08/005,https://inec-cvr-cache.s3.eu-west-1.amazonaws.com/cached/results/119032/result_66863_1677486316_thumb.jpg,2023-02-28T21:35:52.823Z,true,https://raw.githubusercontent.com/mykeels/inec-presidential-elections-2023/master/results/37-zamfara\3871-maradun\26278-maradun-north\polling-units.json
ZAMFARA,MARADUN,MARADUN NORTH,SHANDAME / JIHIYA,36/09/08/008,https://inec-cvr-cache.s3.eu-west-1.amazonaws.com/cached/results/119035/result_66866_1677486714_thumb.jpg,2023-02-28T20:30:09.455Z,true,https://raw.githubusercontent.com/mykeels/inec-presidential-elections-2023/master/results/37-zamfara\3871-maradun\26278-maradun-north\polling-units.json
ZAMFARA,MARADUN,MARADUN SOUTH,BUGA - BUGA   /  DAN FILI,36/09/09/012,https://inec-cvr-cache.s3.eu-west-1.amazonaws.com/cached/results/119051/result_66889_1677494809_thumb.jpg,2023-02-28T21:24:42.442Z,true,https://raw.githubusercontent.com/mykeels/inec-presidential-elections-2023/master/results/37-zamfara\3871-maradun\26279-maradun-south\polling-units.json
ZAMFARA,MARADUN,MARADUN SOUTH,BUGA BUGA II/DAN FILI,36/09/09/021,https://inec-cvr-cache.s3.eu-west-1.amazonaws.com/cached/results/674364/result_66898_1677496834_thumb.jpg,2023-02-28T18:10:15.433Z,true,https://raw.githubusercontent.com/mykeels/inec-presidential-elections-2023/master/results/37-zamfara\3871-maradun\26279-maradun-south\polling-units.json
ZAMFARA,MARADUN,MARADUN SOUTH,HUDA / YAR KOFA,36/09/09/009,https://inec-cvr-cache.s3.eu-west-1.amazonaws.com/cached/results/119048/result_66886_1677494268_thumb.jpg,2023-02-28T20:34:08.174Z,true,https://raw.githubusercontent.com/mykeels/inec-presidential-elections-2023/master/results/37-zamfara\3871-maradun\26279-maradun-south\polling-units.json
ZAMFARA,MARADUN,MARADUN SOUTH,KARBO   /  DAN FILI,36/09/09/010,https://inec-cvr-cache.s3.eu-west-1.amazonaws.com/cached/results/119049/result_66887_1677494456_thumb.jpg,2023-02-28T18:24:25.138Z,true,https://raw.githubusercontent.com/mykeels/inec-presidential-elections-2023/master/results/37-zamfara\3871-maradun\26279-maradun-south\polling-units.json
ZAMFARA,MARADUN,MARADUN SOUTH,KARBO II/ DAN FILI,36/09/09/023,https://inec-cvr-cache.s3.eu-west-1.amazonaws.com/cached/results/674366/result_66900_1677499117_thumb.jpg,2023-02-28T21:30:47.754Z,true,https://raw.githubusercontent.com/mykeels/inec-presidential-elections-2023/master/results/37-zamfara\3871-maradun\26279-maradun-south\polling-units.json
ZAMFARA,MARADUN,MARADUN SOUTH,KOFAR  DUHU  II  /   SHIYAR MAI YARA,36/09/09/005,https://inec-cvr-cache.s3.eu-west-1.amazonaws.com/cached/results/119044/result_66882_1677493248_thumb.jpg,2023-02-28T18:22:48.989Z,true,https://raw.githubusercontent.com/mykeels/inec-presidential-elections-2023/master/results/37-zamfara\3871-maradun\26279-maradun-south\polling-units.json
ZAMFARA,MARADUN,MARADUN SOUTH,KOFAR DUHU  I   /   SHIYAR DAN BABA,36/09/09/004,https://inec-cvr-cache.s3.eu-west-1.amazonaws.com/cached/results/119043/result_66881_1677492527_thumb.jpg,2023-02-28T20:36:46.404Z,true,https://raw.githubusercontent.com/mykeels/inec-presidential-elections-2023/master/results/37-zamfara\3871-maradun\26279-maradun-south\polling-units.json
ZAMFARA,MARADUN,MARADUN SOUTH,KOFAR DUHU III/ SHIYAR MAI YARA,36/09/09/018,https://inec-cvr-cache.s3.eu-west-1.amazonaws.com/cached/results/674361/result_66895_1677496189_thumb.jpg,2023-02-28T20:34:54.792Z,true,https://raw.githubusercontent.com/mykeels/inec-presidential-elections-2023/master/results/37-zamfara\3871-maradun\26279-maradun-south\polling-units.json
ZAMFARA,MARADUN,MARADUN SOUTH,KOFAR DUHU IV/ SH/DANBABA,36/09/09/019,https://inec-cvr-cache.s3.eu-west-1.amazonaws.com/cached/results/674362/result_66896_1677496351_thumb.jpg,2023-02-28T18:25:40.557Z,true,https://raw.githubusercontent.com/mykeels/inec-presidential-elections-2023/master/results/37-zamfara\3871-maradun\26279-maradun-south\polling-units.json
ZAMFARA,MARADUN,MARADUN SOUTH,KOFAR YAMMA   /  BAKIN KASUWA,36/09/09/013,https://inec-cvr-cache.s3.eu-west-1.amazonaws.com/cached/results/119052/result_66890_1677495336_thumb.jpg,2023-02-28T17:36:02.038Z,true,https://raw.githubusercontent.com/mykeels/inec-presidential-elections-2023/master/results/37-zamfara\3871-maradun\26279-maradun-south\polling-units.json
ZAMFARA,MARADUN,MARADUN SOUTH,KOFAR YAMMA / JSS,36/09/09/001,https://inec-cvr-cache.s3.eu-west-1.amazonaws.com/cached/results/119040/result_66878_1677492189_thumb.jpg,2023-02-28T17:25:38.762Z,true,https://raw.githubusercontent.com/mykeels/inec-presidential-elections-2023/master/results/37-zamfara\3871-maradun\26279-maradun-south\polling-units.json
ZAMFARA,MARADUN,MARADUN SOUTH,KOFAR YAMMA II/ BAKIN KASUWA,36/09/09/020,https://inec-cvr-cache.s3.eu-west-1.amazonaws.com/cached/results/674363/result_66897_1677496636_thumb.jpg,2023-02-28T20:39:09.131Z,true,https://raw.githubusercontent.com/mykeels/inec-presidential-elections-2023/master/results/37-zamfara\3871-maradun\26279-maradun-south\polling-units.json
ZAMFARA,MARADUN,MARADUN SOUTH,KOFAR YAMMA II/ J.S.S MARADUN,36/09/09/015,https://inec-cvr-cache.s3.eu-west-1.amazonaws.com/cached/results/674358/result_66892_1677495690_thumb.jpg,2023-02-28T20:33:17.781Z,true,https://raw.githubusercontent.com/mykeels/inec-presidential-elections-2023/master/results/37-zamfara\3871-maradun\26279-maradun-south\polling-units.json
ZAMFARA,MARADUN,MARADUN SOUTH,KOFAR YAMMA III/ J.S.S MARADUN,36/09/09/024,https://inec-cvr-cache.s3.eu-west-1.amazonaws.com/cached/results/674367/result_66901_1677499349_thumb.jpg,2023-02-28T18:07:21.505Z,true,https://raw.githubusercontent.com/mykeels/inec-presidential-elections-2023/master/results/37-zamfara\3871-maradun\26279-maradun-south\polling-units.json
ZAMFARA,MARADUN,MARADUN SOUTH,KWANTAROWA  / BAKIN RUBA,36/09/09/014,https://inec-cvr-cache.s3.eu-west-1.amazonaws.com/cached/results/119053/result_66891_1677495486_thumb.jpg,2023-02-28T21:30:29.630Z,true,https://raw.githubusercontent.com/mykeels/inec-presidential-elections-2023/master/results/37-zamfara\3871-maradun\26279-maradun-south\polling-units.json
ZAMFARA,MARADUN,MARADUN SOUTH,LAYIN DAJI  /   BAYAN TASHA,36/09/09/006,https://inec-cvr-cache.s3.eu-west-1.amazonaws.com/cached/results/119045/result_66883_1677493337_thumb.jpg,2023-02-28T17:40:43.005Z,true,https://raw.githubusercontent.com/mykeels/inec-presidential-elections-2023/master/results/37-zamfara\3871-maradun\26279-maradun-south\polling-units.json
ZAMFARA,MARADUN,MARADUN SOUTH,LAYIN DAJI II/BAYAN TASHA,36/09/09/022,https://inec-cvr-cache.s3.eu-west-1.amazonaws.com/cached/results/674365/result_66899_1677498969_thumb.jpg,2023-02-28T17:44:10.675Z,true,https://raw.githubusercontent.com/mykeels/inec-presidential-elections-2023/master/results/37-zamfara\3871-maradun\26279-maradun-south\polling-units.json
ZAMFARA,MARADUN,MARADUN SOUTH,MODEL PRI SCH AREA II/MODEL PRI SCH MARADUN,36/09/09/017,https://inec-cvr-cache.s3.eu-west-1.amazonaws.com/cached/results/674360/result_66894_1677495968_thumb.jpg,2023-02-28T21:23:34.539Z,true,https://raw.githubusercontent.com/mykeels/inec-presidential-elections-2023/master/results/37-zamfara\3871-maradun\26279-maradun-south\polling-units.json
ZAMFARA,MARADUN,MARADUN SOUTH,MODEL PRIMARY SCHOOL AREA  /  MODEL PRI. SCH.,36/09/09/003,https://inec-cvr-cache.s3.eu-west-1.amazonaws.com/cached/results/119042/result_66880_1677492974_thumb.jpg,2023-02-28T18:26:57.077Z,true,https://raw.githubusercontent.com/mykeels/inec-presidential-elections-2023/master/results/37-zamfara\3871-maradun\26279-maradun-south\polling-units.json
ZAMFARA,MARADUN,MARADUN SOUTH,SH/ DAN IKO   /   BAKIN RUBA,36/09/09/008,https://inec-cvr-cache.s3.eu-west-1.amazonaws.com/cached/results/119047/result_66885_1677495114_thumb.jpg,2023-02-28T21:26:49.752Z,true,https://raw.githubusercontent.com/mykeels/inec-presidential-elections-2023/master/results/37-zamfara\3871-maradun\26279-maradun-south\polling-units.json
ZAMFARA,MARADUN,MARADUN SOUTH,SH/ABARSHI / BAICHE,36/09/09/002,https://inec-cvr-cache.s3.eu-west-1.amazonaws.com/cached/results/119041/result_66879_1677489960_thumb.jpg,2023-02-28T17:40:52.414Z,true,https://raw.githubusercontent.com/mykeels/inec-presidential-elections-2023/master/results/37-zamfara\3871-maradun\26279-maradun-south\polling-units.json
ZAMFARA,MARADUN,MARADUN SOUTH,SHIYAR ABARSHI II/BAICHE,36/09/09/016,https://inec-cvr-cache.s3.eu-west-1.amazonaws.com/cached/results/674359/result_66893_1677495854_thumb.jpg,2023-02-28T21:23:59.429Z,true,https://raw.githubusercontent.com/mykeels/inec-presidential-elections-2023/master/results/37-zamfara\3871-maradun\26279-maradun-south\polling-units.json
ZAMFARA,MARADUN,MARADUN SOUTH,TUNGAR MAGAJI   /  PRIMARY SCHOOL AREA,36/09/09/007,https://inec-cvr-cache.s3.eu-west-1.amazonaws.com/cached/results/119046/result_66884_1677493962_thumb.jpg,2023-02-28T18:21:21.402Z,true,https://raw.githubusercontent.com/mykeels/inec-presidential-elections-2023/master/results/37-zamfara\3871-maradun\26279-maradun-south\polling-units.json
ZAMFARA,MARADUN,MARADUN SOUTH,TUNGAR MALAMMAI / BAKIN RUBA MALAMAI,36/09/09/011,https://inec-cvr-cache.s3.eu-west-1.amazonaws.com/cached/results/119050/result_66888_1677494646_thumb.jpg,2023-02-28T18:22:29.238Z,true,https://raw.githubusercontent.com/mykeels/inec-presidential-elections-2023/master/results/37-zamfara\3871-maradun\26279-maradun-south\polling-units.json
ZAMFARA,MARADUN,TSIBIRI,ALFABARA   /   ZAZZAKA,36/09/10/009,https://inec-cvr-cache.s3.eu-west-1.amazonaws.com/cached/results/119062/result_66910_1677500293_thumb.jpg,2023-02-28T21:37:15.938Z,false,https://raw.githubusercontent.com/mykeels/inec-presidential-elections-2023/master/results/37-zamfara\3871-maradun\26280-tsibiri\polling-units.json
ZAMFARA,MARADUN,TSIBIRI,SHIYAR D/GALADIMA    /  YAR BALBEJIYA,36/09/10/006,https://inec-cvr-cache.s3.eu-west-1.amazonaws.com/cached/results/119059/result_66907_1677500013_thumb.jpg,2023-02-28T21:27:23.303Z,false,https://raw.githubusercontent.com/mykeels/inec-presidential-elections-2023/master/results/37-zamfara\3871-maradun\26280-tsibiri\polling-units.json
ZAMFARA,MARADUN,TSIBIRI,SHIYAR GAMOJI  / GAMOJI,36/09/10/001,https://inec-cvr-cache.s3.eu-west-1.amazonaws.com/cached/results/119054/result_66902_1677499695_thumb.jpg,2023-02-28T18:09:55.653Z,false,https://raw.githubusercontent.com/mykeels/inec-presidential-elections-2023/master/results/37-zamfara\3871-maradun\26280-tsibiri\polling-units.json
ZAMFARA,MARADUN,TSIBIRI,SHIYAR MAGAJI / DAN GAWO,36/09/10/008,https://inec-cvr-cache.s3.eu-west-1.amazonaws.com/cached/results/119061/result_66909_1677500196_thumb.jpg,2023-02-28T17:36:28.008Z,true,https://raw.githubusercontent.com/mykeels/inec-presidential-elections-2023/master/results/37-zamfara\3871-maradun\26280-tsibiri\polling-units.json
ZAMFARA,MARADUN,TSIBIRI,SHIYAR MAGANGARI / MAGAMA BIYAR,36/09/10/005,https://inec-cvr-cache.s3.eu-west-1.amazonaws.com/cached/results/119058/result_66906_1677499926_thumb.jpg,2023-02-28T18:17:29.671Z,false,https://raw.githubusercontent.com/mykeels/inec-presidential-elections-2023/master/results/37-zamfara\3871-maradun\26280-tsibiri\polling-units.json
ZAMFARA,MARADUN,TSIBIRI,SHIYAR TUDU   /  MAGAMA BIYAR,36/09/10/002,https://inec-cvr-cache.s3.eu-west-1.amazonaws.com/cached/results/119055/result_66903_1677499788_thumb.jpg,2023-02-28T18:13:55.612Z,false,https://raw.githubusercontent.com/mykeels/inec-presidential-elections-2023/master/results/37-zamfara\3871-maradun\26280-tsibiri\polling-units.json
ZAMFARA,MARADUN,TSIBIRI,SHIYAR TUDU / TSIBIRI PRI. SCH.,36/09/10/004,https://inec-cvr-cache.s3.eu-west-1.amazonaws.com/cached/results/119057/result_66905_1677499809_thumb.jpg,2023-02-28T17:22:54.135Z,true,https://raw.githubusercontent.com/mykeels/inec-presidential-elections-2023/master/results/37-zamfara\3871-maradun\26280-tsibiri\polling-units.json
ZAMFARA,MARADUN,TSIBIRI,SHIYAR USMAN    /  BAKIN KASUWA,36/09/10/007,https://inec-cvr-cache.s3.eu-west-1.amazonaws.com/cached/results/119060/result_66908_1677500086_thumb.jpg,2023-02-28T18:15:57.011Z,false,https://raw.githubusercontent.com/mykeels/inec-presidential-elections-2023/master/results/37-zamfara\3871-maradun\26280-tsibiri\polling-units.json
ZAMFARA,MARADUN,TSIBIRI,TSOHON BIRNI   /  PRIMARY SCHOOL,36/09/10/010,https://inec-cvr-cache.s3.eu-west-1.amazonaws.com/cached/results/119063/result_66911_1677500437_thumb.jpg,2023-02-28T21:22:18.068Z,false,https://raw.githubusercontent.com/mykeels/inec-presidential-elections-2023/master/results/37-zamfara\3871-maradun\26280-tsibiri\polling-units.json
ZAMFARA,MARADUN,TSIBIRI,TSOHON BIRNIN   /  BAYAN MASALLACHI,36/09/10/003,https://inec-cvr-cache.s3.eu-west-1.amazonaws.com/cached/results/119056/result_66904_1677499888_thumb.jpg,2023-02-28T18:22:08.588Z,false,https://raw.githubusercontent.com/mykeels/inec-presidential-elections-2023/master/results/37-zamfara\3871-maradun\26280-tsibiri\polling-units.json
ZAMFARA,MARU,BINDIN,BAKIN GULBI   /  GARKA HAKIMI,36/10/01/008,https://docs.inecelectionresults.net/elections_prod/1292/state/1/lga/3872/ward/26281/pu/120171/120171-1677580935.pdf,2023-02-28T11:01:43.900Z,true,https://raw.githubusercontent.com/mykeels/inec-presidential-elections-2023/master/results/37-zamfara\3872-maru\26281-bindin\polling-units.json
ZAMFARA,MARU,BINDIN,FARA DOKA - GARKAR HAKIMI,36/10/01/014,https://inec-cvr-cache.s3.eu-west-1.amazonaws.com/cached/results/119077/result_66925_1677585290_thumb.jpg,2023-02-28T14:09:11.561Z,false,https://raw.githubusercontent.com/mykeels/inec-presidential-elections-2023/master/results/37-zamfara\3872-maru\26281-bindin\polling-units.json
ZAMFARA,MARU,BINDIN,GAZAMBAA / GARKAR HAKIMI,36/10/01/033,https://docs.inecelectionresults.net/elections_prod/1292/state/1/lga/3872/ward/26281/pu/120196/120196-1677582316.pdf,2023-02-28T11:06:00.842Z,false,https://raw.githubusercontent.com/mykeels/inec-presidential-elections-2023/master/results/37-zamfara\3872-maru\26281-bindin\polling-units.json
ZAMFARA,MARU,BINDIN,GIDAN DANGAWAI / GARKAR HAKIMI,36/10/01/010,https://inec-cvr-cache.s3.eu-west-1.amazonaws.com/cached/results/119073/result_66921_1677583557_thumb.jpg,2023-02-28T14:05:18.472Z,true,https://raw.githubusercontent.com/mykeels/inec-presidential-elections-2023/master/results/37-zamfara\3872-maru\26281-bindin\polling-units.json
ZAMFARA,MARU,BINDIN,GIDAN GARBA / GARKAR HAKIMI,36/10/01/029,https://docs.inecelectionresults.net/elections_prod/1292/state/1/lga/3872/ward/26281/pu/120192/120192-1677590727.pdf,2023-02-28T13:28:53.464Z,true,https://raw.githubusercontent.com/mykeels/inec-presidential-elections-2023/master/results/37-zamfara\3872-maru\26281-bindin\polling-units.json
ZAMFARA,MARU,BINDIN,GIDAN MAKERA  /   GARKAR HAKIMI,36/10/01/017,https://inec-cvr-cache.s3.eu-west-1.amazonaws.com/cached/results/119080/result_66928_1677585820_thumb.jpg,2023-02-28T14:07:53.650Z,false,https://raw.githubusercontent.com/mykeels/inec-presidential-elections-2023/master/results/37-zamfara\3872-maru\26281-bindin\polling-units.json
ZAMFARA,MARU,BINDIN,GOBIRAWA   /  MODEL PRIMARY SCHOOL,36/10/01/009,,,false,https://raw.githubusercontent.com/mykeels/inec-presidential-elections-2023/master/results/37-zamfara\3872-maru\26281-bindin\polling-units.json
ZAMFARA,MARU,BINDIN,GURU / GARKAR HAKIMI,36/10/01/024,https://docs.inecelectionresults.net/elections_prod/1292/state/1/lga/3872/ward/26281/pu/120187/120187-1677590677.pdf,2023-02-28T13:28:52.013Z,true,https://raw.githubusercontent.com/mykeels/inec-presidential-elections-2023/master/results/37-zamfara\3872-maru\26281-bindin\polling-units.json
ZAMFARA,MARU,BINDIN,JESA / GARKA HAKIMI,36/10/01/019,https://inec-cvr-cache.s3.eu-west-1.amazonaws.com/cached/results/119082/result_66930_1677588929_thumb.jpg,2023-02-28T14:04:20.044Z,false,https://raw.githubusercontent.com/mykeels/inec-presidential-elections-2023/master/results/37-zamfara\3872-maru\26281-bindin\polling-units.json
ZAMFARA,MARU,BINDIN,KALALE   /  PRIMARY SCHOOL,36/10/01/012,https://docs.inecelectionresults.net/elections_prod/1292/state/1/lga/3872/ward/26281/pu/120175/120175-1677582217.pdf,2023-02-28T11:04:01.309Z,true,https://raw.githubusercontent.com/mykeels/inec-presidential-elections-2023/master/results/37-zamfara\3872-maru\26281-bindin\polling-units.json
ZAMFARA,MARU,BINDIN,KAN WURI / GARKA HAKIMI,36/10/01/002,https://docs.inecelectionresults.net/elections_prod/1292/state/1/lga/3872/ward/26281/pu/120165/120165-1677581598.pdf,2023-02-28T11:02:05.060Z,true,https://raw.githubusercontent.com/mykeels/inec-presidential-elections-2023/master/results/37-zamfara\3872-maru\26281-bindin\polling-units.json
ZAMFARA,MARU,BINDIN,KANWURI GARKA HAKIMI II,36/10/01/034,https://docs.inecelectionresults.net/elections_prod/1292/state/1/lga/3872/ward/26281/pu/178319/178319-1677582498.pdf,2023-02-28T11:09:00.379Z,false,https://raw.githubusercontent.com/mykeels/inec-presidential-elections-2023/master/results/37-zamfara\3872-maru\26281-bindin\polling-units.json
ZAMFARA,MARU,BINDIN,KOLI - GARKAR HAKIMI,36/10/01/015,https://inec-cvr-cache.s3.eu-west-1.amazonaws.com/cached/results/119078/result_66926_1677586185_thumb.jpg,2023-02-28T14:00:24.072Z,false,https://raw.githubusercontent.com/mykeels/inec-presidential-elections-2023/master/results/37-zamfara\3872-maru\26281-bindin\polling-units.json
ZAMFARA,MARU,BINDIN,KWANA / GARKAR HAKIMI,36/10/01/013,https://docs.inecelectionresults.net/elections_prod/1292/state/1/lga/3872/ward/26281/pu/120176/120176-1677582437.pdf,2023-02-28T11:08:01.846Z,true,https://raw.githubusercontent.com/mykeels/inec-presidential-elections-2023/master/results/37-zamfara\3872-maru\26281-bindin\polling-units.json
ZAMFARA,MARU,BINDIN,LINGYADO   /   MODEL PRIMARY SCHOOL,36/10/01/005,https://inec-cvr-cache.s3.eu-west-1.amazonaws.com/cached/results/119068/result_66916_1677578810_thumb.jpg,2023-02-28T13:58:54.762Z,false,https://raw.githubusercontent.com/mykeels/inec-presidential-elections-2023/master/results/37-zamfara\3872-maru\26281-bindin\polling-units.json
ZAMFARA,MARU,BINDIN,MAHUTA / KOFAR MANI,36/10/01/027,https://docs.inecelectionresults.net/elections_prod/1292/state/1/lga/3872/ward/26281/pu/120190/120190-1677590595.pdf,2023-02-28T13:28:48.212Z,true,https://raw.githubusercontent.com/mykeels/inec-presidential-elections-2023/master/results/37-zamfara\3872-maru\26281-bindin\polling-units.json
ZAMFARA,MARU,BINDIN,MAIKABARMI / GARKAR HAKIMI,36/10/01/028,https://docs.inecelectionresults.net/elections_prod/1292/state/1/lga/3872/ward/26281/pu/120191/120191-1677590767.pdf,2023-02-28T13:28:55.027Z,true,https://raw.githubusercontent.com/mykeels/inec-presidential-elections-2023/master/results/37-zamfara\3872-maru\26281-bindin\polling-units.json
ZAMFARA,MARU,BINDIN,MAIZAMBUNA /  GARKAR HAKIMI,36/10/01/018,https://inec-cvr-cache.s3.eu-west-1.amazonaws.com,2023-02-28T14:05:55.871Z,false,https://raw.githubusercontent.com/mykeels/inec-presidential-elections-2023/master/results/37-zamfara\3872-maru\26281-bindin\polling-units.json
ZAMFARA,MARU,BINDIN,MAKADA ZAMBUNA / GARKA HAKIMI,36/10/01/004,https://docs.inecelectionresults.net/elections_prod/1292/state/1/lga/3872/ward/26281/pu/120167/120167-1677581029.pdf,2023-02-28T11:01:46.491Z,true,https://raw.githubusercontent.com/mykeels/inec-presidential-elections-2023/master/results/37-zamfara\3872-maru\26281-bindin\polling-units.json
ZAMFARA,MARU,BINDIN,MAKEDA LINGYADO   /  GARKA HAKIMI,36/10/01/007,https://docs.inecelectionresults.net/elections_prod/1292/state/1/lga/3872/ward/26281/pu/120170/120170-1677580989.pdf,2023-02-28T11:01:45.499Z,true,https://raw.githubusercontent.com/mykeels/inec-presidential-elections-2023/master/results/37-zamfara\3872-maru\26281-bindin\polling-units.json
ZAMFARA,MARU,BINDIN,MALELE KAN WURI / PRI. SCH.,36/10/01/020,https://docs.inecelectionresults.net/elections_prod/1292/state/1/lga/3872/ward/26281/pu/120183/120183-1677590368.pdf,2023-02-28T13:28:39.326Z,true,https://raw.githubusercontent.com/mykeels/inec-presidential-elections-2023/master/results/37-zamfara\3872-maru\26281-bindin\polling-units.json
ZAMFARA,MARU,BINDIN,MALLAMAWA   /  MODEL PRIMARY SCHOOL BINDIN,36/10/01/001,https://docs.inecelectionresults.net/elections_prod/1292/state/1/lga/3872/ward/26281/pu/120164/120164-1677580879.pdf,2023-02-28T11:01:42.691Z,true,https://raw.githubusercontent.com/mykeels/inec-presidential-elections-2023/master/results/37-zamfara\3872-maru\26281-bindin\polling-units.json
ZAMFARA,MARU,BINDIN,MAZAZZABI / GARKAR HAKIMI,36/10/01/011,https://inec-cvr-cache.s3.eu-west-1.amazonaws.com/cached/results/119074/result_66922_1677588042_thumb.jpg,2023-02-28T14:07:38.301Z,false,https://raw.githubusercontent.com/mykeels/inec-presidential-elections-2023/master/results/37-zamfara\3872-maru\26281-bindin\polling-units.json
ZAMFARA,MARU,BINDIN,MUTUNJI I / PRI. SCH.,36/10/01/025,https://docs.inecelectionresults.net/elections_prod/1292/state/1/lga/3872/ward/26281/pu/120188/120188-1677590487.pdf,2023-02-28T13:28:44.031Z,true,https://raw.githubusercontent.com/mykeels/inec-presidential-elections-2023/master/results/37-zamfara\3872-maru\26281-bindin\polling-units.json
ZAMFARA,MARU,BINDIN,MUTUNJI II / GARKAR HAKIMI,36/10/01/026,https://docs.inecelectionresults.net/elections_prod/1292/state/1/lga/3872/ward/26281/pu/120189/120189-1677590573.pdf,2023-02-28T13:28:47.556Z,true,https://raw.githubusercontent.com/mykeels/inec-presidential-elections-2023/master/results/37-zamfara\3872-maru\26281-bindin\polling-units.json
ZAMFARA,MARU,BINDIN,MUTUNJI S/GARI / GARKAR HAKIMI,36/10/01/030,https://docs.inecelectionresults.net/elections_prod/1292/state/1/lga/3872/ward/26281/pu/120193/120193-1677590835.pdf,2023-02-28T13:28:55.420Z,false,https://raw.githubusercontent.com/mykeels/inec-presidential-elections-2023/master/results/37-zamfara\3872-maru\26281-bindin\polling-units.json
ZAMFARA,MARU,BINDIN,RANDAN MAHUTA / GARKAR HAKIMI,36/10/01/032,https://docs.inecelectionresults.net/elections_prod/1292/state/1/lga/3872/ward/26281/pu/120195/120195-1677591444.pdf,2023-02-28T13:38:02.037Z,true,https://raw.githubusercontent.com/mykeels/inec-presidential-elections-2023/master/results/37-zamfara\3872-maru\26281-bindin\polling-units.json
ZAMFARA,MARU,BINDIN,RUWAN TOFA / SHIYAR MAGAJI,36/10/01/022,https://docs.inecelectionresults.net/elections_prod/1292/state/1/lga/3872/ward/26281/pu/120185/120185-1677590555.pdf,2023-02-28T13:28:46.779Z,true,https://raw.githubusercontent.com/mykeels/inec-presidential-elections-2023/master/results/37-zamfara\3872-maru\26281-bindin\polling-units.json
ZAMFARA,MARU,BINDIN,TASA / GARKA HAKIMI,36/10/01/021,https://docs.inecelectionresults.net/elections_prod/1292/state/1/lga/3872/ward/26281/pu/120184/120184-1677589755.pdf,2023-02-28T13:28:18.065Z,true,https://raw.githubusercontent.com/mykeels/inec-presidential-elections-2023/master/results/37-zamfara\3872-maru\26281-bindin\polling-units.json
ZAMFARA,MARU,BINDIN,UNG. DOKA / GARKAR HAKIMI,36/10/01/023,https://docs.inecelectionresults.net/elections_prod/1292/state/1/lga/3872/ward/26281/pu/120186/120186-1677590508.pdf,2023-02-28T13:28:44.836Z,true,https://raw.githubusercontent.com/mykeels/inec-presidential-elections-2023/master/results/37-zamfara\3872-maru\26281-bindin\polling-units.json
ZAMFARA,MARU,BINDIN,UNG. JESA / GARKAR HAKIMI,36/10/01/031,https://docs.inecelectionresults.net/elections_prod/1292/state/1/lga/3872/ward/26281/pu/120194/120194-1677590913.pdf,2023-02-28T13:29:02.118Z,true,https://raw.githubusercontent.com/mykeels/inec-presidential-elections-2023/master/results/37-zamfara\3872-maru\26281-bindin\polling-units.json
ZAMFARA,MARU,BINDIN,UNGUWAN MANGWARO  /  DAN MANGWARO,36/10/01/003,https://docs.inecelectionresults.net/elections_prod/1292/state/1/lga/3872/ward/26281/pu/120166/120166-1677581851.pdf,2023-02-28T11:02:11.615Z,true,https://raw.githubusercontent.com/mykeels/inec-presidential-elections-2023/master/results/37-zamfara\3872-maru\26281-bindin\polling-units.json
ZAMFARA,MARU,BINDIN,YAN KAINA  /   PRIMARY SCHOOL,36/10/01/016,,,false,https://raw.githubusercontent.com/mykeels/inec-presidential-elections-2023/master/results/37-zamfara\3872-maru\26281-bindin\polling-units.json
ZAMFARA,MARU,BINDIN,ZAMAN NOMA   /  MODEL PRIMARY SCHOOL,36/10/01/006,https://docs.inecelectionresults.net/elections_prod/1292/state/1/lga/3872/ward/26281/pu/120169/120169-1677580811.pdf,2023-02-28T11:01:40.857Z,true,https://raw.githubusercontent.com/mykeels/inec-presidential-elections-2023/master/results/37-zamfara\3872-maru\26281-bindin\polling-units.json
ZAMFARA,MARU,BINGI,BINGI /  PRIMARY SCHOOL,36/10/02/001,https://docs.inecelectionresults.net/elections_prod/1292/state/1/lga/3872/ward/26282/pu/120197/120197-1677668523.pdf,2023-03-01T11:03:01.266Z,true,https://raw.githubusercontent.com/mykeels/inec-presidential-elections-2023/master/results/37-zamfara\3872-maru\26282-bingi\polling-units.json
ZAMFARA,MARU,BINGI,BINGI/PRI SCH II,36/10/02/017,https://docs.inecelectionresults.net/elections_prod/1292/state/01/lga/10/ward/02/pu/017/017-1677402993.pdf,2023-02-26T09:17:01.622Z,false,https://raw.githubusercontent.com/mykeels/inec-presidential-elections-2023/master/results/37-zamfara\3872-maru\26282-bingi\polling-units.json
ZAMFARA,MARU,BINGI,BINI   /   ASIBITI,36/10/02/009,https://docs.inecelectionresults.net/elections_prod/1292/state/01/lga/10/ward/02/pu/009/009-1677402607.pdf,2023-02-26T09:11:02.304Z,false,https://raw.githubusercontent.com/mykeels/inec-presidential-elections-2023/master/results/37-zamfara\3872-maru\26282-bingi\polling-units.json
ZAMFARA,MARU,BINGI,BINI/ASIBITI II,36/10/02/021,,,false,https://raw.githubusercontent.com/mykeels/inec-presidential-elections-2023/master/results/37-zamfara\3872-maru\26282-bingi\polling-units.json
ZAMFARA,MARU,BINGI,BURWAYE / GARKAR HAKIMI,36/10/02/007,,,false,https://raw.githubusercontent.com/mykeels/inec-presidential-elections-2023/master/results/37-zamfara\3872-maru\26282-bingi\polling-units.json
ZAMFARA,MARU,BINGI,BURWAYE/GARKA HAKIMI II,36/10/02/020,https://docs.inecelectionresults.net/elections_prod/1292/state/01/lga/10/ward/02/pu/020/020-1677405570.pdf,2023-02-26T10:00:01.087Z,false,https://raw.githubusercontent.com/mykeels/inec-presidential-elections-2023/master/results/37-zamfara\3872-maru\26282-bingi\polling-units.json
ZAMFARA,MARU,BINGI,DAN MARKE / GARKAR HAKIMI,36/10/02/015,https://docs.inecelectionresults.net/elections_prod/1292/state/01/lga/10/ward/02/pu/015/015-1677402607.pdf,2023-02-26T09:11:02.251Z,false,https://raw.githubusercontent.com/mykeels/inec-presidential-elections-2023/master/results/37-zamfara\3872-maru\26282-bingi\polling-units.json
ZAMFARA,MARU,BINGI,DANDAURA / GARKAR HAKIMI,36/10/02/005,,,false,https://raw.githubusercontent.com/mykeels/inec-presidential-elections-2023/master/results/37-zamfara\3872-maru\26282-bingi\polling-units.json
ZAMFARA,MARU,BINGI,DANDINDIN   /   PRI. SCH.,36/10/02/010,https://docs.inecelectionresults.net/elections_prod/1292/state/01/lga/10/ward/02/pu/010/010-1677405571.pdf,2023-02-26T10:00:01.131Z,false,https://raw.githubusercontent.com/mykeels/inec-presidential-elections-2023/master/results/37-zamfara\3872-maru\26282-bingi\polling-units.json
ZAMFARA,MARU,BINGI,GABIYA / PRIMARY SCHOOL,36/10/02/004,,,false,https://raw.githubusercontent.com/mykeels/inec-presidential-elections-2023/master/results/37-zamfara\3872-maru\26282-bingi\polling-units.json
ZAMFARA,MARU,BINGI,GAN DAYA   /  G/HAKIMI,36/10/02/012,https://docs.inecelectionresults.net/elections_prod/1292/state/01/lga/10/ward/02/pu/012/012-1677405559.pdf,2023-02-26T10:00:00.959Z,false,https://raw.githubusercontent.com/mykeels/inec-presidential-elections-2023/master/results/37-zamfara\3872-maru\26282-bingi\polling-units.json
ZAMFARA,MARU,BINGI,GIDAN GARBA / GARKAR HAKIMI,36/10/02/008,,,false,https://raw.githubusercontent.com/mykeels/inec-presidential-elections-2023/master/results/37-zamfara\3872-maru\26282-bingi\polling-units.json
ZAMFARA,MARU,BINGI,GOBIRAWA  / GARKAR HAKIMI,36/10/02/016,https://docs.inecelectionresults.net/elections_prod/1292/state/01/lga/10/ward/02/pu/016/016-1677402619.pdf,2023-02-26T09:11:02.481Z,false,https://raw.githubusercontent.com/mykeels/inec-presidential-elections-2023/master/results/37-zamfara\3872-maru\26282-bingi\polling-units.json
ZAMFARA,MARU,BINGI,KWARYA TSUGUNNE  /   PRI.SCH.,36/10/02/014,https://docs.inecelectionresults.net/elections_prod/1292/state/01/lga/10/ward/02/pu/014/014-1677405552.pdf,2023-02-26T10:00:00.533Z,false,https://raw.githubusercontent.com/mykeels/inec-presidential-elections-2023/master/results/37-zamfara\3872-maru\26282-bingi\polling-units.json
ZAMFARA,MARU,BINGI,MAIRAIRAI    /  G/HAKIMI,36/10/02/011,,,false,https://raw.githubusercontent.com/mykeels/inec-presidential-elections-2023/master/results/37-zamfara\3872-maru\26282-bingi\polling-units.json
ZAMFARA,MARU,BINGI,MAKWAYO   /  G/HAKIMI,36/10/02/013,https://docs.inecelectionresults.net/elections_prod/1292/state/01/lga/10/ward/02/pu/013/013-1677402611.pdf,2023-02-26T09:11:02.351Z,false,https://raw.githubusercontent.com/mykeels/inec-presidential-elections-2023/master/results/37-zamfara\3872-maru\26282-bingi\polling-units.json
ZAMFARA,MARU,BINGI,MALLAMAWA   /  PRIMARY SCHOOL,36/10/02/003,https://docs.inecelectionresults.net/elections_prod/1292/state/01/lga/10/ward/02/pu/003/003-1677418782.pdf,2023-02-26T13:40:02.444Z,false,https://raw.githubusercontent.com/mykeels/inec-presidential-elections-2023/master/results/37-zamfara\3872-maru\26282-bingi\polling-units.json
ZAMFARA,MARU,BINGI,MALLAMAWA PRI.SCH II,36/10/02/018,,,false,https://raw.githubusercontent.com/mykeels/inec-presidential-elections-2023/master/results/37-zamfara\3872-maru\26282-bingi\polling-units.json
ZAMFARA,MARU,BINGI,SABUWAR TUNGA  / GARKAR HAKIMI,36/10/02/006,,,false,https://raw.githubusercontent.com/mykeels/inec-presidential-elections-2023/master/results/37-zamfara\3872-maru\26282-bingi\polling-units.json
ZAMFARA,MARU,BINGI,SABUWAR TUNGA GARKA HAKIMI II,36/10/02/019,,,false,https://raw.githubusercontent.com/mykeels/inec-presidential-elections-2023/master/results/37-zamfara\3872-maru\26282-bingi\polling-units.json
ZAMFARA,MARU,BINGI,TUNGAR MANI / GARKAR HAKIMI,36/10/02/002,,,false,https://raw.githubusercontent.com/mykeels/inec-presidential-elections-2023/master/results/37-zamfara\3872-maru\26282-bingi\polling-units.json
ZAMFARA,MARU,DAN GULBI,BAGAMUS / GARKAR HAKIMI,36/10/03/013,,,false,https://raw.githubusercontent.com/mykeels/inec-presidential-elections-2023/master/results/37-zamfara\3872-maru\26283-dan-gulbi\polling-units.json
ZAMFARA,MARU,DAN GULBI,BIYA / GARKAR MAI UNGUWA,36/10/03/001,,,false,https://raw.githubusercontent.com/mykeels/inec-presidential-elections-2023/master/results/37-zamfara\3872-maru\26283-dan-gulbi\polling-units.json
ZAMFARA,MARU,DAN GULBI,BURMA KAI / GARKAR HAKIMI,36/10/03/002,,,false,https://raw.githubusercontent.com/mykeels/inec-presidential-elections-2023/master/results/37-zamfara\3872-maru\26283-dan-gulbi\polling-units.json
ZAMFARA,MARU,DAN GULBI,D/MA'AJI MAKARANTA / PRI. SCH.,36/10/03/006,,,false,https://raw.githubusercontent.com/mykeels/inec-presidential-elections-2023/master/results/37-zamfara\3872-maru\26283-dan-gulbi\polling-units.json
ZAMFARA,MARU,DAN GULBI,DAN GULBI / ASIBITI-ASIBITI,36/10/03/004,,,false,https://raw.githubusercontent.com/mykeels/inec-presidential-elections-2023/master/results/37-zamfara\3872-maru\26283-dan-gulbi\polling-units.json
ZAMFARA,MARU,DAN GULBI,DAN GULBI MAKARANTA / MODEL PRI. SCH.,36/10/03/012,,,false,https://raw.githubusercontent.com/mykeels/inec-presidential-elections-2023/master/results/37-zamfara\3872-maru\26283-dan-gulbi\polling-units.json
ZAMFARA,MARU,DAN GULBI,DANGULBI MAKARANTA/MODEL PRI SCH II,36/10/03/017,,,false,https://raw.githubusercontent.com/mykeels/inec-presidential-elections-2023/master/results/37-zamfara\3872-maru\26283-dan-gulbi\polling-units.json
ZAMFARA,MARU,DAN GULBI,GARKAR  / GARKAR HAKIMI,36/10/03/007,,,false,https://raw.githubusercontent.com/mykeels/inec-presidential-elections-2023/master/results/37-zamfara\3872-maru\26283-dan-gulbi\polling-units.json
ZAMFARA,MARU,DAN GULBI,KANGO   /  GARKAR HAKIMI,36/10/03/009,,,false,https://raw.githubusercontent.com/mykeels/inec-presidential-elections-2023/master/results/37-zamfara\3872-maru\26283-dan-gulbi\polling-units.json
ZAMFARA,MARU,DAN GULBI,KATOGE / GARKAR HAKIMI,36/10/03/015,,,false,https://raw.githubusercontent.com/mykeels/inec-presidential-elections-2023/master/results/37-zamfara\3872-maru\26283-dan-gulbi\polling-units.json
ZAMFARA,MARU,DAN GULBI,MANYA RUWAYE / G/HAKIMI,36/10/03/005,,,false,https://raw.githubusercontent.com/mykeels/inec-presidential-elections-2023/master/results/37-zamfara\3872-maru\26283-dan-gulbi\polling-units.json
ZAMFARA,MARU,DAN GULBI,MARINA / OFISHIN HAKIMI,36/10/03/016,,,false,https://raw.githubusercontent.com/mykeels/inec-presidential-elections-2023/master/results/37-zamfara\3872-maru\26283-dan-gulbi\polling-units.json
ZAMFARA,MARU,DAN GULBI,MARINA D/GULBI / GANGAREN MARINA,36/10/03/011,,,false,https://raw.githubusercontent.com/mykeels/inec-presidential-elections-2023/master/results/37-zamfara\3872-maru\26283-dan-gulbi\polling-units.json
ZAMFARA,MARU,DAN GULBI,SAKAINA / PRI. SCH.,36/10/03/010,,,false,https://raw.githubusercontent.com/mykeels/inec-presidential-elections-2023/master/results/37-zamfara\3872-maru\26283-dan-gulbi\polling-units.json
ZAMFARA,MARU,DAN GULBI,TABANNI / GARKAR HAKIMI,36/10/03/014,,,false,https://raw.githubusercontent.com/mykeels/inec-presidential-elections-2023/master/results/37-zamfara\3872-maru\26283-dan-gulbi\polling-units.json
ZAMFARA,MARU,DAN GULBI,TSONTSOMAWA / GARKAR HAKIMI,36/10/03/008,,,false,https://raw.githubusercontent.com/mykeels/inec-presidential-elections-2023/master/results/37-zamfara\3872-maru\26283-dan-gulbi\polling-units.json
ZAMFARA,MARU,DAN GULBI,TSONTSOMAWA D/HAYI / DAN FILI,36/10/03/003,,,false,https://raw.githubusercontent.com/mykeels/inec-presidential-elections-2023/master/results/37-zamfara\3872-maru\26283-dan-gulbi\polling-units.json
ZAMFARA,MARU,DAN KURMI,DADIN DUNIYA / GARKAR HAKIMI,36/10/04/023,https://docs.inecelectionresults.net/elections_prod/1292/state/1/lga/3872/ward/26284/pu/120251/120251-1677663297.pdf,2023-03-01T09:35:00.781Z,false,https://raw.githubusercontent.com/mykeels/inec-presidential-elections-2023/master/results/37-zamfara\3872-maru\26284-dan-kurmi\polling-units.json
ZAMFARA,MARU,DAN KURMI,DAN HAYI GETSO / GRAKAR HAKIMI,36/10/04/029,https://docs.inecelectionresults.net/elections_prod/1292/state/1/lga/3872/ward/26284/pu/120257/120257-1677664703.pdf,2023-03-01T09:59:00.381Z,false,https://raw.githubusercontent.com/mykeels/inec-presidential-elections-2023/master/results/37-zamfara\3872-maru\26284-dan-kurmi\polling-units.json
ZAMFARA,MARU,DAN KURMI,DANGODABE  /  DAN FAKO,36/10/04/021,https://docs.inecelectionresults.net/elections_prod/1292/state/1/lga/3872/ward/26284/pu/120249/120249-1677664578.pdf,2023-03-01T09:57:00.375Z,false,https://raw.githubusercontent.com/mykeels/inec-presidential-elections-2023/master/results/37-zamfara\3872-maru\26284-dan-kurmi\polling-units.json
ZAMFARA,MARU,DAN KURMI,DANKURMI MAKARANTA   /  PRIMARY SCHOOL,36/10/04/028,https://docs.inecelectionresults.net/elections_prod/1292/state/1/lga/3872/ward/26284/pu/120256/120256-1677664017.pdf,2023-03-01T09:47:00.439Z,false,https://raw.githubusercontent.com/mykeels/inec-presidential-elections-2023/master/results/37-zamfara\3872-maru\26284-dan-kurmi\polling-units.json
ZAMFARA,MARU,DAN KURMI,DARAGA  / PRIMARY SCHOOL,36/10/04/020,https://docs.inecelectionresults.net/elections_prod/1292/state/1/lga/3872/ward/26284/pu/120248/120248-1677663131.pdf,2023-03-01T09:33:01.190Z,true,https://raw.githubusercontent.com/mykeels/inec-presidential-elections-2023/master/results/37-zamfara\3872-maru\26284-dan-kurmi\polling-units.json
ZAMFARA,MARU,DAN KURMI,DOGODAJI /  PRIMARY SCHOOL,36/10/04/027,https://docs.inecelectionresults.net/elections_prod/1292/state/1/lga/3872/ward/26284/pu/120255/120255-1677663993.pdf,2023-03-01T09:47:00.270Z,false,https://raw.githubusercontent.com/mykeels/inec-presidential-elections-2023/master/results/37-zamfara\3872-maru\26284-dan-kurmi\polling-units.json
ZAMFARA,MARU,DAN KURMI,FADA / KASUWA GARI,36/10/04/003,https://docs.inecelectionresults.net/elections_prod/1292/state/1/lga/3872/ward/26284/pu/120231/120231-1677665338.pdf,2023-03-01T10:09:00.679Z,false,https://raw.githubusercontent.com/mykeels/inec-presidential-elections-2023/master/results/37-zamfara\3872-maru\26284-dan-kurmi\polling-units.json
ZAMFARA,MARU,DAN KURMI,FADA KASUWA GARI II,36/10/04/031,https://docs.inecelectionresults.net/elections_prod/1292/state/1/lga/3872/ward/26284/pu/178326/178326-1677664356.pdf,2023-03-01T09:53:00.455Z,true,https://raw.githubusercontent.com/mykeels/inec-presidential-elections-2023/master/results/37-zamfara\3872-maru\26284-dan-kurmi\polling-units.json
ZAMFARA,MARU,DAN KURMI,FARIN RUWA  / ASIBITI,36/10/04/022,https://docs.inecelectionresults.net/elections_prod/1292/state/1/lga/3872/ward/26284/pu/120250/120250-1677663093.pdf,2023-03-01T09:32:00.269Z,false,https://raw.githubusercontent.com/mykeels/inec-presidential-elections-2023/master/results/37-zamfara\3872-maru\26284-dan-kurmi\polling-units.json
ZAMFARA,MARU,DAN KURMI,GETSO  /  PRIMARY SCHOOL,36/10/04/016,https://docs.inecelectionresults.net/elections_prod/1292/state/1/lga/3872/ward/26284/pu/120244/120244-1677662570.pdf,2023-03-01T09:23:00.540Z,false,https://raw.githubusercontent.com/mykeels/inec-presidential-elections-2023/master/results/37-zamfara\3872-maru\26284-dan-kurmi\polling-units.json
ZAMFARA,MARU,DAN KURMI,GETSO PRI SCH II,36/10/04/032,https://docs.inecelectionresults.net/elections_prod/1292/state/1/lga/3872/ward/26284/pu/178327/178327-1677664556.pdf,2023-03-01T09:56:00.506Z,false,https://raw.githubusercontent.com/mykeels/inec-presidential-elections-2023/master/results/37-zamfara\3872-maru\26284-dan-kurmi\polling-units.json
ZAMFARA,MARU,DAN KURMI,GIDAN MANI / GARKAR HAKIMI,36/10/04/010,https://docs.inecelectionresults.net/elections_prod/1292/state/1/lga/3872/ward/26284/pu/120238/120238-1677661887.pdf,2023-03-01T09:12:00.130Z,true,https://raw.githubusercontent.com/mykeels/inec-presidential-elections-2023/master/results/37-zamfara\3872-maru\26284-dan-kurmi\polling-units.json
ZAMFARA,MARU,DAN KURMI,GUDASHI   /  PRIMARY SCHOOL,36/10/04/004,https://docs.inecelectionresults.net/elections_prod/1292/state/1/lga/3872/ward/26284/pu/120232/120232-1677661164.pdf,2023-03-01T09:00:00.504Z,false,https://raw.githubusercontent.com/mykeels/inec-presidential-elections-2023/master/results/37-zamfara\3872-maru\26284-dan-kurmi\polling-units.json
ZAMFARA,MARU,DAN KURMI,HURDI   /  GARKAR HAKIMI,36/10/04/006,https://docs.inecelectionresults.net/elections_prod/1292/state/1/lga/3872/ward/26284/pu/120234/120234-1677661469.pdf,2023-03-01T09:05:00.556Z,true,https://raw.githubusercontent.com/mykeels/inec-presidential-elections-2023/master/results/37-zamfara\3872-maru\26284-dan-kurmi\polling-units.json
ZAMFARA,MARU,DAN KURMI,KABOSO / PRIMARY SCHOOL,36/10/04/012,https://docs.inecelectionresults.net/elections_prod/1292/state/1/lga/3872/ward/26284/pu/120240/120240-1677662313.pdf,2023-03-01T09:19:00.465Z,false,https://raw.githubusercontent.com/mykeels/inec-presidential-elections-2023/master/results/37-zamfara\3872-maru\26284-dan-kurmi\polling-units.json
ZAMFARA,MARU,DAN KURMI,KASANFANI / PRIMARY SCHOOL,36/10/04/009,https://docs.inecelectionresults.net/elections_prod/1292/state/1/lga/3872/ward/26284/pu/120237/120237-1677661814.pdf,2023-03-01T09:11:00.342Z,false,https://raw.githubusercontent.com/mykeels/inec-presidential-elections-2023/master/results/37-zamfara\3872-maru\26284-dan-kurmi\polling-units.json
ZAMFARA,MARU,DAN KURMI,KASHABUDA    /   OFISHIN HAKIMI,36/10/04/026,https://docs.inecelectionresults.net/elections_prod/1292/state/1/lga/3872/ward/26284/pu/120254/120254-1677663684.pdf,2023-03-01T09:42:00.227Z,false,https://raw.githubusercontent.com/mykeels/inec-presidential-elections-2023/master/results/37-zamfara\3872-maru\26284-dan-kurmi\polling-units.json
ZAMFARA,MARU,DAN KURMI,KUKA BIRAI   /   PRIMARY SCHOOL,36/10/04/019,https://docs.inecelectionresults.net/elections_prod/1292/state/1/lga/3872/ward/26284/pu/120247/120247-1677662824.pdf,2023-03-01T09:28:00.097Z,false,https://raw.githubusercontent.com/mykeels/inec-presidential-elections-2023/master/results/37-zamfara\3872-maru\26284-dan-kurmi\polling-units.json
ZAMFARA,MARU,DAN KURMI,KUMBI    /  PRIMARY SCHOOL,36/10/04/005,,,false,https://raw.githubusercontent.com/mykeels/inec-presidential-elections-2023/master/results/37-zamfara\3872-maru\26284-dan-kurmi\polling-units.json
ZAMFARA,MARU,DAN KURMI,MAIMARAHU   /  PRIMARY SCHOOL,36/10/04/008,https://docs.inecelectionresults.net/elections_prod/1292/state/1/lga/3872/ward/26284/pu/120236/120236-1677661656.pdf,2023-03-01T09:08:00.249Z,false,https://raw.githubusercontent.com/mykeels/inec-presidential-elections-2023/master/results/37-zamfara\3872-maru\26284-dan-kurmi\polling-units.json
ZAMFARA,MARU,DAN KURMI,MAKINI / GARKAR HAKIMI,36/10/04/015,https://docs.inecelectionresults.net/elections_prod/1292/state/1/lga/3872/ward/26284/pu/120243/120243-1677662493.pdf,2023-03-01T09:22:00.137Z,false,https://raw.githubusercontent.com/mykeels/inec-presidential-elections-2023/master/results/37-zamfara\3872-maru\26284-dan-kurmi\polling-units.json
ZAMFARA,MARU,DAN KURMI,MANYAN RUWAYE /   PRIMARY SCHOOL,36/10/04/014,https://docs.inecelectionresults.net/elections_prod/1292/state/1/lga/3872/ward/26284/pu/120242/120242-1677662345.pdf,2023-03-01T09:20:00.108Z,false,https://raw.githubusercontent.com/mykeels/inec-presidential-elections-2023/master/results/37-zamfara\3872-maru\26284-dan-kurmi\polling-units.json
ZAMFARA,MARU,DAN KURMI,SAULAWA / YAN SALI,36/10/04/001,https://docs.inecelectionresults.net/elections_prod/1292/state/1/lga/3872/ward/26284/pu/120229/120229-1677660480.pdf,2023-03-01T08:49:00.059Z,false,https://raw.githubusercontent.com/mykeels/inec-presidential-elections-2023/master/results/37-zamfara\3872-maru\26284-dan-kurmi\polling-units.json
ZAMFARA,MARU,DAN KURMI,TASHA I / KAN WURI,36/10/04/002,https://docs.inecelectionresults.net/elections_prod/1292/state/1/lga/3872/ward/26284/pu/120230/120230-1677660744.pdf,2023-03-01T08:53:01.241Z,true,https://raw.githubusercontent.com/mykeels/inec-presidential-elections-2023/master/results/37-zamfara\3872-maru\26284-dan-kurmi\polling-units.json
ZAMFARA,MARU,DAN KURMI,TASHA II / BAKIN TASHA,36/10/04/030,https://docs.inecelectionresults.net/elections_prod/1292/state/1/lga/3872/ward/26284/pu/120258/120258-1677664463.pdf,2023-03-01T09:55:00.486Z,false,https://raw.githubusercontent.com/mykeels/inec-presidential-elections-2023/master/results/37-zamfara\3872-maru\26284-dan-kurmi\polling-units.json
ZAMFARA,MARU,DAN KURMI,UBAKA   /  PRIMARY SCHOOL,36/10/04/025,https://docs.inecelectionresults.net/elections_prod/1292/state/1/lga/3872/ward/26284/pu/120253/120253-1677663501.pdf,2023-03-01T09:39:00.224Z,false,https://raw.githubusercontent.com/mykeels/inec-presidential-elections-2023/master/results/37-zamfara\3872-maru\26284-dan-kurmi\polling-units.json
ZAMFARA,MARU,DAN KURMI,UNASHI  /  PRIMARY SCHOOL,36/10/04/017,https://docs.inecelectionresults.net/elections_prod/1292/state/1/lga/3872/ward/26284/pu/120245/120245-1677662644.pdf,2023-03-01T09:25:00.478Z,false,https://raw.githubusercontent.com/mykeels/inec-presidential-elections-2023/master/results/37-zamfara\3872-maru\26284-dan-kurmi\polling-units.json
ZAMFARA,MARU,DAN KURMI,WABI / GARKAR HAKIMI,36/10/04/011,https://docs.inecelectionresults.net/elections_prod/1292/state/1/lga/3872/ward/26284/pu/120239/120239-1677662137.pdf,2023-03-01T09:16:00.339Z,false,https://raw.githubusercontent.com/mykeels/inec-presidential-elections-2023/master/results/37-zamfara\3872-maru\26284-dan-kurmi\polling-units.json
ZAMFARA,MARU,DAN KURMI,YALWA / PRIMARY SCHOOL,36/10/04/013,https://docs.inecelectionresults.net/elections_prod/1292/state/1/lga/3872/ward/26284/pu/120241/120241-1677662109.pdf,2023-03-01T09:16:00.164Z,false,https://raw.githubusercontent.com/mykeels/inec-presidential-elections-2023/master/results/37-zamfara\3872-maru\26284-dan-kurmi\polling-units.json
ZAMFARA,MARU,DAN KURMI,YAR YAHAYA  /   PRIMARY SCHOOL,36/10/04/024,https://docs.inecelectionresults.net/elections_prod/1292/state/1/lga/3872/ward/26284/pu/120252/120252-1677663554.pdf,2023-03-01T09:40:00.184Z,false,https://raw.githubusercontent.com/mykeels/inec-presidential-elections-2023/master/results/37-zamfara\3872-maru\26284-dan-kurmi\polling-units.json
ZAMFARA,MARU,DAN KURMI,ZAMFARAWA   /  PRIMARY SCHOOL,36/10/04/007,https://docs.inecelectionresults.net/elections_prod/1292/state/1/lga/3872/ward/26284/pu/120235/120235-1677661602.pdf,2023-03-01T09:07:00.306Z,false,https://raw.githubusercontent.com/mykeels/inec-presidential-elections-2023/master/results/37-zamfara\3872-maru\26284-dan-kurmi\polling-units.json
ZAMFARA,MARU,DAN KURMI,ZARGADO   / PRIMARY SCHOOL,36/10/04/018,https://docs.inecelectionresults.net/elections_prod/1292/state/1/lga/3872/ward/26284/pu/120246/120246-1677662754.pdf,2023-03-01T09:26:00.388Z,false,https://raw.githubusercontent.com/mykeels/inec-presidential-elections-2023/master/results/37-zamfara\3872-maru\26284-dan-kurmi\polling-units.json
ZAMFARA,MARU,DAN SADAU,ALBARKAWA I / GARKAR AUDU NA KUJA,36/10/05/004,https://docs.inecelectionresults.net/elections_prod/1292/state/1/lga/3872/ward/26285/pu/120262/120262-1677606117.pdf,2023-02-28T18:02:41.110Z,true,https://raw.githubusercontent.com/mykeels/inec-presidential-elections-2023/master/results/37-zamfara\3872-maru\26285-dan-sadau\polling-units.json
ZAMFARA,MARU,DAN SADAU,ALBARKAWA II / FILIN SANI ZARIN GIWA,36/10/05/026,,,false,https://raw.githubusercontent.com/mykeels/inec-presidential-elections-2023/master/results/37-zamfara\3872-maru\26285-dan-sadau\polling-units.json
ZAMFARA,MARU,DAN SADAU,BAGEGAWA / FILIN ALH. RABIU,36/10/05/024,https://docs.inecelectionresults.net/elections_prod/1292/state/1/lga/3872/ward/26285/pu/120282/120282-1677607082.pdf,2023-02-28T18:03:03.809Z,true,https://raw.githubusercontent.com/mykeels/inec-presidential-elections-2023/master/results/37-zamfara\3872-maru\26285-dan-sadau\polling-units.json
ZAMFARA,MARU,DAN SADAU,BAKIN KASUWA / BAKIN TASHA,36/10/05/001,https://docs.inecelectionresults.net/elections_prod/1292/state/1/lga/3872/ward/26285/pu/120259/120259-1677605941.pdf,2023-02-28T18:02:37.044Z,true,https://raw.githubusercontent.com/mykeels/inec-presidential-elections-2023/master/results/37-zamfara\3872-maru\26285-dan-sadau\polling-units.json
ZAMFARA,MARU,DAN SADAU,BARIKIN DAJI / SABON FEGI,36/10/05/029,https://docs.inecelectionresults.net/elections_prod/1292/state/1/lga/3872/ward/26285/pu/120287/120287-1677607282.pdf,2023-02-28T18:04:05.005Z,true,https://raw.githubusercontent.com/mykeels/inec-presidential-elections-2023/master/results/37-zamfara\3872-maru\26285-dan-sadau\polling-units.json
ZAMFARA,MARU,DAN SADAU,CHABI / GARKA HAKIMI,36/10/05/022,https://docs.inecelectionresults.net/elections_prod/1292/state/1/lga/3872/ward/26285/pu/120280/120280-1677607065.pdf,2023-02-28T18:03:03.911Z,true,https://raw.githubusercontent.com/mykeels/inec-presidential-elections-2023/master/results/37-zamfara\3872-maru\26285-dan-sadau\polling-units.json
ZAMFARA,MARU,DAN SADAU,DAN AMARYA / GARKAR SARKI,36/10/05/017,https://docs.inecelectionresults.net/elections_prod/1292/state/1/lga/3872/ward/26285/pu/120275/120275-1677606701.pdf,2023-02-28T18:02:54.311Z,true,https://raw.githubusercontent.com/mykeels/inec-presidential-elections-2023/master/results/37-zamfara\3872-maru\26285-dan-sadau\polling-units.json
ZAMFARA,MARU,DAN SADAU,DAN BAURA / GARKA HAKIMI,36/10/05/021,https://docs.inecelectionresults.net/elections_prod/1292/state/1/lga/3872/ward/26285/pu/120279/120279-1677606942.pdf,2023-02-28T18:03:00.561Z,true,https://raw.githubusercontent.com/mykeels/inec-presidential-elections-2023/master/results/37-zamfara\3872-maru\26285-dan-sadau\polling-units.json
ZAMFARA,MARU,DAN SADAU,KAN WURI   /  GARKA SARKI,36/10/05/005,,,false,https://raw.githubusercontent.com/mykeels/inec-presidential-elections-2023/master/results/37-zamfara\3872-maru\26285-dan-sadau\polling-units.json
ZAMFARA,MARU,DAN SADAU,KANWURI GARKA SARKI II,36/10/05/032,,,false,https://raw.githubusercontent.com/mykeels/inec-presidential-elections-2023/master/results/37-zamfara\3872-maru\26285-dan-sadau\polling-units.json
ZAMFARA,MARU,DAN SADAU,KARAUCHI / GARKAR HAKIMI,36/10/05/010,https://docs.inecelectionresults.net/elections_prod/1292/state/1/lga/3872/ward/26285/pu/120268/120268-1677606430.pdf,2023-02-28T18:02:48.356Z,true,https://raw.githubusercontent.com/mykeels/inec-presidential-elections-2023/master/results/37-zamfara\3872-maru\26285-dan-sadau\polling-units.json
ZAMFARA,MARU,DAN SADAU,KUJEMI /  GARKAR HAKIMI,36/10/05/028,https://docs.inecelectionresults.net/elections_prod/1292/state/1/lga/3872/ward/26285/pu/120286/120286-1677607597.pdf,2023-02-28T18:07:00.323Z,false,https://raw.githubusercontent.com/mykeels/inec-presidential-elections-2023/master/results/37-zamfara\3872-maru\26285-dan-sadau\polling-units.json
ZAMFARA,MARU,DAN SADAU,KURA MOTA / PRI. SCH.,36/10/05/015,https://docs.inecelectionresults.net/elections_prod/1292/state/1/lga/3872/ward/26285/pu/120273/120273-1677606687.pdf,2023-02-28T18:02:53.666Z,true,https://raw.githubusercontent.com/mykeels/inec-presidential-elections-2023/master/results/37-zamfara\3872-maru\26285-dan-sadau\polling-units.json
ZAMFARA,MARU,DAN SADAU,KWAKWACHI / GARKAR HAKIMI,36/10/05/018,https://docs.inecelectionresults.net/elections_prod/1292/state/1/lga/3872/ward/26285/pu/120276/120276-1677606861.pdf,2023-02-28T18:02:58.374Z,true,https://raw.githubusercontent.com/mykeels/inec-presidential-elections-2023/master/results/37-zamfara\3872-maru\26285-dan-sadau\polling-units.json
ZAMFARA,MARU,DAN SADAU,MADAKA / GARKAR HAKIMI,36/10/05/009,https://docs.inecelectionresults.net/elections_prod/1292/state/1/lga/3872/ward/26285/pu/120267/120267-1677606409.pdf,2023-02-28T18:02:47.949Z,true,https://raw.githubusercontent.com/mykeels/inec-presidential-elections-2023/master/results/37-zamfara\3872-maru\26285-dan-sadau\polling-units.json
ZAMFARA,MARU,DAN SADAU,MAGAMA / GARKAR HAKIMI,36/10/05/019,,,false,https://raw.githubusercontent.com/mykeels/inec-presidential-elections-2023/master/results/37-zamfara\3872-maru\26285-dan-sadau\polling-units.json
ZAMFARA,MARU,DAN SADAU,MAGANAWA  I / I GARKA MAI UNGUWA,36/10/05/006,https://docs.inecelectionresults.net/elections_prod/1292/state/1/lga/3872/ward/26285/pu/120264/120264-1677606177.pdf,2023-02-28T18:02:42.779Z,true,https://raw.githubusercontent.com/mykeels/inec-presidential-elections-2023/master/results/37-zamfara\3872-maru\26285-dan-sadau\polling-units.json
ZAMFARA,MARU,DAN SADAU,MAI AWAKI  / PRI. SCH.,36/10/05/013,https://docs.inecelectionresults.net/elections_prod/1292/state/1/lga/3872/ward/26285/pu/120271/120271-1677606609.pdf,2023-02-28T18:02:51.808Z,true,https://raw.githubusercontent.com/mykeels/inec-presidential-elections-2023/master/results/37-zamfara\3872-maru\26285-dan-sadau\polling-units.json
ZAMFARA,MARU,DAN SADAU,MAI GOGE / PRI. SCH.,36/10/05/012,https://docs.inecelectionresults.net/elections_prod/1292/state/1/lga/3872/ward/26285/pu/120270/120270-1677606461.pdf,2023-02-28T18:02:48.697Z,true,https://raw.githubusercontent.com/mykeels/inec-presidential-elections-2023/master/results/37-zamfara\3872-maru\26285-dan-sadau\polling-units.json
ZAMFARA,MARU,DAN SADAU,MAILAMBA / GARKA HAKIMI,36/10/05/020,https://docs.inecelectionresults.net/elections_prod/1292/state/1/lga/3872/ward/26285/pu/120278/120278-1677606861.pdf,2023-02-28T18:02:58.425Z,true,https://raw.githubusercontent.com/mykeels/inec-presidential-elections-2023/master/results/37-zamfara\3872-maru\26285-dan-sadau\polling-units.json
ZAMFARA,MARU,DAN SADAU,MALLAMAWA / GARKAR HAKIMI,36/10/05/014,https://docs.inecelectionresults.net/elections_prod/1292/state/1/lga/3872/ward/26285/pu/120272/120272-1677606551.pdf,2023-02-28T18:02:50.714Z,true,https://raw.githubusercontent.com/mykeels/inec-presidential-elections-2023/master/results/37-zamfara\3872-maru\26285-dan-sadau\polling-units.json
ZAMFARA,MARU,DAN SADAU,SABON GARI / GARKAR MUH'D MAGINI,36/10/05/002,https://docs.inecelectionresults.net/elections/1292/1677440412-120260.pdf,2023-02-26T19:41:01.005Z,false,https://raw.githubusercontent.com/mykeels/inec-presidential-elections-2023/master/results/37-zamfara\3872-maru\26285-dan-sadau\polling-units.json
ZAMFARA,MARU,DAN SADAU,SABON GARI/GARKA HAKIMI MOHD MAGINI II,36/10/05/031,https://docs.inecelectionresults.net/elections_prod/1292/state/1/lga/3872/ward/26285/pu/178328/178328-1677607515.pdf,2023-02-28T18:06:00.408Z,false,https://raw.githubusercontent.com/mykeels/inec-presidential-elections-2023/master/results/37-zamfara\3872-maru\26285-dan-sadau\polling-units.json
ZAMFARA,MARU,DAN SADAU,SAULAWA / KAN WURI,36/10/05/023,https://docs.inecelectionresults.net/elections_prod/1292/state/1/lga/3872/ward/26285/pu/120281/120281-1677606975.pdf,2023-02-28T18:03:01.699Z,true,https://raw.githubusercontent.com/mykeels/inec-presidential-elections-2023/master/results/37-zamfara\3872-maru\26285-dan-sadau\polling-units.json
ZAMFARA,MARU,DAN SADAU,TASHAR SAHABI / ASIBITI YATASHA,36/10/05/027,https://docs.inecelectionresults.net/elections_prod/1292/state/1/lga/3872/ward/26285/pu/120285/120285-1677607361.pdf,2023-02-28T18:04:05.625Z,false,https://raw.githubusercontent.com/mykeels/inec-presidential-elections-2023/master/results/37-zamfara\3872-maru\26285-dan-sadau\polling-units.json
ZAMFARA,MARU,DAN SADAU,TASHAR SAHABI / PRI. SCH.,36/10/05/016,https://docs.inecelectionresults.net/elections_prod/1292/state/1/lga/3872/ward/26285/pu/120274/120274-1677606769.pdf,2023-02-28T18:02:56.280Z,true,https://raw.githubusercontent.com/mykeels/inec-presidential-elections-2023/master/results/37-zamfara\3872-maru\26285-dan-sadau\polling-units.json
ZAMFARA,MARU,DAN SADAU,TUDUN GABAS / GARKAR HAKIMI,36/10/05/011,https://docs.inecelectionresults.net/elections_prod/1292/state/1/lga/3872/ward/26285/pu/120269/120269-1677606408.pdf,2023-02-28T18:02:47.901Z,true,https://raw.githubusercontent.com/mykeels/inec-presidential-elections-2023/master/results/37-zamfara\3872-maru\26285-dan-sadau\polling-units.json
ZAMFARA,MARU,DAN SADAU,UN/NA BUNGUDU / GARKAR HAKIMI,36/10/05/007,https://docs.inecelectionresults.net/elections_prod/1292/state/1/lga/3872/ward/26285/pu/120265/120265-1677606268.pdf,2023-02-28T18:02:45.201Z,true,https://raw.githubusercontent.com/mykeels/inec-presidential-elections-2023/master/results/37-zamfara\3872-maru\26285-dan-sadau\polling-units.json
ZAMFARA,MARU,DAN SADAU,UNG. LALLE / GARKAR HAKIMI,36/10/05/030,https://docs.inecelectionresults.net/elections_prod/1292/state/1/lga/3872/ward/26285/pu/120288/120288-1677607389.pdf,2023-02-28T18:04:06.013Z,false,https://raw.githubusercontent.com/mykeels/inec-presidential-elections-2023/master/results/37-zamfara\3872-maru\26285-dan-sadau\polling-units.json
ZAMFARA,MARU,DAN SADAU,UNG. LIMAN / GARKAR HAKIMI,36/10/05/008,https://docs.inecelectionresults.net/elections_prod/1292/state/1/lga/3872/ward/26285/pu/120266/120266-1677606291.pdf,2023-02-28T18:02:45.490Z,true,https://raw.githubusercontent.com/mykeels/inec-presidential-elections-2023/master/results/37-zamfara\3872-maru\26285-dan-sadau\polling-units.json
ZAMFARA,MARU,DAN SADAU,YAR DOKA I / GARKAR SAMA'ILA MALI,36/10/05/003,https://docs.inecelectionresults.net/elections_prod/1292/state/1/lga/3872/ward/26285/pu/120261/120261-1677605987.pdf,2023-02-28T18:02:38.080Z,true,https://raw.githubusercontent.com/mykeels/inec-presidential-elections-2023/master/results/37-zamfara\3872-maru\26285-dan-sadau\polling-units.json
ZAMFARA,MARU,DAN SADAU,YAR DOKA II / MAKERA,36/10/05/025,,,false,https://raw.githubusercontent.com/mykeels/inec-presidential-elections-2023/master/results/37-zamfara\3872-maru\26285-dan-sadau\polling-units.json
ZAMFARA,MARU,KANOMA,ASHA LAFIYA / GARKAR HAKIMI,36/10/06/011,,,false,https://raw.githubusercontent.com/mykeels/inec-presidential-elections-2023/master/results/37-zamfara\3872-maru\26286-kanoma\polling-units.json
ZAMFARA,MARU,KANOMA,BABEGE / GARKAR HAKIMI,36/10/06/002,,,false,https://raw.githubusercontent.com/mykeels/inec-presidential-elections-2023/master/results/37-zamfara\3872-maru\26286-kanoma\polling-units.json
ZAMFARA,MARU,KANOMA,BAYA WURI I / GARKAR YARIMAWA,36/10/06/010,,,false,https://raw.githubusercontent.com/mykeels/inec-presidential-elections-2023/master/results/37-zamfara\3872-maru\26286-kanoma\polling-units.json
ZAMFARA,MARU,KANOMA,BAYAWURI II / YARIMAWA,36/10/06/024,,,false,https://raw.githubusercontent.com/mykeels/inec-presidential-elections-2023/master/results/37-zamfara\3872-maru\26286-kanoma\polling-units.json
ZAMFARA,MARU,KANOMA,DUTSI GARI / PRIMARY SCHOOL,36/10/06/012,https://docs.inecelectionresults.net/elections_prod/1292/state/01/lga/10/ward/06/pu/012/012-1677367129.pdf,2023-02-25T23:19:01.563Z,false,https://raw.githubusercontent.com/mykeels/inec-presidential-elections-2023/master/results/37-zamfara\3872-maru\26286-kanoma\polling-units.json
ZAMFARA,MARU,KANOMA,GIDAN BARAI I / PRIMARY SCHOOL,36/10/06/001,https://docs.inecelectionresults.net/elections_prod/1292/state/01/lga/10/ward/06/pu/001/001-1677365695.pdf,2023-02-25T22:55:02.730Z,false,https://raw.githubusercontent.com/mykeels/inec-presidential-elections-2023/master/results/37-zamfara\3872-maru\26286-kanoma\polling-units.json
ZAMFARA,MARU,KANOMA,GIDAN BARAI II / PRIMARY SCHOOL,36/10/06/006,,,false,https://raw.githubusercontent.com/mykeels/inec-presidential-elections-2023/master/results/37-zamfara\3872-maru\26286-kanoma\polling-units.json
ZAMFARA,MARU,KANOMA,KANGIWA / SABON FEGI,36/10/06/007,,,false,https://raw.githubusercontent.com/mykeels/inec-presidential-elections-2023/master/results/37-zamfara\3872-maru\26286-kanoma\polling-units.json
ZAMFARA,MARU,KANOMA,KWANKIRAWA / GARKAR HAKIMI,36/10/06/021,,,false,https://raw.githubusercontent.com/mykeels/inec-presidential-elections-2023/master/results/37-zamfara\3872-maru\26286-kanoma\polling-units.json
ZAMFARA,MARU,KANOMA,KWANTARAGI / MARAYA DORAI,36/10/06/004,,,false,https://raw.githubusercontent.com/mykeels/inec-presidential-elections-2023/master/results/37-zamfara\3872-maru\26286-kanoma\polling-units.json
ZAMFARA,MARU,KANOMA,LIMANCHI BIRNI / PRIMARY SCHOOL,36/10/06/015,,,false,https://raw.githubusercontent.com/mykeels/inec-presidential-elections-2023/master/results/37-zamfara\3872-maru\26286-kanoma\polling-units.json
ZAMFARA,MARU,KANOMA,MAGAYAKI / GARKA MAGAJI,36/10/06/008,https://docs.inecelectionresults.net/elections_prod/1292/state/01/lga/10/ward/06/pu/008/008-1677400193.pdf,2023-02-26T08:30:02.039Z,false,https://raw.githubusercontent.com/mykeels/inec-presidential-elections-2023/master/results/37-zamfara\3872-maru\26286-kanoma\polling-units.json
ZAMFARA,MARU,KANOMA,MAJEN SANI / MANJE / GARKAR HAKIMI,36/10/06/020,,,false,https://raw.githubusercontent.com/mykeels/inec-presidential-elections-2023/master/results/37-zamfara\3872-maru\26286-kanoma\polling-units.json
ZAMFARA,MARU,KANOMA,MANYA DAUDU / GARKA HAKIMI,36/10/06/016,https://docs.inecelectionresults.net/elections_prod/1292/state/01/lga/10/ward/06/pu/016/016-1677370614.pdf,2023-02-26T00:17:02.635Z,false,https://raw.githubusercontent.com/mykeels/inec-presidential-elections-2023/master/results/37-zamfara\3872-maru\26286-kanoma\polling-units.json
ZAMFARA,MARU,KANOMA,MARAYA / GARKAR HAKIMI,36/10/06/023,,,false,https://raw.githubusercontent.com/mykeels/inec-presidential-elections-2023/master/results/37-zamfara\3872-maru\26286-kanoma\polling-units.json
ZAMFARA,MARU,KANOMA,RAYAU / ASIBITI,36/10/06/014,,,false,https://raw.githubusercontent.com/mykeels/inec-presidential-elections-2023/master/results/37-zamfara\3872-maru\26286-kanoma\polling-units.json
ZAMFARA,MARU,KANOMA,RAYAU/ASIBITI II,36/10/06/025,,,false,https://raw.githubusercontent.com/mykeels/inec-presidential-elections-2023/master/results/37-zamfara\3872-maru\26286-kanoma\polling-units.json
ZAMFARA,MARU,KANOMA,S/FAWA / ASIBITI,36/10/06/018,,,false,https://raw.githubusercontent.com/mykeels/inec-presidential-elections-2023/master/results/37-zamfara\3872-maru\26286-kanoma\polling-units.json
ZAMFARA,MARU,KANOMA,TALLI MAHUTA / GARKA HAKIMI,36/10/06/013,,,false,https://raw.githubusercontent.com/mykeels/inec-presidential-elections-2023/master/results/37-zamfara\3872-maru\26286-kanoma\polling-units.json
ZAMFARA,MARU,KANOMA,TSIBIRI / ASIBITI,36/10/06/005,,,false,https://raw.githubusercontent.com/mykeels/inec-presidential-elections-2023/master/results/37-zamfara\3872-maru\26286-kanoma\polling-units.json
ZAMFARA,MARU,KANOMA,TURMUZAWA GARKAR HAKIMI,36/10/06/017,https://docs.inecelectionresults.net/elections_prod/1292/state/01/lga/10/ward/06/pu/017/017-1677398135.pdf,2023-02-26T07:56:02.412Z,false,https://raw.githubusercontent.com/mykeels/inec-presidential-elections-2023/master/results/37-zamfara\3872-maru\26286-kanoma\polling-units.json
ZAMFARA,MARU,KANOMA,YANGUZAU I / KANKARA,36/10/06/009,,,false,https://raw.githubusercontent.com/mykeels/inec-presidential-elections-2023/master/results/37-zamfara\3872-maru\26286-kanoma\polling-units.json
ZAMFARA,MARU,KANOMA,YANGUZAU II / PRIMARY SCHOOL KANKARA,36/10/06/022,,,false,https://raw.githubusercontent.com/mykeels/inec-presidential-elections-2023/master/results/37-zamfara\3872-maru\26286-kanoma\polling-units.json
ZAMFARA,MARU,KANOMA,YANYAWA / GARKAR HAKIMI,36/10/06/019,,,false,https://raw.githubusercontent.com/mykeels/inec-presidential-elections-2023/master/results/37-zamfara\3872-maru\26286-kanoma\polling-units.json
ZAMFARA,MARU,KANOMA,ZAMAN GIRA / PRIMARY SCH,36/10/06/003,,,false,https://raw.githubusercontent.com/mykeels/inec-presidential-elections-2023/master/results/37-zamfara\3872-maru\26286-kanoma\polling-units.json
ZAMFARA,MARU,KUYAN BANA,BABBA DOKA / PRIMARY SCHOOL,36/10/07/005,https://docs.inecelectionresults.net/elections_prod/1292/state/1/lga/3872/ward/26287/pu/120317/120317-1677664470.pdf,2023-03-01T09:55:00.652Z,false,https://raw.githubusercontent.com/mykeels/inec-presidential-elections-2023/master/results/37-zamfara\3872-maru\26287-kuyan-bana\polling-units.json
ZAMFARA,MARU,KUYAN BANA,DAN DALLA FADA / GARKAR HAKIMI,36/10/07/017,https://docs.inecelectionresults.net/elections_prod/1292/state/1/lga/3872/ward/26287/pu/120329/120329-1677666462.pdf,2023-03-01T10:28:00.504Z,true,https://raw.githubusercontent.com/mykeels/inec-presidential-elections-2023/master/results/37-zamfara\3872-maru\26287-kuyan-bana\polling-units.json
ZAMFARA,MARU,KUYAN BANA,DAN GURGU / PRIMARY SCHOOL,36/10/07/004,https://docs.inecelectionresults.net/elections_prod/1292/state/1/lga/3872/ward/26287/pu/120316/120316-1677664178.pdf,2023-03-01T09:50:00.406Z,false,https://raw.githubusercontent.com/mykeels/inec-presidential-elections-2023/master/results/37-zamfara\3872-maru\26287-kuyan-bana\polling-units.json
ZAMFARA,MARU,KUYAN BANA,DAN MANI /  GARKAR HAKIMI,36/10/07/016,https://docs.inecelectionresults.net/elections_prod/1292/state/1/lga/3872/ward/26287/pu/120328/120328-1677665703.pdf,2023-03-01T10:16:00.063Z,false,https://raw.githubusercontent.com/mykeels/inec-presidential-elections-2023/master/results/37-zamfara\3872-maru\26287-kuyan-bana\polling-units.json
ZAMFARA,MARU,KUYAN BANA,DANDALLA / PRIMARY SCHOOL,36/10/07/001,https://docs.inecelectionresults.net/elections_prod/1292/state/1/lga/3872/ward/26287/pu/120313/120313-1677663594.pdf,2023-03-01T09:40:00.562Z,false,https://raw.githubusercontent.com/mykeels/inec-presidential-elections-2023/master/results/37-zamfara\3872-maru\26287-kuyan-bana\polling-units.json
ZAMFARA,MARU,KUYAN BANA,FAMMAJI / GARKAR HAKIMI,36/10/07/007,https://docs.inecelectionresults.net/elections_prod/1292/state/1/lga/3872/ward/26287/pu/120319/120319-1677664763.pdf,2023-03-01T10:00:00.324Z,false,https://raw.githubusercontent.com/mykeels/inec-presidential-elections-2023/master/results/37-zamfara\3872-maru\26287-kuyan-bana\polling-units.json
ZAMFARA,MARU,KUYAN BANA,GOBIRAWA /  GARKAR HAKIMI,36/10/07/015,https://docs.inecelectionresults.net/elections_prod/1292/state/1/lga/3872/ward/26287/pu/120327/120327-1677665806.pdf,2023-03-01T10:17:00.880Z,true,https://raw.githubusercontent.com/mykeels/inec-presidential-elections-2023/master/results/37-zamfara\3872-maru\26287-kuyan-bana\polling-units.json
ZAMFARA,MARU,KUYAN BANA,GOBIRAWA KAKUMO / GARKAR HAKIMI,36/10/07/018,https://docs.inecelectionresults.net/elections_prod/1292/state/1/lga/3872/ward/26287/pu/120330/120330-1677665975.pdf,2023-03-01T10:21:00.082Z,true,https://raw.githubusercontent.com/mykeels/inec-presidential-elections-2023/master/results/37-zamfara\3872-maru\26287-kuyan-bana\polling-units.json
ZAMFARA,MARU,KUYAN BANA,HAN-HAN / GARKAR HAKIMI,36/10/07/014,https://docs.inecelectionresults.net/elections_prod/1292/state/1/lga/3872/ward/26287/pu/120326/120326-1677665599.pdf,2023-03-01T10:14:00.288Z,false,https://raw.githubusercontent.com/mykeels/inec-presidential-elections-2023/master/results/37-zamfara\3872-maru\26287-kuyan-bana\polling-units.json
ZAMFARA,MARU,KUYAN BANA,KABORO / PRIMARY SCHOOL KABORO,36/10/07/008,https://docs.inecelectionresults.net/elections_prod/1292/state/1/lga/3872/ward/26287/pu/120320/120320-1677664891.pdf,2023-03-01T10:02:00.304Z,false,https://raw.githubusercontent.com/mykeels/inec-presidential-elections-2023/master/results/37-zamfara\3872-maru\26287-kuyan-bana\polling-units.json
ZAMFARA,MARU,KUYAN BANA,KALGO / PRIMARY SCHOOL,36/10/07/010,https://docs.inecelectionresults.net/elections_prod/1292/state/1/lga/3872/ward/26287/pu/120322/120322-1677665352.pdf,2023-03-01T10:10:00.109Z,false,https://raw.githubusercontent.com/mykeels/inec-presidential-elections-2023/master/results/37-zamfara\3872-maru\26287-kuyan-bana\polling-units.json
ZAMFARA,MARU,KUYAN BANA,MA ALLO / GARKAR HAKIMI,36/10/07/006,https://docs.inecelectionresults.net/elections_prod/1292/state/1/lga/3872/ward/26287/pu/120318/120318-1677664559.pdf,2023-03-01T09:57:01.232Z,true,https://raw.githubusercontent.com/mykeels/inec-presidential-elections-2023/master/results/37-zamfara\3872-maru\26287-kuyan-bana\polling-units.json
ZAMFARA,MARU,KUYAN BANA,MADADDA / GARKAR HAKIMI,36/10/07/002,https://docs.inecelectionresults.net/elections_prod/1292/state/1/lga/3872/ward/26287/pu/120314/120314-1677663717.pdf,2023-03-01T09:42:00.567Z,false,https://raw.githubusercontent.com/mykeels/inec-presidential-elections-2023/master/results/37-zamfara\3872-maru\26287-kuyan-bana\polling-units.json
ZAMFARA,MARU,KUYAN BANA,MAI TUKUNYA / GARKAR HAKIMI,36/10/07/013,https://docs.inecelectionresults.net/elections_prod/1292/state/1/lga/3872/ward/26287/pu/120325/120325-1677665465.pdf,2023-03-01T10:12:00.103Z,false,https://raw.githubusercontent.com/mykeels/inec-presidential-elections-2023/master/results/37-zamfara\3872-maru\26287-kuyan-bana\polling-units.json
ZAMFARA,MARU,KUYAN BANA,SANGEKU / GARKAR HAKIMI,36/10/07/009,https://docs.inecelectionresults.net/elections_prod/1292/state/1/lga/3872/ward/26287/pu/120321/120321-1677665050.pdf,2023-03-01T10:05:00.145Z,false,https://raw.githubusercontent.com/mykeels/inec-presidential-elections-2023/master/results/37-zamfara\3872-maru\26287-kuyan-bana\polling-units.json
ZAMFARA,MARU,KUYAN BANA,UNG. GALADIMA / PRIMARY SCHOOL,36/10/07/011,,,false,https://raw.githubusercontent.com/mykeels/inec-presidential-elections-2023/master/results/37-zamfara\3872-maru\26287-kuyan-bana\polling-units.json
ZAMFARA,MARU,KUYAN BANA,UNG. MAJIDADI / GARKAR HAKIMI,36/10/07/003,https://docs.inecelectionresults.net/elections_prod/1292/state/1/lga/3872/ward/26287/pu/120315/120315-1677663878.pdf,2023-03-01T09:45:00.616Z,false,https://raw.githubusercontent.com/mykeels/inec-presidential-elections-2023/master/results/37-zamfara\3872-maru\26287-kuyan-bana\polling-units.json
ZAMFARA,MARU,KUYAN BANA,ZAMAN LAFIYA / PRIMARY SCHOOL,36/10/07/012,https://docs.inecelectionresults.net/elections_prod/1292/state/1/lga/3872/ward/26287/pu/120324/120324-1677665497.pdf,2023-03-01T10:12:00.393Z,false,https://raw.githubusercontent.com/mykeels/inec-presidential-elections-2023/master/results/37-zamfara\3872-maru\26287-kuyan-bana\polling-units.json
ZAMFARA,MARU,MARU,BACHAKA / MARU AREA COURT,36/10/08/017,https://docs.inecelectionresults.net/elections_prod/1292/state/1/lga/3872/ward/26288/pu/120347/120347-1677604505.pdf,2023-02-28T17:16:01.265Z,true,https://raw.githubusercontent.com/mykeels/inec-presidential-elections-2023/master/results/37-zamfara\3872-maru\26288-maru\polling-units.json
ZAMFARA,MARU,MARU,BACHAKA AREA COURT MARU II,36/10/08/025,https://docs.inecelectionresults.net/elections_prod/1292/state/1/lga/3872/ward/26288/pu/178332/178332-1677604990.pdf,2023-02-28T18:02:11.445Z,true,https://raw.githubusercontent.com/mykeels/inec-presidential-elections-2023/master/results/37-zamfara\3872-maru\26288-maru\polling-units.json
ZAMFARA,MARU,MARU,BANAGA MAKARANTA/PRI SCH,36/10/08/026,https://docs.inecelectionresults.net/elections_prod/1292/state/1/lga/3872/ward/26288/pu/178333/178333-1677605091.pdf,2023-02-28T18:02:14.880Z,true,https://raw.githubusercontent.com/mykeels/inec-presidential-elections-2023/master/results/37-zamfara\3872-maru\26288-maru\polling-units.json
ZAMFARA,MARU,MARU,CEBOJI / PRIMARY SCHOOL,36/10/08/013,https://docs.inecelectionresults.net/elections_prod/1292/state/1/lga/3872/ward/26288/pu/120343/120343-1677604283.pdf,2023-02-28T17:12:01.190Z,false,https://raw.githubusercontent.com/mykeels/inec-presidential-elections-2023/master/results/37-zamfara\3872-maru\26288-maru\polling-units.json
ZAMFARA,MARU,MARU,"COMMUNITY PRI, SCH",36/10/08/030,https://docs.inecelectionresults.net/elections_prod/1292/state/1/lga/3872/ward/26288/pu/178337/178337-1677605262.pdf,2023-02-28T18:02:19.046Z,true,https://raw.githubusercontent.com/mykeels/inec-presidential-elections-2023/master/results/37-zamfara\3872-maru\26288-maru\polling-units.json
ZAMFARA,MARU,MARU,DADE MODEL PRI SCHOOL,36/10/08/031,https://docs.inecelectionresults.net/elections_prod/1292/state/1/lga/3872/ward/26288/pu/178338/178338-1677605253.pdf,2023-02-28T18:02:18.942Z,true,https://raw.githubusercontent.com/mykeels/inec-presidential-elections-2023/master/results/37-zamfara\3872-maru\26288-maru\polling-units.json
ZAMFARA,MARU,MARU,DAN GAMJI  / KAN WURI,36/10/08/014,https://docs.inecelectionresults.net/elections_prod/1292/state/1/lga/3872/ward/26288/pu/120344/120344-1677604339.pdf,2023-02-28T17:13:00.519Z,false,https://raw.githubusercontent.com/mykeels/inec-presidential-elections-2023/master/results/37-zamfara\3872-maru\26288-maru\polling-units.json
ZAMFARA,MARU,MARU,DUKKI / PRIMARY SCHOOL,36/10/08/015,https://docs.inecelectionresults.net/elections_prod/1292/state/1/lga/3872/ward/26288/pu/120345/120345-1677604424.pdf,2023-02-28T17:14:01.621Z,false,https://raw.githubusercontent.com/mykeels/inec-presidential-elections-2023/master/results/37-zamfara\3872-maru\26288-maru\polling-units.json
ZAMFARA,MARU,MARU,GWAMMA NAN / KUKA,36/10/08/023,https://docs.inecelectionresults.net/elections_prod/1292/state/1/lga/3872/ward/26288/pu/120353/120353-1677604904.pdf,2023-02-28T18:02:09.116Z,true,https://raw.githubusercontent.com/mykeels/inec-presidential-elections-2023/master/results/37-zamfara\3872-maru\26288-maru\polling-units.json
ZAMFARA,MARU,MARU,JABAKA / PRIMARY SCHOOL,36/10/08/010,https://docs.inecelectionresults.net/elections_prod/1292/state/1/lga/3872/ward/26288/pu/120340/120340-1677604055.pdf,2023-02-28T17:09:09.231Z,true,https://raw.githubusercontent.com/mykeels/inec-presidential-elections-2023/master/results/37-zamfara\3872-maru\26288-maru\polling-units.json
ZAMFARA,MARU,MARU,JABAKA PRIMARY SCHOOL II,36/10/08/024,https://docs.inecelectionresults.net/elections_prod/1292/state/1/lga/3872/ward/26288/pu/178331/178331-1677604906.pdf,2023-02-28T18:02:09.166Z,true,https://raw.githubusercontent.com/mykeels/inec-presidential-elections-2023/master/results/37-zamfara\3872-maru\26288-maru\polling-units.json
ZAMFARA,MARU,MARU,KADADDABA / TUNGA,36/10/08/016,https://docs.inecelectionresults.net/elections_prod/1292/state/1/lga/3872/ward/26288/pu/120346/120346-1677604465.pdf,2023-02-28T17:15:02.147Z,true,https://raw.githubusercontent.com/mykeels/inec-presidential-elections-2023/master/results/37-zamfara\3872-maru\26288-maru\polling-units.json
ZAMFARA,MARU,MARU,KADAURI / PRIMARY SCHOOL,36/10/08/012,https://docs.inecelectionresults.net/elections_prod/1292/state/1/lga/3872/ward/26288/pu/120342/120342-1677604258.pdf,2023-02-28T17:11:01.902Z,false,https://raw.githubusercontent.com/mykeels/inec-presidential-elections-2023/master/results/37-zamfara\3872-maru\26288-maru\polling-units.json
ZAMFARA,MARU,MARU,KAURAR DUMA / DAN DURUMI BABBA,36/10/08/006,https://docs.inecelectionresults.net/elections_prod/1292/state/1/lga/3872/ward/26288/pu/120336/120336-1677603799.pdf,2023-02-28T17:09:02.574Z,true,https://raw.githubusercontent.com/mykeels/inec-presidential-elections-2023/master/results/37-zamfara\3872-maru\26288-maru\polling-units.json
ZAMFARA,MARU,MARU,KAURAR DUMA/DAN DURUM II,36/10/08/033,https://docs.inecelectionresults.net/elections_prod/1292/state/1/lga/3872/ward/26288/pu/178340/178340-1677605385.pdf,2023-02-28T18:02:22.145Z,true,https://raw.githubusercontent.com/mykeels/inec-presidential-elections-2023/master/results/37-zamfara\3872-maru\26288-maru\polling-units.json
ZAMFARA,MARU,MARU,LUGGA / PRIMARY SCHOOL,36/10/08/011,https://docs.inecelectionresults.net/elections_prod/1292/state/1/lga/3872/ward/26288/pu/120341/120341-1677604108.pdf,2023-02-28T17:09:09.219Z,false,https://raw.githubusercontent.com/mykeels/inec-presidential-elections-2023/master/results/37-zamfara\3872-maru\26288-maru\polling-units.json
ZAMFARA,MARU,MARU,MAIDAMA / BAKIN TABKI,36/10/08/003,https://docs.inecelectionresults.net/elections_prod/1292/state/1/lga/3872/ward/26288/pu/120333/120333-1677603605.pdf,2023-02-28T17:01:01.306Z,true,https://raw.githubusercontent.com/mykeels/inec-presidential-elections-2023/master/results/37-zamfara\3872-maru\26288-maru\polling-units.json
ZAMFARA,MARU,MARU,MAIDAMA BAKIN TABKI II,36/10/08/027,https://docs.inecelectionresults.net/elections_prod/1292/state/1/lga/3872/ward/26288/pu/178334/178334-1677605072.pdf,2023-02-28T18:02:14.362Z,true,https://raw.githubusercontent.com/mykeels/inec-presidential-elections-2023/master/results/37-zamfara\3872-maru\26288-maru\polling-units.json
ZAMFARA,MARU,MARU,MAKARANTA / BANAGA SULE PRI. SCH.,36/10/08/002,https://docs.inecelectionresults.net/elections_prod/1292/state/1/lga/3872/ward/26288/pu/120332/120332-1677603546.pdf,2023-02-28T17:00:01.336Z,true,https://raw.githubusercontent.com/mykeels/inec-presidential-elections-2023/master/results/37-zamfara\3872-maru\26288-maru\polling-units.json
ZAMFARA,MARU,MARU,MATUYA/BEDIN DAMA,36/10/08/032,https://docs.inecelectionresults.net/elections_prod/1292/state/1/lga/3872/ward/26288/pu/178339/178339-1677605462.pdf,2023-02-28T18:02:24.229Z,true,https://raw.githubusercontent.com/mykeels/inec-presidential-elections-2023/master/results/37-zamfara\3872-maru\26288-maru\polling-units.json
ZAMFARA,MARU,MARU,NASARAWA / DAN DURIMI KARAMI,36/10/08/005,https://docs.inecelectionresults.net/elections_prod/1292/state/1/lga/3872/ward/26288/pu/120335/120335-1677604264.pdf,2023-02-28T17:12:01.347Z,true,https://raw.githubusercontent.com/mykeels/inec-presidential-elections-2023/master/results/37-zamfara\3872-maru\26288-maru\polling-units.json
ZAMFARA,MARU,MARU,SABON BIRNI / KWARE,36/10/08/008,https://docs.inecelectionresults.net/elections_prod/1292/state/1/lga/3872/ward/26288/pu/120338/120338-1677603939.pdf,2023-02-28T17:09:05.741Z,true,https://raw.githubusercontent.com/mykeels/inec-presidential-elections-2023/master/results/37-zamfara\3872-maru\26288-maru\polling-units.json
ZAMFARA,MARU,MARU,SABON BIRNIN KWARE II,36/10/08/034,https://docs.inecelectionresults.net/elections_prod/1292/state/1/lga/3872/ward/26288/pu/178341/178341-1677605383.pdf,2023-02-28T18:02:21.915Z,true,https://raw.githubusercontent.com/mykeels/inec-presidential-elections-2023/master/results/37-zamfara\3872-maru\26288-maru\polling-units.json
ZAMFARA,MARU,MARU,SAULAWA / TUDUN SAULAWA,36/10/08/001,,,false,https://raw.githubusercontent.com/mykeels/inec-presidential-elections-2023/master/results/37-zamfara\3872-maru\26288-maru\polling-units.json
ZAMFARA,MARU,MARU,TSIKA / SHIYA MAGAJI,36/10/08/019,https://docs.inecelectionresults.net/elections_prod/1292/state/1/lga/3872/ward/26288/pu/120349/120349-1677604683.pdf,2023-02-28T18:02:03.095Z,true,https://raw.githubusercontent.com/mykeels/inec-presidential-elections-2023/master/results/37-zamfara\3872-maru\26288-maru\polling-units.json
ZAMFARA,MARU,MARU,TSOHUWAR KASUWA / BAKIN GULBI,36/10/08/007,https://docs.inecelectionresults.net/elections_prod/1292/state/1/lga/3872/ward/26288/pu/120337/120337-1677604030.pdf,2023-02-28T17:09:08.780Z,true,https://raw.githubusercontent.com/mykeels/inec-presidential-elections-2023/master/results/37-zamfara\3872-maru\26288-maru\polling-units.json
ZAMFARA,MARU,MARU,TUMBUS MARU / TSOHON GIDAN SARKI,36/10/08/020,https://docs.inecelectionresults.net/elections_prod/1292/state/1/lga/3872/ward/26288/pu/120350/120350-1677604626.pdf,2023-02-28T18:02:01.516Z,true,https://raw.githubusercontent.com/mykeels/inec-presidential-elections-2023/master/results/37-zamfara\3872-maru\26288-maru\polling-units.json
ZAMFARA,MARU,MARU,TUSHE / NOMADIC PRI. SCH.,36/10/08/021,https://docs.inecelectionresults.net/elections_prod/1292/state/1/lga/3872/ward/26288/pu/120351/120351-1677604727.pdf,2023-02-28T18:02:04.309Z,true,https://raw.githubusercontent.com/mykeels/inec-presidential-elections-2023/master/results/37-zamfara\3872-maru\26288-maru\polling-units.json
ZAMFARA,MARU,MARU,UNG. KWASAU / GARKARB HAKIMI,36/10/08/022,https://docs.inecelectionresults.net/elections_prod/1292/state/1/lga/3872/ward/26288/pu/120352/120352-1677604745.pdf,2023-02-28T18:02:04.533Z,true,https://raw.githubusercontent.com/mykeels/inec-presidential-elections-2023/master/results/37-zamfara\3872-maru\26288-maru\polling-units.json
ZAMFARA,MARU,MARU,YAR DUNYA / ASIBITI DABBOBI,36/10/08/018,https://docs.inecelectionresults.net/elections_prod/1292/state/1/lga/3872/ward/26288/pu/120348/120348-1677604534.pdf,2023-02-28T17:16:00.879Z,false,https://raw.githubusercontent.com/mykeels/inec-presidential-elections-2023/master/results/37-zamfara\3872-maru\26288-maru\polling-units.json
ZAMFARA,MARU,MARU,YAR DUNYA KASUWAR MAGAJI II,36/10/08/028,https://docs.inecelectionresults.net/elections_prod/1292/state/1/lga/3872/ward/26288/pu/178335/178335-1677605177.pdf,2023-02-28T18:02:16.933Z,true,https://raw.githubusercontent.com/mykeels/inec-presidential-elections-2023/master/results/37-zamfara\3872-maru\26288-maru\polling-units.json
ZAMFARA,MARU,MARU,YAR DUNYA/ASIBITI DABBOBI II,36/10/08/029,https://docs.inecelectionresults.net/elections_prod/1292/state/1/lga/3872/ward/26288/pu/178336/178336-1677605210.pdf,2023-02-28T18:02:17.765Z,true,https://raw.githubusercontent.com/mykeels/inec-presidential-elections-2023/master/results/37-zamfara\3872-maru\26288-maru\polling-units.json
ZAMFARA,MARU,MARU,YAR HUDU / DAN FILI,36/10/08/009,,,false,https://raw.githubusercontent.com/mykeels/inec-presidential-elections-2023/master/results/37-zamfara\3872-maru\26288-maru\polling-units.json
ZAMFARA,MARU,MARU,YARDUNYA / KASUWA MAGAJI,36/10/08/004,https://docs.inecelectionresults.net/elections_prod/1292/state/1/lga/3872/ward/26288/pu/120334/120334-1677603753.pdf,2023-02-28T17:09:01.815Z,true,https://raw.githubusercontent.com/mykeels/inec-presidential-elections-2023/master/results/37-zamfara\3872-maru\26288-maru\polling-units.json
ZAMFARA,MARU,MAYANCHI,BAKIN KASUWA / RUNFA DOGO,36/10/09/003,https://docs.inecelectionresults.net/elections_prod/1292/state/1/lga/3872/ward/26289/pu/120356/120356-1677610706.pdf,2023-02-28T18:59:00.415Z,false,https://raw.githubusercontent.com/mykeels/inec-presidential-elections-2023/master/results/37-zamfara\3872-maru\26289-mayanchi\polling-units.json
ZAMFARA,MARU,MAYANCHI,BAKIN KASUWA RUMFAR DOGO II,36/10/09/012,https://docs.inecelectionresults.net/elections_prod/1292/state/1/lga/3872/ward/26289/pu/178344/178344-1677610546.pdf,2023-02-28T18:56:00.525Z,false,https://raw.githubusercontent.com/mykeels/inec-presidential-elections-2023/master/results/37-zamfara\3872-maru\26289-mayanchi\polling-units.json
ZAMFARA,MARU,MAYANCHI,BULUKKE / PRIMARY SCHOOL,36/10/09/005,https://docs.inecelectionresults.net/elections_prod/1292/state/1/lga/3872/ward/26289/pu/120358/120358-1677610049.pdf,2023-02-28T18:48:00.265Z,false,https://raw.githubusercontent.com/mykeels/inec-presidential-elections-2023/master/results/37-zamfara\3872-maru\26289-mayanchi\polling-units.json
ZAMFARA,MARU,MAYANCHI,GANDUN ARDO / PRIMARY SCHOOL,36/10/09/007,,,false,https://raw.githubusercontent.com/mykeels/inec-presidential-elections-2023/master/results/37-zamfara\3872-maru\26289-mayanchi\polling-units.json
ZAMFARA,MARU,MAYANCHI,GARAGI / PRIMARY SCH,36/10/09/009,https://docs.inecelectionresults.net/elections_prod/1292/state/1/lga/3872/ward/26289/pu/120362/120362-1677610574.pdf,2023-02-28T18:57:00.121Z,false,https://raw.githubusercontent.com/mykeels/inec-presidential-elections-2023/master/results/37-zamfara\3872-maru\26289-mayanchi\polling-units.json
ZAMFARA,MARU,MAYANCHI,GARAGI/G/GOBIRAWA/GIDAN GOBIRAWA,36/10/09/006,https://docs.inecelectionresults.net/elections_prod/1292/state/1/lga/3872/ward/26289/pu/120359/120359-1677610219.pdf,2023-02-28T18:51:01.158Z,true,https://raw.githubusercontent.com/mykeels/inec-presidential-elections-2023/master/results/37-zamfara\3872-maru\26289-mayanchi\polling-units.json
ZAMFARA,MARU,MAYANCHI,GIDAN BAKI / LAYIN YAN SANDA,36/10/09/008,,,false,https://raw.githubusercontent.com/mykeels/inec-presidential-elections-2023/master/results/37-zamfara\3872-maru\26289-mayanchi\polling-units.json
ZAMFARA,MARU,MAYANCHI,GIDAN DAJI/DUHUWA / GARKAR MALMAKADA,36/10/09/004,https://docs.inecelectionresults.net/elections_prod/1292/state/1/lga/3872/ward/26289/pu/120357/120357-1677610081.pdf,2023-02-28T18:49:01.149Z,true,https://raw.githubusercontent.com/mykeels/inec-presidential-elections-2023/master/results/37-zamfara\3872-maru\26289-mayanchi\polling-units.json
ZAMFARA,MARU,MAYANCHI,MAKARANTA GIDAN BAKI PRI SCH II,36/10/09/011,https://docs.inecelectionresults.net/elections_prod/1292/state/1/lga/3872/ward/26289/pu/178343/178343-1677610468.pdf,2023-02-28T18:55:00.762Z,false,https://raw.githubusercontent.com/mykeels/inec-presidential-elections-2023/master/results/37-zamfara\3872-maru\26289-mayanchi\polling-units.json
ZAMFARA,MARU,MAYANCHI,MAKARANTA/G/BAKI PRIMARY SCHOOL,36/10/09/002,,,false,https://raw.githubusercontent.com/mykeels/inec-presidential-elections-2023/master/results/37-zamfara\3872-maru\26289-mayanchi\polling-units.json
ZAMFARA,MARU,MAYANCHI,TASHAGAMBO/NEAR POLICE STATION,36/10/09/001,https://docs.inecelectionresults.net/elections_prod/1292/state/1/lga/3872/ward/26289/pu/120354/120354-1677609914.pdf,2023-02-28T18:46:00.099Z,false,https://raw.githubusercontent.com/mykeels/inec-presidential-elections-2023/master/results/37-zamfara\3872-maru\26289-mayanchi\polling-units.json
ZAMFARA,MARU,MAYANCHI,TASHAR GAMBO II,36/10/09/010,,,false,https://raw.githubusercontent.com/mykeels/inec-presidential-elections-2023/master/results/37-zamfara\3872-maru\26289-mayanchi\polling-units.json
ZAMFARA,MARU,RUWAN DORAWA,ARAFA KAN WURI/GARKAR SARKI,36/10/10/009,https://docs.inecelectionresults.net/elections_prod/1292/state/1/lga/3872/ward/26290/pu/120371/120371-1677592416.pdf,2023-02-28T13:54:00.901Z,false,https://raw.githubusercontent.com/mykeels/inec-presidential-elections-2023/master/results/37-zamfara\3872-maru\26290-ruwan-dorawa\polling-units.json
ZAMFARA,MARU,RUWAN DORAWA,ARAFA MAKARANTA/PRIMARY SCHOOL,36/10/10/010,https://docs.inecelectionresults.net/elections_prod/1292/state/1/lga/3872/ward/26290/pu/120372/120372-1677592769.pdf,2023-02-28T14:13:16.212Z,true,https://raw.githubusercontent.com/mykeels/inec-presidential-elections-2023/master/results/37-zamfara\3872-maru\26290-ruwan-dorawa\polling-units.json
ZAMFARA,MARU,RUWAN DORAWA,DAN MARKE PRI SCH,36/10/10/022,,,false,https://raw.githubusercontent.com/mykeels/inec-presidential-elections-2023/master/results/37-zamfara\3872-maru\26290-ruwan-dorawa\polling-units.json
ZAMFARA,MARU,RUWAN DORAWA,DAN ZARA / GARKAR HAKIMI,36/10/10/007,https://docs.inecelectionresults.net/elections_prod/1292/state/1/lga/3872/ward/26290/pu/120369/120369-1677592539.pdf,2023-02-28T14:13:06.162Z,true,https://raw.githubusercontent.com/mykeels/inec-presidential-elections-2023/master/results/37-zamfara\3872-maru\26290-ruwan-dorawa\polling-units.json
ZAMFARA,MARU,RUWAN DORAWA,DIBGAWA / GARKAR HAKIMI,36/10/10/013,https://docs.inecelectionresults.net/elections_prod/1292/state/1/lga/3872/ward/26290/pu/120375/120375-1677603386.pdf,2023-02-28T16:57:02.181Z,true,https://raw.githubusercontent.com/mykeels/inec-presidential-elections-2023/master/results/37-zamfara\3872-maru\26290-ruwan-dorawa\polling-units.json
ZAMFARA,MARU,RUWAN DORAWA,GETSO / GARKAR HAKIMI,36/10/10/015,https://docs.inecelectionresults.net/elections_prod/1292/state/1/lga/3872/ward/26290/pu/120377/120377-1677593037.pdf,2023-02-28T14:13:28.484Z,true,https://raw.githubusercontent.com/mykeels/inec-presidential-elections-2023/master/results/37-zamfara\3872-maru\26290-ruwan-dorawa\polling-units.json
ZAMFARA,MARU,RUWAN DORAWA,GIDAN DANJIKKO / PRIMARY SCHOOL,36/10/10/012,https://docs.inecelectionresults.net/elections_prod/1292/state/1/lga/3872/ward/26290/pu/120374/120374-1677592689.pdf,2023-02-28T14:13:12.240Z,true,https://raw.githubusercontent.com/mykeels/inec-presidential-elections-2023/master/results/37-zamfara\3872-maru\26290-ruwan-dorawa\polling-units.json
ZAMFARA,MARU,RUWAN DORAWA,GIDAN DANKANE / GARKAR HAKIMI,36/10/10/011,https://docs.inecelectionresults.net/elections_prod/1292/state/1/lga/3872/ward/26290/pu/120373/120373-1677592698.pdf,2023-02-28T14:13:12.770Z,true,https://raw.githubusercontent.com/mykeels/inec-presidential-elections-2023/master/results/37-zamfara\3872-maru\26290-ruwan-dorawa\polling-units.json
ZAMFARA,MARU,RUWAN DORAWA,GIDAN RUWA / TANKIN RUWA,36/10/10/003,https://docs.inecelectionresults.net/elections_prod/1292/state/1/lga/3872/ward/26290/pu/120365/120365-1677591921.pdf,2023-02-28T13:46:00.609Z,false,https://raw.githubusercontent.com/mykeels/inec-presidential-elections-2023/master/results/37-zamfara\3872-maru\26290-ruwan-dorawa\polling-units.json
ZAMFARA,MARU,RUWAN DORAWA,GIDAN RUWA/TAKIN RUWA II,36/10/10/021,https://docs.inecelectionresults.net/elections_prod/1292/state/1/lga/3872/ward/26290/pu/178350/178350-1677602991.pdf,2023-02-28T16:50:01.978Z,false,https://raw.githubusercontent.com/mykeels/inec-presidential-elections-2023/master/results/37-zamfara\3872-maru\26290-ruwan-dorawa\polling-units.json
ZAMFARA,MARU,RUWAN DORAWA,KADADDABA / PRIMARY SCHOOL,36/10/10/006,,,false,https://raw.githubusercontent.com/mykeels/inec-presidential-elections-2023/master/results/37-zamfara\3872-maru\26290-ruwan-dorawa\polling-units.json
ZAMFARA,MARU,RUWAN DORAWA,KAN WURI / OFFISHIN SARKI,36/10/10/004,https://docs.inecelectionresults.net/elections_prod/1292/state/1/lga/3872/ward/26290/pu/120366/120366-1677592157.pdf,2023-02-28T13:50:01.534Z,true,https://raw.githubusercontent.com/mykeels/inec-presidential-elections-2023/master/results/37-zamfara\3872-maru\26290-ruwan-dorawa\polling-units.json
ZAMFARA,MARU,RUWAN DORAWA,KANWURI OFFISHIN SARKI II,36/10/10/020,https://docs.inecelectionresults.net/elections_prod/1292/state/1/lga/3872/ward/26290/pu/178349/178349-1677602771.pdf,2023-02-28T16:47:01.480Z,true,https://raw.githubusercontent.com/mykeels/inec-presidential-elections-2023/master/results/37-zamfara\3872-maru\26290-ruwan-dorawa\polling-units.json
ZAMFARA,MARU,RUWAN DORAWA,MAKARANTA MODEL PRI.SCH II,36/10/10/016,,,false,https://raw.githubusercontent.com/mykeels/inec-presidential-elections-2023/master/results/37-zamfara\3872-maru\26290-ruwan-dorawa\polling-units.json
ZAMFARA,MARU,RUWAN DORAWA,MAKARANTA R/D / MODEL PRIMARY SCH,36/10/10/001,https://docs.inecelectionresults.net/elections_prod/1292/state/1/lga/3872/ward/26290/pu/120363/120363-1677592058.pdf,2023-02-28T13:48:01.047Z,false,https://raw.githubusercontent.com/mykeels/inec-presidential-elections-2023/master/results/37-zamfara\3872-maru\26290-ruwan-dorawa\polling-units.json
ZAMFARA,MARU,RUWAN DORAWA,SABUWA KASA / PRIMARY SCHOOL,36/10/10/008,https://docs.inecelectionresults.net/elections_prod/1292/state/01/lga/10/ward/10/pu/008/008-1677397250.pdf,2023-02-26T07:42:01.297Z,false,https://raw.githubusercontent.com/mykeels/inec-presidential-elections-2023/master/results/37-zamfara\3872-maru\26290-ruwan-dorawa\polling-units.json
ZAMFARA,MARU,RUWAN DORAWA,SHIYAR GALADIMA / ASIBITI,36/10/10/002,https://docs.inecelectionresults.net/elections_prod/1292/state/1/lga/3872/ward/26290/pu/120364/120364-1677591919.pdf,2023-02-28T13:46:00.569Z,false,https://raw.githubusercontent.com/mykeels/inec-presidential-elections-2023/master/results/37-zamfara\3872-maru\26290-ruwan-dorawa\polling-units.json
ZAMFARA,MARU,RUWAN DORAWA,SHIYAR GALADIMA/ASIBITI II,36/10/10/017,https://docs.inecelectionresults.net/elections_prod/1292/state/1/lga/3872/ward/26290/pu/178346/178346-1677593144.pdf,2023-02-28T14:13:34.681Z,true,https://raw.githubusercontent.com/mykeels/inec-presidential-elections-2023/master/results/37-zamfara\3872-maru\26290-ruwan-dorawa\polling-units.json
ZAMFARA,MARU,RUWAN DORAWA,YAN SHATANA / OFISHIN ARDO,36/10/10/005,https://docs.inecelectionresults.net/elections_prod/1292/state/1/lga/3872/ward/26290/pu/120367/120367-1677592551.pdf,2023-02-28T14:13:06.479Z,true,https://raw.githubusercontent.com/mykeels/inec-presidential-elections-2023/master/results/37-zamfara\3872-maru\26290-ruwan-dorawa\polling-units.json
ZAMFARA,MARU,RUWAN DORAWA,YAR GURAMU SHIYAR GALADIMA II,36/10/10/018,https://docs.inecelectionresults.net/elections_prod/1292/state/1/lga/3872/ward/26290/pu/178347/178347-1677594539.pdf,2023-02-28T14:29:59.937Z,false,https://raw.githubusercontent.com/mykeels/inec-presidential-elections-2023/master/results/37-zamfara\3872-maru\26290-ruwan-dorawa\polling-units.json
ZAMFARA,MARU,RUWAN DORAWA,YARGURAMU SHIYAR GALADIMA / YAR GURAMU,36/10/10/014,https://docs.inecelectionresults.net/elections_prod/1292/state/1/lga/3872/ward/26290/pu/120376/120376-1677593146.pdf,2023-02-28T14:13:34.788Z,true,https://raw.githubusercontent.com/mykeels/inec-presidential-elections-2023/master/results/37-zamfara\3872-maru\26290-ruwan-dorawa\polling-units.json
ZAMFARA,MARU,RUWAN DORAWA,YARSHATANA/OFFISHIN ARDO II,36/10/10/019,https://docs.inecelectionresults.net/elections_prod/1292/state/1/lga/3872/ward/26290/pu/178348/178348-1677593413.pdf,2023-02-28T14:13:44.226Z,true,https://raw.githubusercontent.com/mykeels/inec-presidential-elections-2023/master/results/37-zamfara\3872-maru\26290-ruwan-dorawa\polling-units.json
ZAMFARA,SHINKAFI,BADARAWA,BADARAWA II/ PRIMARY SCH.,36/11/01/009,,,false,https://raw.githubusercontent.com/mykeels/inec-presidential-elections-2023/master/results/37-zamfara\3873-shinkafi\26291-badarawa\polling-units.json
ZAMFARA,SHINKAFI,BADARAWA,BAKIN ASIBITI,36/11/01/010,,,false,https://raw.githubusercontent.com/mykeels/inec-presidential-elections-2023/master/results/37-zamfara\3873-shinkafi\26291-badarawa\polling-units.json
ZAMFARA,SHINKAFI,BADARAWA,BAKIN KASUWA,36/11/01/011,,,false,https://raw.githubusercontent.com/mykeels/inec-presidential-elections-2023/master/results/37-zamfara\3873-shinkafi\26291-badarawa\polling-units.json
ZAMFARA,SHINKAFI,BADARAWA,SHIYAR AJIYA / DAN FILI,36/11/01/005,,,false,https://raw.githubusercontent.com/mykeels/inec-presidential-elections-2023/master/results/37-zamfara\3873-shinkafi\26291-badarawa\polling-units.json
ZAMFARA,SHINKAFI,BADARAWA,SHIYAR FADAMA / BAKIN TABKI,36/11/01/002,,,false,https://raw.githubusercontent.com/mykeels/inec-presidential-elections-2023/master/results/37-zamfara\3873-shinkafi\26291-badarawa\polling-units.json
ZAMFARA,SHINKAFI,BADARAWA,SHIYAR GALADIMA / BADARAWA PRIMARY SCHOOL,36/11/01/001,,,false,https://raw.githubusercontent.com/mykeels/inec-presidential-elections-2023/master/results/37-zamfara\3873-shinkafi\26291-badarawa\polling-units.json
ZAMFARA,SHINKAFI,BADARAWA,SHIYAR SARKIN YAKI I / YAR TSAMIYA,36/11/01/003,,,false,https://raw.githubusercontent.com/mykeels/inec-presidential-elections-2023/master/results/37-zamfara\3873-shinkafi\26291-badarawa\polling-units.json
ZAMFARA,SHINKAFI,BADARAWA,SHIYAR SARKIN YAKI II / ZANGO,36/11/01/004,,,false,https://raw.githubusercontent.com/mykeels/inec-presidential-elections-2023/master/results/37-zamfara\3873-shinkafi\26291-badarawa\polling-units.json
ZAMFARA,SHINKAFI,BADARAWA,T/GOBIRAWA / PRIMARY SCHOOL,36/11/01/006,,,false,https://raw.githubusercontent.com/mykeels/inec-presidential-elections-2023/master/results/37-zamfara\3873-shinkafi\26291-badarawa\polling-units.json
ZAMFARA,SHINKAFI,BADARAWA,T/HASHIMU / PRIMARY SCHOOL,36/11/01/007,,,false,https://raw.githubusercontent.com/mykeels/inec-presidential-elections-2023/master/results/37-zamfara\3873-shinkafi\26291-badarawa\polling-units.json
ZAMFARA,SHINKAFI,BADARAWA,T/KADO / PRIMARY SCHOOL,36/11/01/008,,,false,https://raw.githubusercontent.com/mykeels/inec-presidential-elections-2023/master/results/37-zamfara\3873-shinkafi\26291-badarawa\polling-units.json
ZAMFARA,SHINKAFI,BADARAWA,U.B.E PRIMARY SCHOOL,36/11/01/012,,,false,https://raw.githubusercontent.com/mykeels/inec-presidential-elections-2023/master/results/37-zamfara\3873-shinkafi\26291-badarawa\polling-units.json
ZAMFARA,SHINKAFI,BIRNIN YARO,BAKIN KASUWA,36/11/02/014,,,false,https://raw.githubusercontent.com/mykeels/inec-presidential-elections-2023/master/results/37-zamfara\3873-shinkafi\26292-birnin-yaro\polling-units.json
ZAMFARA,SHINKAFI,BIRNIN YARO,BIRNIN YARO  I / PRIMARY SCHOOL,36/11/02/001,,,false,https://raw.githubusercontent.com/mykeels/inec-presidential-elections-2023/master/results/37-zamfara\3873-shinkafi\26292-birnin-yaro\polling-units.json
ZAMFARA,SHINKAFI,BIRNIN YARO,BIRNIN YARO  II/SHIYAR JEKADA,36/11/02/002,,,false,https://raw.githubusercontent.com/mykeels/inec-presidential-elections-2023/master/results/37-zamfara\3873-shinkafi\26292-birnin-yaro\polling-units.json
ZAMFARA,SHINKAFI,BIRNIN YARO,BIRNIN YARO III / SHIYAR MARAFA BIRNIN YARO,36/11/02/003,,,false,https://raw.githubusercontent.com/mykeels/inec-presidential-elections-2023/master/results/37-zamfara\3873-shinkafi\26292-birnin-yaro\polling-units.json
ZAMFARA,SHINKAFI,BIRNIN YARO,BIRNIN YERO  IV PRI. SCH,36/11/02/011,,,false,https://raw.githubusercontent.com/mykeels/inec-presidential-elections-2023/master/results/37-zamfara\3873-shinkafi\26292-birnin-yaro\polling-units.json
ZAMFARA,SHINKAFI,BIRNIN YARO,INWALA  / INWALA GARKA,36/11/02/004,,,false,https://raw.githubusercontent.com/mykeels/inec-presidential-elections-2023/master/results/37-zamfara\3873-shinkafi\26292-birnin-yaro\polling-units.json
ZAMFARA,SHINKAFI,BIRNIN YARO,MAIWA   /  PRIMARY SCHOOL,36/11/02/009,,,false,https://raw.githubusercontent.com/mykeels/inec-presidential-elections-2023/master/results/37-zamfara\3873-shinkafi\26292-birnin-yaro\polling-units.json
ZAMFARA,SHINKAFI,BIRNIN YARO,SHIYAR JEKADA,36/11/02/012,,,false,https://raw.githubusercontent.com/mykeels/inec-presidential-elections-2023/master/results/37-zamfara\3873-shinkafi\26292-birnin-yaro\polling-units.json
ZAMFARA,SHINKAFI,BIRNIN YARO,SHIYAR MARAFA II,36/11/02/013,,,false,https://raw.githubusercontent.com/mykeels/inec-presidential-elections-2023/master/results/37-zamfara\3873-shinkafi\26292-birnin-yaro\polling-units.json
ZAMFARA,SHINKAFI,BIRNIN YARO,TUBALI BAICE  I / BAICE GARKA,36/11/02/006,,,false,https://raw.githubusercontent.com/mykeels/inec-presidential-elections-2023/master/results/37-zamfara\3873-shinkafi\26292-birnin-yaro\polling-units.json
ZAMFARA,SHINKAFI,BIRNIN YARO,TUBALI BAICE  II / BAICE DAN FILI,36/11/02/007,,,false,https://raw.githubusercontent.com/mykeels/inec-presidential-elections-2023/master/results/37-zamfara\3873-shinkafi\26292-birnin-yaro\polling-units.json
ZAMFARA,SHINKAFI,BIRNIN YARO,TUBALI I   /  PRI. SCH.,36/11/02/005,,,false,https://raw.githubusercontent.com/mykeels/inec-presidential-elections-2023/master/results/37-zamfara\3873-shinkafi\26292-birnin-yaro\polling-units.json
ZAMFARA,SHINKAFI,BIRNIN YARO,TUBALI II / PRIMARY SCHOOL,36/11/02/010,,,false,https://raw.githubusercontent.com/mykeels/inec-presidential-elections-2023/master/results/37-zamfara\3873-shinkafi\26292-birnin-yaro\polling-units.json
ZAMFARA,SHINKAFI,BIRNIN YARO,ZAMAN GIRA / PRIMARY SCHOOL,36/11/02/008,,,false,https://raw.githubusercontent.com/mykeels/inec-presidential-elections-2023/master/results/37-zamfara\3873-shinkafi\26292-birnin-yaro\polling-units.json
ZAMFARA,SHINKAFI,GALADI,BATAMNA  /   PRIMARY SCHOOL,36/11/03/012,https://docs.inecelectionresults.net/elections_prod/1292/state/1/lga/3873/ward/26293/pu/120407/120407-1677689414.pdf,2023-03-01T16:51:00.248Z,false,https://raw.githubusercontent.com/mykeels/inec-presidential-elections-2023/master/results/37-zamfara\3873-shinkafi\26293-galadi\polling-units.json
ZAMFARA,SHINKAFI,GALADI,BULA  /   PRIMARY SCHOOL,36/11/03/015,https://docs.inecelectionresults.net/elections_prod/1292/state/1/lga/3873/ward/26293/pu/120410/120410-1677689562.pdf,2023-03-01T16:53:00.674Z,false,https://raw.githubusercontent.com/mykeels/inec-presidential-elections-2023/master/results/37-zamfara\3873-shinkafi\26293-galadi\polling-units.json
ZAMFARA,SHINKAFI,GALADI,G/NABABBA    /  PRIMARY SCHOOL,36/11/03/014,https://docs.inecelectionresults.net/elections_prod/1292/state/01/lga/11/ward/03/pu/014/014-1677394477.pdf,2023-02-26T06:59:29.164Z,false,https://raw.githubusercontent.com/mykeels/inec-presidential-elections-2023/master/results/37-zamfara\3873-shinkafi\26293-galadi\polling-units.json
ZAMFARA,SHINKAFI,GALADI,GALADI BAICHE PRI. SCH,36/11/03/018,https://docs.inecelectionresults.net/elections_prod/1292/state/1/lga/3873/ward/26293/pu/178360/178360-1677689664.pdf,2023-03-01T16:55:00.332Z,false,https://raw.githubusercontent.com/mykeels/inec-presidential-elections-2023/master/results/37-zamfara\3873-shinkafi\26293-galadi\polling-units.json
ZAMFARA,SHINKAFI,GALADI,GALADI MODEL PRI. SCH.,36/11/03/019,https://docs.inecelectionresults.net/elections_prod/1292/state/01/lga/11/ward/03/pu/019/019-1677405649.pdf,2023-02-26T10:01:02.497Z,false,https://raw.githubusercontent.com/mykeels/inec-presidential-elections-2023/master/results/37-zamfara\3873-shinkafi\26293-galadi\polling-units.json
ZAMFARA,SHINKAFI,GALADI,GIDAN RIJIYA  I   /   PRIMARY SCHOOL,36/11/03/010,https://docs.inecelectionresults.net/elections_prod/1292/state/1/lga/3873/ward/26293/pu/120405/120405-1677689296.pdf,2023-03-01T16:49:00.619Z,false,https://raw.githubusercontent.com/mykeels/inec-presidential-elections-2023/master/results/37-zamfara\3873-shinkafi\26293-galadi\polling-units.json
ZAMFARA,SHINKAFI,GALADI,GIDAN RIJIYA  II   /  PRIMARY SCHOOL,36/11/03/011,https://docs.inecelectionresults.net/elections_prod/1292/state/1/lga/3873/ward/26293/pu/120406/120406-1677689291.pdf,2023-03-01T16:49:00.457Z,false,https://raw.githubusercontent.com/mykeels/inec-presidential-elections-2023/master/results/37-zamfara\3873-shinkafi\26293-galadi\polling-units.json
ZAMFARA,SHINKAFI,GALADI,KABAWA  /  KABAWA CLINIC,36/11/03/007,https://docs.inecelectionresults.net/elections_prod/1292/state/1/lga/3873/ward/26293/pu/120402/120402-1677689052.pdf,2023-03-01T16:45:00.199Z,false,https://raw.githubusercontent.com/mykeels/inec-presidential-elections-2023/master/results/37-zamfara\3873-shinkafi\26293-galadi\polling-units.json
ZAMFARA,SHINKAFI,GALADI,KAGARA GARADI   /   PRIMARY SCHOOL,36/11/03/009,https://docs.inecelectionresults.net/elections_prod/1292/state/01/lga/11/ward/03/pu/009/009-1677395522.pdf,2023-02-26T07:13:01.580Z,false,https://raw.githubusercontent.com/mykeels/inec-presidential-elections-2023/master/results/37-zamfara\3873-shinkafi\26293-galadi\polling-units.json
ZAMFARA,SHINKAFI,GALADI,MAIKAMA RINI   /  PRIMARY SCHOOL,36/11/03/017,https://docs.inecelectionresults.net/elections_prod/1292/state/1/lga/3873/ward/26293/pu/120412/120412-1677689674.pdf,2023-03-01T16:55:00.463Z,false,https://raw.githubusercontent.com/mykeels/inec-presidential-elections-2023/master/results/37-zamfara\3873-shinkafi\26293-galadi\polling-units.json
ZAMFARA,SHINKAFI,GALADI,SABAJE   /  PRIMARY SCHOOL,36/11/03/013,https://docs.inecelectionresults.net/elections_prod/1292/state/1/lga/3873/ward/26293/pu/120408/120408-1677689470.pdf,2023-03-01T16:52:00.327Z,false,https://raw.githubusercontent.com/mykeels/inec-presidential-elections-2023/master/results/37-zamfara\3873-shinkafi\26293-galadi\polling-units.json
ZAMFARA,SHINKAFI,GALADI,SH/ MAGAJI / KAGA RAWA,36/11/03/006,https://docs.inecelectionresults.net/elections_prod/1292/state/1/lga/3873/ward/26293/pu/120401/120401-1677688936.pdf,2023-03-01T16:43:00.941Z,false,https://raw.githubusercontent.com/mykeels/inec-presidential-elections-2023/master/results/37-zamfara\3873-shinkafi\26293-galadi\polling-units.json
ZAMFARA,SHINKAFI,GALADI,SH/ADAMU / MAYAWA,36/11/03/001,https://docs.inecelectionresults.net/elections_prod/1292/state/1/lga/3873/ward/26293/pu/120396/120396-1677688547.pdf,2023-03-01T16:36:00.581Z,false,https://raw.githubusercontent.com/mykeels/inec-presidential-elections-2023/master/results/37-zamfara\3873-shinkafi\26293-galadi\polling-units.json
ZAMFARA,SHINKAFI,GALADI,SH/SABON GARI  / S/ GARI,36/11/03/008,https://docs.inecelectionresults.net/elections_prod/1292/state/1/lga/3873/ward/26293/pu/120403/120403-1677689044.pdf,2023-03-01T16:45:00.117Z,false,https://raw.githubusercontent.com/mykeels/inec-presidential-elections-2023/master/results/37-zamfara\3873-shinkafi\26293-galadi\polling-units.json
ZAMFARA,SHINKAFI,GALADI,SHIYAR  SARKIN YAKI / KADAGE,36/11/03/005,https://docs.inecelectionresults.net/elections_prod/1292/state/1/lga/3873/ward/26293/pu/120400/120400-1677688826.pdf,2023-03-01T16:41:00.728Z,false,https://raw.githubusercontent.com/mykeels/inec-presidential-elections-2023/master/results/37-zamfara\3873-shinkafi\26293-galadi\polling-units.json
ZAMFARA,SHINKAFI,GALADI,SHIYAR AJIYA  / GARKA TUDU,36/11/03/002,https://docs.inecelectionresults.net/elections_prod/1292/state/1/lga/3873/ward/26293/pu/120397/120397-1677688574.pdf,2023-03-01T16:37:00.104Z,false,https://raw.githubusercontent.com/mykeels/inec-presidential-elections-2023/master/results/37-zamfara\3873-shinkafi\26293-galadi\polling-units.json
ZAMFARA,SHINKAFI,GALADI,SHIYAR D/KANE  / GARKA D/KANE,36/11/03/003,https://docs.inecelectionresults.net/elections_prod/1292/state/1/lga/3873/ward/26293/pu/120398/120398-1677688731.pdf,2023-03-01T16:39:00.680Z,false,https://raw.githubusercontent.com/mykeels/inec-presidential-elections-2023/master/results/37-zamfara\3873-shinkafi\26293-galadi\polling-units.json
ZAMFARA,SHINKAFI,GALADI,SHIYAR KURO / GARKA D/KURO,36/11/03/004,https://docs.inecelectionresults.net/elections_prod/1292/state/1/lga/3873/ward/26293/pu/120399/120399-1677688844.pdf,2023-03-01T16:41:00.973Z,false,https://raw.githubusercontent.com/mykeels/inec-presidential-elections-2023/master/results/37-zamfara\3873-shinkafi\26293-galadi\polling-units.json
ZAMFARA,SHINKAFI,GALADI,TANGYALLE  / TANGYALLE ARDO,36/11/03/016,https://docs.inecelectionresults.net/elections_prod/1292/state/1/lga/3873/ward/26293/pu/120411/120411-1677689582.pdf,2023-03-01T16:54:00.119Z,true,https://raw.githubusercontent.com/mykeels/inec-presidential-elections-2023/master/results/37-zamfara\3873-shinkafi\26293-galadi\polling-units.json
ZAMFARA,SHINKAFI,JANGERU,BAICE   /   PRIMARY SCHOOL,36/11/04/012,,,false,https://raw.githubusercontent.com/mykeels/inec-presidential-elections-2023/master/results/37-zamfara\3873-shinkafi\26294-jangeru\polling-units.json
ZAMFARA,SHINKAFI,JANGERU,BAJE I / FILIN MASAU,36/11/04/016,,,false,https://raw.githubusercontent.com/mykeels/inec-presidential-elections-2023/master/results/37-zamfara\3873-shinkafi\26294-jangeru\polling-units.json
ZAMFARA,SHINKAFI,JANGERU,BAJE II / BAJE PRIMARY SCHOOL,36/11/04/017,,,false,https://raw.githubusercontent.com/mykeels/inec-presidential-elections-2023/master/results/37-zamfara\3873-shinkafi\26294-jangeru\polling-units.json
ZAMFARA,SHINKAFI,JANGERU,BAJE III / AMANGAWA,36/11/04/018,,,false,https://raw.githubusercontent.com/mykeels/inec-presidential-elections-2023/master/results/37-zamfara\3873-shinkafi\26294-jangeru\polling-units.json
ZAMFARA,SHINKAFI,JANGERU,JANGERU / PRIMARY SCHOOL,36/11/04/001,,,false,https://raw.githubusercontent.com/mykeels/inec-presidential-elections-2023/master/results/37-zamfara\3873-shinkafi\26294-jangeru\polling-units.json
ZAMFARA,SHINKAFI,JANGERU,JANGERU II/ PRI. SCH,36/11/04/019,,,false,https://raw.githubusercontent.com/mykeels/inec-presidential-elections-2023/master/results/37-zamfara\3873-shinkafi\26294-jangeru\polling-units.json
ZAMFARA,SHINKAFI,JANGERU,KADA ARABA I / KADA ARABA,36/11/04/003,,,false,https://raw.githubusercontent.com/mykeels/inec-presidential-elections-2023/master/results/37-zamfara\3873-shinkafi\26294-jangeru\polling-units.json
ZAMFARA,SHINKAFI,JANGERU,KADA ARABA II  / YAR HERAMA,36/11/04/004,,,false,https://raw.githubusercontent.com/mykeels/inec-presidential-elections-2023/master/results/37-zamfara\3873-shinkafi\26294-jangeru\polling-units.json
ZAMFARA,SHINKAFI,JANGERU,KAYAYE / T/KAYAYE,36/11/04/015,,,false,https://raw.githubusercontent.com/mykeels/inec-presidential-elections-2023/master/results/37-zamfara\3873-shinkafi\26294-jangeru\polling-units.json
ZAMFARA,SHINKAFI,JANGERU,KURYA  /  YAR KURYA,36/11/04/006,,,false,https://raw.githubusercontent.com/mykeels/inec-presidential-elections-2023/master/results/37-zamfara\3873-shinkafi\26294-jangeru\polling-units.json
ZAMFARA,SHINKAFI,JANGERU,MUDA LI'A / MUDALI' A,36/11/04/014,,,false,https://raw.githubusercontent.com/mykeels/inec-presidential-elections-2023/master/results/37-zamfara\3873-shinkafi\26294-jangeru\polling-units.json
ZAMFARA,SHINKAFI,JANGERU,SHIYAR ARNA / SH/ARNA,36/11/04/007,,,false,https://raw.githubusercontent.com/mykeels/inec-presidential-elections-2023/master/results/37-zamfara\3873-shinkafi\26294-jangeru\polling-units.json
ZAMFARA,SHINKAFI,JANGERU,SHIYAR DIKKO / GIDAN DAN ADE,36/11/04/008,,,false,https://raw.githubusercontent.com/mykeels/inec-presidential-elections-2023/master/results/37-zamfara\3873-shinkafi\26294-jangeru\polling-units.json
ZAMFARA,SHINKAFI,JANGERU,SHIYAR GOHE   /  GARKAR ALASAN,36/11/04/011,,,false,https://raw.githubusercontent.com/mykeels/inec-presidential-elections-2023/master/results/37-zamfara\3873-shinkafi\26294-jangeru\polling-units.json
ZAMFARA,SHINKAFI,JANGERU,SHIYAR GOHE MALAM  / SH/ G/ MALAM,36/11/04/009,,,false,https://raw.githubusercontent.com/mykeels/inec-presidential-elections-2023/master/results/37-zamfara\3873-shinkafi\26294-jangeru\polling-units.json
ZAMFARA,SHINKAFI,JANGERU,SHIYAR MAGAJI/SH/ MAGAJI,36/11/04/010,,,false,https://raw.githubusercontent.com/mykeels/inec-presidential-elections-2023/master/results/37-zamfara\3873-shinkafi\26294-jangeru\polling-units.json
ZAMFARA,SHINKAFI,JANGERU,SHIYAR WAKILI / GARKAR MAMMAN WAKILI,36/11/04/013,,,false,https://raw.githubusercontent.com/mykeels/inec-presidential-elections-2023/master/results/37-zamfara\3873-shinkafi\26294-jangeru\polling-units.json
ZAMFARA,SHINKAFI,JANGERU,TSOHUWAR GARKA / JANGERU T/GARKA,36/11/04/002,,,false,https://raw.githubusercontent.com/mykeels/inec-presidential-elections-2023/master/results/37-zamfara\3873-shinkafi\26294-jangeru\polling-units.json
ZAMFARA,SHINKAFI,JANGERU,YAR BALASO  / YAR BALASO,36/11/04/005,,,false,https://raw.githubusercontent.com/mykeels/inec-presidential-elections-2023/master/results/37-zamfara\3873-shinkafi\26294-jangeru\polling-units.json
ZAMFARA,SHINKAFI,KATURU,ANGAWA /BAKIN BUGA BUGA,36/11/05/012,,,false,https://raw.githubusercontent.com/mykeels/inec-presidential-elections-2023/master/results/37-zamfara\3873-shinkafi\26295-katuru\polling-units.json
ZAMFARA,SHINKAFI,KATURU,BARKA DA YABO   /  PRIMARY SCHOOL,36/11/05/006,,,false,https://raw.githubusercontent.com/mykeels/inec-presidential-elections-2023/master/results/37-zamfara\3873-shinkafi\26295-katuru\polling-units.json
ZAMFARA,SHINKAFI,KATURU,GARIN GOGA   /  PRIMARY SCHOOL,36/11/05/005,,,false,https://raw.githubusercontent.com/mykeels/inec-presidential-elections-2023/master/results/37-zamfara\3873-shinkafi\26295-katuru\polling-units.json
ZAMFARA,SHINKAFI,KATURU,GARKAR GAMBU,36/11/05/014,,,false,https://raw.githubusercontent.com/mykeels/inec-presidential-elections-2023/master/results/37-zamfara\3873-shinkafi\26295-katuru\polling-units.json
ZAMFARA,SHINKAFI,KATURU,JANUHU   /   PRIMARY SCHOOL,36/11/05/011,,,false,https://raw.githubusercontent.com/mykeels/inec-presidential-elections-2023/master/results/37-zamfara\3873-shinkafi\26295-katuru\polling-units.json
ZAMFARA,SHINKAFI,KATURU,KAFIN MAZUGA   /  PRIMARY SCHOOL,36/11/05/007,,,false,https://raw.githubusercontent.com/mykeels/inec-presidential-elections-2023/master/results/37-zamfara\3873-shinkafi\26295-katuru\polling-units.json
ZAMFARA,SHINKAFI,KATURU,MALLAMAWA   /  PRIMARY SCHOOL,36/11/05/009,,,false,https://raw.githubusercontent.com/mykeels/inec-presidential-elections-2023/master/results/37-zamfara\3873-shinkafi\26295-katuru\polling-units.json
ZAMFARA,SHINKAFI,KATURU,SH. AUDU II/KATURU PRI SCH,36/11/05/015,,,false,https://raw.githubusercontent.com/mykeels/inec-presidential-elections-2023/master/results/37-zamfara\3873-shinkafi\26295-katuru\polling-units.json
ZAMFARA,SHINKAFI,KATURU,SHIYAR AUDU / KATURU PRIMARY SCHOOL,36/11/05/003,,,false,https://raw.githubusercontent.com/mykeels/inec-presidential-elections-2023/master/results/37-zamfara\3873-shinkafi\26295-katuru\polling-units.json
ZAMFARA,SHINKAFI,KATURU,SHIYAR BARAYA I  / SH/BARAYA AREA,36/11/05/001,,,false,https://raw.githubusercontent.com/mykeels/inec-presidential-elections-2023/master/results/37-zamfara\3873-shinkafi\26295-katuru\polling-units.json
ZAMFARA,SHINKAFI,KATURU,SHIYAR BARAYA II / KATURU PRIMARY SCHOOL,36/11/05/004,,,false,https://raw.githubusercontent.com/mykeels/inec-presidential-elections-2023/master/results/37-zamfara\3873-shinkafi\26295-katuru\polling-units.json
ZAMFARA,SHINKAFI,KATURU,SHIYAR GOBIRAWA,36/11/05/013,,,false,https://raw.githubusercontent.com/mykeels/inec-presidential-elections-2023/master/results/37-zamfara\3873-shinkafi\26295-katuru\polling-units.json
ZAMFARA,SHINKAFI,KATURU,SHIYAR NA'UMMA / KATURU,36/11/05/002,,,false,https://raw.githubusercontent.com/mykeels/inec-presidential-elections-2023/master/results/37-zamfara\3873-shinkafi\26295-katuru\polling-units.json
ZAMFARA,SHINKAFI,KATURU,T/KAHAU   /   PRIMARY SCHOOL,36/11/05/010,,,false,https://raw.githubusercontent.com/mykeels/inec-presidential-elections-2023/master/results/37-zamfara\3873-shinkafi\26295-katuru\polling-units.json
ZAMFARA,SHINKAFI,KATURU,ZANGON   HASSI /  ZANGO,36/11/05/008,,,false,https://raw.githubusercontent.com/mykeels/inec-presidential-elections-2023/master/results/37-zamfara\3873-shinkafi\26295-katuru\polling-units.json
ZAMFARA,SHINKAFI,KURYA,BAGARE  PRIMARY SCHOOL,36/11/07/005,,,false,https://raw.githubusercontent.com/mykeels/inec-presidential-elections-2023/master/results/37-zamfara\3873-shinkafi\26297-kurya\polling-units.json
ZAMFARA,SHINKAFI,KURYA,BALELA / PRIMARY SCHOOL,36/11/07/009,,,false,https://raw.githubusercontent.com/mykeels/inec-presidential-elections-2023/master/results/37-zamfara\3873-shinkafi\26297-kurya\polling-units.json
ZAMFARA,SHINKAFI,KURYA,DAKWARAWA / PRIMARY SCHOOL,36/11/07/004,,,false,https://raw.githubusercontent.com/mykeels/inec-presidential-elections-2023/master/results/37-zamfara\3873-shinkafi\26297-kurya\polling-units.json
ZAMFARA,SHINKAFI,KURYA,FAKAI I / LIMAWA FAKAI,36/11/07/007,,,false,https://raw.githubusercontent.com/mykeels/inec-presidential-elections-2023/master/results/37-zamfara\3873-shinkafi\26297-kurya\polling-units.json
ZAMFARA,SHINKAFI,KURYA,FAKAI II / FAKAI PRIMARY SCHOOL,36/11/07/008,,,false,https://raw.githubusercontent.com/mykeels/inec-presidential-elections-2023/master/results/37-zamfara\3873-shinkafi\26297-kurya\polling-units.json
ZAMFARA,SHINKAFI,KURYA,GANGARA I / PRIMARY SCHOOL,36/11/07/006,,,false,https://raw.githubusercontent.com/mykeels/inec-presidential-elections-2023/master/results/37-zamfara\3873-shinkafi\26297-kurya\polling-units.json
ZAMFARA,SHINKAFI,KURYA,GANGARA II / SHIYAR DUTSI,36/11/07/011,,,false,https://raw.githubusercontent.com/mykeels/inec-presidential-elections-2023/master/results/37-zamfara\3873-shinkafi\26297-kurya\polling-units.json
ZAMFARA,SHINKAFI,KURYA,GANGARA III/PRI. SCH,36/11/07/014,,,false,https://raw.githubusercontent.com/mykeels/inec-presidential-elections-2023/master/results/37-zamfara\3873-shinkafi\26297-kurya\polling-units.json
ZAMFARA,SHINKAFI,KURYA,JAFANA PRIMARY SCHOOL,36/11/07/013,,,false,https://raw.githubusercontent.com/mykeels/inec-presidential-elections-2023/master/results/37-zamfara\3873-shinkafi\26297-kurya\polling-units.json
ZAMFARA,SHINKAFI,KURYA,KATSIRA / PRIMARY SCHOOL,36/11/07/010,,,false,https://raw.githubusercontent.com/mykeels/inec-presidential-elections-2023/master/results/37-zamfara\3873-shinkafi\26297-kurya\polling-units.json
ZAMFARA,SHINKAFI,KURYA,SH. MAGAJI/KURYA PRI. SCH,36/11/07/012,,,false,https://raw.githubusercontent.com/mykeels/inec-presidential-elections-2023/master/results/37-zamfara\3873-shinkafi\26297-kurya\polling-units.json
ZAMFARA,SHINKAFI,KURYA,SH/MAGAJI / KURYA PRIMARY SCHOOL,36/11/07/001,,,false,https://raw.githubusercontent.com/mykeels/inec-presidential-elections-2023/master/results/37-zamfara\3873-shinkafi\26297-kurya\polling-units.json
ZAMFARA,SHINKAFI,KURYA,SH/S/RAFI / FILIN YAR KOFA,36/11/07/002,,,false,https://raw.githubusercontent.com/mykeels/inec-presidential-elections-2023/master/results/37-zamfara\3873-shinkafi\26297-kurya\polling-units.json
ZAMFARA,SHINKAFI,KURYA,T/KOLO / PRIMARY SCHOOL,36/11/07/003,,,false,https://raw.githubusercontent.com/mykeels/inec-presidential-elections-2023/master/results/37-zamfara\3873-shinkafi\26297-kurya\polling-units.json
ZAMFARA,SHINKAFI,KWARE,ASARARA / PRIMARY SCHOOL,36/11/06/006,https://docs.inecelectionresults.net/elections_prod/1292/state/01/lga/11/ward/06/pu/006/006-1677370028.pdf,2023-02-26T00:08:00.984Z,false,https://raw.githubusercontent.com/mykeels/inec-presidential-elections-2023/master/results/37-zamfara\3873-shinkafi\26296-kware\polling-units.json
ZAMFARA,SHINKAFI,KWARE,ATARAWA / PRIMARY SCHOOL,36/11/06/007,,,false,https://raw.githubusercontent.com/mykeels/inec-presidential-elections-2023/master/results/37-zamfara\3873-shinkafi\26296-kware\polling-units.json
ZAMFARA,SHINKAFI,KWARE,GIDAN ACHALI / PRIMARY SCHOOL,36/11/06/009,,,false,https://raw.githubusercontent.com/mykeels/inec-presidential-elections-2023/master/results/37-zamfara\3873-shinkafi\26296-kware\polling-units.json
ZAMFARA,SHINKAFI,KWARE,GOBIRAWA / GARKAR YAR KOFA,36/11/06/005,,,false,https://raw.githubusercontent.com/mykeels/inec-presidential-elections-2023/master/results/37-zamfara\3873-shinkafi\26296-kware\polling-units.json
ZAMFARA,SHINKAFI,KWARE,J.S.S KWARE IV/SHIYAR ARNA,36/11/06/013,,,false,https://raw.githubusercontent.com/mykeels/inec-presidential-elections-2023/master/results/37-zamfara\3873-shinkafi\26296-kware\polling-units.json
ZAMFARA,SHINKAFI,KWARE,J.S.S. KWARE I / J.S.S. KWARE,36/11/06/003,,,false,https://raw.githubusercontent.com/mykeels/inec-presidential-elections-2023/master/results/37-zamfara\3873-shinkafi\26296-kware\polling-units.json
ZAMFARA,SHINKAFI,KWARE,J.S.S. KWARE II / GARKAR GALADIMA,36/11/06/004,https://docs.inecelectionresults.net/elections_prod/1292/state/01/lga/11/ward/06/pu/004/004-1677384225.pdf,2023-02-26T04:04:01.322Z,false,https://raw.githubusercontent.com/mykeels/inec-presidential-elections-2023/master/results/37-zamfara\3873-shinkafi\26296-kware\polling-units.json
ZAMFARA,SHINKAFI,KWARE,KANWURI KWARE,36/11/06/011,,,false,https://raw.githubusercontent.com/mykeels/inec-presidential-elections-2023/master/results/37-zamfara\3873-shinkafi\26296-kware\polling-units.json
ZAMFARA,SHINKAFI,KWARE,KUKAR BANDA / DAN FILI,36/11/06/008,,,false,https://raw.githubusercontent.com/mykeels/inec-presidential-elections-2023/master/results/37-zamfara\3873-shinkafi\26296-kware\polling-units.json
ZAMFARA,SHINKAFI,KWARE,KURSASA / PRIMARY SCHOOL,36/11/06/010,,,false,https://raw.githubusercontent.com/mykeels/inec-presidential-elections-2023/master/results/37-zamfara\3873-shinkafi\26296-kware\polling-units.json
ZAMFARA,SHINKAFI,KWARE,KURSASA/PRI SCHOOL,36/11/06/015,,,false,https://raw.githubusercontent.com/mykeels/inec-presidential-elections-2023/master/results/37-zamfara\3873-shinkafi\26296-kware\polling-units.json
ZAMFARA,SHINKAFI,KWARE,SH.MAGAJI III/KWARE PRI SCH,36/11/06/012,,,false,https://raw.githubusercontent.com/mykeels/inec-presidential-elections-2023/master/results/37-zamfara\3873-shinkafi\26296-kware\polling-units.json
ZAMFARA,SHINKAFI,KWARE,SH/MAGAJI I / BAKIN KASUWA,36/11/06/001,,,false,https://raw.githubusercontent.com/mykeels/inec-presidential-elections-2023/master/results/37-zamfara\3873-shinkafi\26296-kware\polling-units.json
ZAMFARA,SHINKAFI,KWARE,SH/MAGAJI II / KWARE PRI. SCH.,36/11/06/002,,,false,https://raw.githubusercontent.com/mykeels/inec-presidential-elections-2023/master/results/37-zamfara\3873-shinkafi\26296-kware\polling-units.json
ZAMFARA,SHINKAFI,KWARE,TUNGAR DAN MADA PRI. SCH,36/11/06/014,,,false,https://raw.githubusercontent.com/mykeels/inec-presidential-elections-2023/master/results/37-zamfara\3873-shinkafi\26296-kware\polling-units.json
ZAMFARA,SHINKAFI,SHANAWA,AJIYAWA   /  PRIMARY SCHOOL.,36/11/10/006,,,false,https://raw.githubusercontent.com/mykeels/inec-presidential-elections-2023/master/results/37-zamfara\3873-shinkafi\26300-shanawa\polling-units.json
ZAMFARA,SHINKAFI,SHANAWA,SHIYAR AJIYA I / SHANAWA PRIMARY SCHOOL,36/11/10/004,,,false,https://raw.githubusercontent.com/mykeels/inec-presidential-elections-2023/master/results/37-zamfara\3873-shinkafi\26300-shanawa\polling-units.json
ZAMFARA,SHINKAFI,SHANAWA,SHIYAR AJIYA II / BAKIN KASUWA,36/11/10/005,,,false,https://raw.githubusercontent.com/mykeels/inec-presidential-elections-2023/master/results/37-zamfara\3873-shinkafi\26300-shanawa\polling-units.json
ZAMFARA,SHINKAFI,SHANAWA,SHIYAR GALADIMA I / SHANAWA DISPENSARY,36/11/10/001,,,false,https://raw.githubusercontent.com/mykeels/inec-presidential-elections-2023/master/results/37-zamfara\3873-shinkafi\26300-shanawa\polling-units.json
ZAMFARA,SHINKAFI,SHANAWA,SHIYAR GALADIMA II   /  CENTRE,36/11/10/002,,,false,https://raw.githubusercontent.com/mykeels/inec-presidential-elections-2023/master/results/37-zamfara\3873-shinkafi\26300-shanawa\polling-units.json
ZAMFARA,SHINKAFI,SHANAWA,SHIYAR GALADIMA II / SHANAWA DISPENSARY,36/11/10/007,,,false,https://raw.githubusercontent.com/mykeels/inec-presidential-elections-2023/master/results/37-zamfara\3873-shinkafi\26300-shanawa\polling-units.json
ZAMFARA,SHINKAFI,SHANAWA,SHIYAR RAHAJE / KWAKWARA,36/11/10/003,,,false,https://raw.githubusercontent.com/mykeels/inec-presidential-elections-2023/master/results/37-zamfara\3873-shinkafi\26300-shanawa\polling-units.json
ZAMFARA,SHINKAFI,SHINKAFI NORTH,BAKIN KASUWA,36/11/08/026,,,false,https://raw.githubusercontent.com/mykeels/inec-presidential-elections-2023/master/results/37-zamfara\3873-shinkafi\26298-shinkafi-north\polling-units.json
ZAMFARA,SHINKAFI,SHINKAFI NORTH,BAKIN ROUND ABOUT,36/11/08/031,https://docs.inecelectionresults.net/elections_prod/1292/state/01/lga/11/ward/08/pu/031/031-1677377386.pdf,2023-02-26T02:10:00.757Z,false,https://raw.githubusercontent.com/mykeels/inec-presidential-elections-2023/master/results/37-zamfara\3873-shinkafi\26298-shinkafi-north\polling-units.json
ZAMFARA,SHINKAFI,SHINKAFI NORTH,BAYAN GIDAN CUSTOM,36/11/08/036,,,false,https://raw.githubusercontent.com/mykeels/inec-presidential-elections-2023/master/results/37-zamfara\3873-shinkafi\26298-shinkafi-north\polling-units.json
ZAMFARA,SHINKAFI,SHINKAFI NORTH,FUSHIN GINA I / GARKAR ALH. BALA,36/11/08/003,https://docs.inecelectionresults.net/elections_prod/1292/state/01/lga/11/ward/08/pu/003/003-1677378284.pdf,2023-02-26T02:25:00.975Z,false,https://raw.githubusercontent.com/mykeels/inec-presidential-elections-2023/master/results/37-zamfara\3873-shinkafi\26298-shinkafi-north\polling-units.json
ZAMFARA,SHINKAFI,SHINKAFI NORTH,FUSHIN GINA II / GARKAR D/ABU,36/11/08/004,,,false,https://raw.githubusercontent.com/mykeels/inec-presidential-elections-2023/master/results/37-zamfara\3873-shinkafi\26298-shinkafi-north\polling-units.json
ZAMFARA,SHINKAFI,SHINKAFI NORTH,G.S.S RAKA SHINKAFI,36/11/08/037,,,false,https://raw.githubusercontent.com/mykeels/inec-presidential-elections-2023/master/results/37-zamfara\3873-shinkafi\26298-shinkafi-north\polling-units.json
ZAMFARA,SHINKAFI,SHINKAFI NORTH,GANUWA / GARKAR MAI BUHU,36/11/08/005,,,false,https://raw.githubusercontent.com/mykeels/inec-presidential-elections-2023/master/results/37-zamfara\3873-shinkafi\26298-shinkafi-north\polling-units.json
ZAMFARA,SHINKAFI,SHINKAFI NORTH,GARKAR DAMU,36/11/08/034,,,false,https://raw.githubusercontent.com/mykeels/inec-presidential-elections-2023/master/results/37-zamfara\3873-shinkafi\26298-shinkafi-north\polling-units.json
ZAMFARA,SHINKAFI,SHINKAFI NORTH,GARKAR DAN MAKWAJE,36/11/08/033,,,false,https://raw.githubusercontent.com/mykeels/inec-presidential-elections-2023/master/results/37-zamfara\3873-shinkafi\26298-shinkafi-north\polling-units.json
ZAMFARA,SHINKAFI,SHINKAFI NORTH,GIDAN YALO / GARKAR MAMMAN YALO,36/11/08/016,,,false,https://raw.githubusercontent.com/mykeels/inec-presidential-elections-2023/master/results/37-zamfara\3873-shinkafi\26298-shinkafi-north\polling-units.json
ZAMFARA,SHINKAFI,SHINKAFI NORTH,KULLIYA,36/11/08/032,,,false,https://raw.githubusercontent.com/mykeels/inec-presidential-elections-2023/master/results/37-zamfara\3873-shinkafi\26298-shinkafi-north\polling-units.json
ZAMFARA,SHINKAFI,SHINKAFI NORTH,MAGAJI DANGO   II /  PRIMARY SCHOOL,36/11/08/007,,,false,https://raw.githubusercontent.com/mykeels/inec-presidential-elections-2023/master/results/37-zamfara\3873-shinkafi\26298-shinkafi-north\polling-units.json
ZAMFARA,SHINKAFI,SHINKAFI NORTH,MAGAJI DANGO   III  / PRIMARY SCHOOL,36/11/08/008,,,false,https://raw.githubusercontent.com/mykeels/inec-presidential-elections-2023/master/results/37-zamfara\3873-shinkafi\26298-shinkafi-north\polling-units.json
ZAMFARA,SHINKAFI,SHINKAFI NORTH,MAGAJI DANGO  I  /  PRIMARY SCHOOL,36/11/08/006,,,false,https://raw.githubusercontent.com/mykeels/inec-presidential-elections-2023/master/results/37-zamfara\3873-shinkafi\26298-shinkafi-north\polling-units.json
ZAMFARA,SHINKAFI,SHINKAFI NORTH,MAGAJI DANGO  IV  / PRIMARY SCHOOL,36/11/08/009,,,false,https://raw.githubusercontent.com/mykeels/inec-presidential-elections-2023/master/results/37-zamfara\3873-shinkafi\26298-shinkafi-north\polling-units.json
ZAMFARA,SHINKAFI,SHINKAFI NORTH,MAGAJI DANGO V/ PRI SCH,36/11/08/028,,,false,https://raw.githubusercontent.com/mykeels/inec-presidential-elections-2023/master/results/37-zamfara\3873-shinkafi\26298-shinkafi-north\polling-units.json
ZAMFARA,SHINKAFI,SHINKAFI NORTH,MAGAJI DANGO VI PRI SCH,36/11/08/029,,,false,https://raw.githubusercontent.com/mykeels/inec-presidential-elections-2023/master/results/37-zamfara\3873-shinkafi\26298-shinkafi-north\polling-units.json
ZAMFARA,SHINKAFI,SHINKAFI NORTH,MAGAJI DANGO VII PRI SCH,36/11/08/030,,,false,https://raw.githubusercontent.com/mykeels/inec-presidential-elections-2023/master/results/37-zamfara\3873-shinkafi\26298-shinkafi-north\polling-units.json
ZAMFARA,SHINKAFI,SHINKAFI NORTH,MARNA I / MAKARANTA,36/11/08/015,,,false,https://raw.githubusercontent.com/mykeels/inec-presidential-elections-2023/master/results/37-zamfara\3873-shinkafi\26298-shinkafi-north\polling-units.json
ZAMFARA,SHINKAFI,SHINKAFI NORTH,MARNA II / BAKIN MARINA SAULE,36/11/08/017,,,false,https://raw.githubusercontent.com/mykeels/inec-presidential-elections-2023/master/results/37-zamfara\3873-shinkafi\26298-shinkafi-north\polling-units.json
ZAMFARA,SHINKAFI,SHINKAFI NORTH,PHILMORE,36/11/08/024,,,false,https://raw.githubusercontent.com/mykeels/inec-presidential-elections-2023/master/results/37-zamfara\3873-shinkafi\26298-shinkafi-north\polling-units.json
ZAMFARA,SHINKAFI,SHINKAFI NORTH,RUMFAR ADA TABBA,36/11/08/035,,,false,https://raw.githubusercontent.com/mykeels/inec-presidential-elections-2023/master/results/37-zamfara\3873-shinkafi\26298-shinkafi-north\polling-units.json
ZAMFARA,SHINKAFI,SHINKAFI NORTH,SABON GARWA  /  PRIMARY SCHOOL,36/11/08/022,,,false,https://raw.githubusercontent.com/mykeels/inec-presidential-elections-2023/master/results/37-zamfara\3873-shinkafi\26298-shinkafi-north\polling-units.json
ZAMFARA,SHINKAFI,SHINKAFI NORTH,SCIENCE SHINKAFI,36/11/08/027,,,false,https://raw.githubusercontent.com/mykeels/inec-presidential-elections-2023/master/results/37-zamfara\3873-shinkafi\26298-shinkafi-north\polling-units.json
ZAMFARA,SHINKAFI,SHINKAFI NORTH,SHIYAR AJIYA  / SH/AJIYA,36/11/08/018,,,false,https://raw.githubusercontent.com/mykeels/inec-presidential-elections-2023/master/results/37-zamfara\3873-shinkafi\26298-shinkafi-north\polling-units.json
ZAMFARA,SHINKAFI,SHINKAFI NORTH,SHIYAR YAR ADUWA   /  YAR ADUWA,36/11/08/021,,,false,https://raw.githubusercontent.com/mykeels/inec-presidential-elections-2023/master/results/37-zamfara\3873-shinkafi\26298-shinkafi-north\polling-units.json
ZAMFARA,SHINKAFI,SHINKAFI NORTH,T/ADAMBO / BAKIN COMM. BANK,36/11/08/010,,,false,https://raw.githubusercontent.com/mykeels/inec-presidential-elections-2023/master/results/37-zamfara\3873-shinkafi\26298-shinkafi-north\polling-units.json
ZAMFARA,SHINKAFI,SHINKAFI NORTH,TASHAR MADUWA /BAKIN TASHA,36/11/08/001,,,false,https://raw.githubusercontent.com/mykeels/inec-presidential-elections-2023/master/results/37-zamfara\3873-shinkafi\26298-shinkafi-north\polling-units.json
ZAMFARA,SHINKAFI,SHINKAFI NORTH,WATER BOARD,36/11/08/023,,,false,https://raw.githubusercontent.com/mykeels/inec-presidential-elections-2023/master/results/37-zamfara\3873-shinkafi\26298-shinkafi-north\polling-units.json
ZAMFARA,SHINKAFI,SHINKAFI NORTH,YAN KUKOKI I / GIDAN ADDO,36/11/08/013,,,false,https://raw.githubusercontent.com/mykeels/inec-presidential-elections-2023/master/results/37-zamfara\3873-shinkafi\26298-shinkafi-north\polling-units.json
ZAMFARA,SHINKAFI,SHINKAFI NORTH,YAN KUKOKI II / YAN KUKOKI,36/11/08/014,,,false,https://raw.githubusercontent.com/mykeels/inec-presidential-elections-2023/master/results/37-zamfara\3873-shinkafi\26298-shinkafi-north\polling-units.json
ZAMFARA,SHINKAFI,SHINKAFI NORTH,YAR ADUWA I / SABUWA,36/11/08/011,,,false,https://raw.githubusercontent.com/mykeels/inec-presidential-elections-2023/master/results/37-zamfara\3873-shinkafi\26298-shinkafi-north\polling-units.json
ZAMFARA,SHINKAFI,SHINKAFI NORTH,YAR ADUWA II / TSOHUWA,36/11/08/012,,,false,https://raw.githubusercontent.com/mykeels/inec-presidential-elections-2023/master/results/37-zamfara\3873-shinkafi\26298-shinkafi-north\polling-units.json
ZAMFARA,SHINKAFI,SHINKAFI NORTH,YAR MARECE I / YAN HAYA,36/11/08/019,,,false,https://raw.githubusercontent.com/mykeels/inec-presidential-elections-2023/master/results/37-zamfara\3873-shinkafi\26298-shinkafi-north\polling-units.json
ZAMFARA,SHINKAFI,SHINKAFI NORTH,YAR MARECE II / GARAGE,36/11/08/020,,,false,https://raw.githubusercontent.com/mykeels/inec-presidential-elections-2023/master/results/37-zamfara\3873-shinkafi\26298-shinkafi-north\polling-units.json
ZAMFARA,SHINKAFI,SHINKAFI NORTH,YAR SHANTALI / N.T.C,36/11/08/002,,,false,https://raw.githubusercontent.com/mykeels/inec-presidential-elections-2023/master/results/37-zamfara\3873-shinkafi\26298-shinkafi-north\polling-units.json
ZAMFARA,SHINKAFI,SHINKAFI NORTH,YAR SHANTALI II/N.T.C,36/11/08/025,,,false,https://raw.githubusercontent.com/mykeels/inec-presidential-elections-2023/master/results/37-zamfara\3873-shinkafi\26298-shinkafi-north\polling-units.json
ZAMFARA,SHINKAFI,SHINKAFI SOUTH,ALI B.C.J PIMARY SCHOOL,36/11/09/017,,,false,https://raw.githubusercontent.com/mykeels/inec-presidential-elections-2023/master/results/37-zamfara\3873-shinkafi\26299-shinkafi-south\polling-units.json
ZAMFARA,SHINKAFI,SHINKAFI SOUTH,BAKIN ELF FILLING STATION,36/11/09/014,,,false,https://raw.githubusercontent.com/mykeels/inec-presidential-elections-2023/master/results/37-zamfara\3873-shinkafi\26299-shinkafi-south\polling-units.json
ZAMFARA,SHINKAFI,SHINKAFI SOUTH,BAKIN YAN MAHAUTA,36/11/09/013,,,false,https://raw.githubusercontent.com/mykeels/inec-presidential-elections-2023/master/results/37-zamfara\3873-shinkafi\26299-shinkafi-south\polling-units.json
ZAMFARA,SHINKAFI,SHINKAFI SOUTH,FEGEN GARA I / BAKIN GAWO,36/11/09/003,,,false,https://raw.githubusercontent.com/mykeels/inec-presidential-elections-2023/master/results/37-zamfara\3873-shinkafi\26299-shinkafi-south\polling-units.json
ZAMFARA,SHINKAFI,SHINKAFI SOUTH,FEGEN GARA II / BAKIN ELF FILING STATION,36/11/09/004,,,false,https://raw.githubusercontent.com/mykeels/inec-presidential-elections-2023/master/results/37-zamfara\3873-shinkafi\26299-shinkafi-south\polling-units.json
ZAMFARA,SHINKAFI,SHINKAFI SOUTH,FEGEN GARA III / B/GIDAN SHAMBA,36/11/09/005,,,false,https://raw.githubusercontent.com/mykeels/inec-presidential-elections-2023/master/results/37-zamfara\3873-shinkafi\26299-shinkafi-south\polling-units.json
ZAMFARA,SHINKAFI,SHINKAFI SOUTH,FEGEN GARA IV / VET. OFFICE,36/11/09/006,,,false,https://raw.githubusercontent.com/mykeels/inec-presidential-elections-2023/master/results/37-zamfara\3873-shinkafi\26299-shinkafi-south\polling-units.json
ZAMFARA,SHINKAFI,SHINKAFI SOUTH,FILIN YAN SANDA,36/11/09/016,,,false,https://raw.githubusercontent.com/mykeels/inec-presidential-elections-2023/master/results/37-zamfara\3873-shinkafi\26299-shinkafi-south\polling-units.json
ZAMFARA,SHINKAFI,SHINKAFI SOUTH,GARKAR GURAGURI,36/11/09/011,,,false,https://raw.githubusercontent.com/mykeels/inec-presidential-elections-2023/master/results/37-zamfara\3873-shinkafi\26299-shinkafi-south\polling-units.json
ZAMFARA,SHINKAFI,SHINKAFI SOUTH,KOFAR YAN DOYA,36/11/09/015,,,false,https://raw.githubusercontent.com/mykeels/inec-presidential-elections-2023/master/results/37-zamfara\3873-shinkafi\26299-shinkafi-south\polling-units.json
ZAMFARA,SHINKAFI,SHINKAFI SOUTH,MABERAYA  I / MABERAYA PRIMARY SCHOOL,36/11/09/009,,,false,https://raw.githubusercontent.com/mykeels/inec-presidential-elections-2023/master/results/37-zamfara\3873-shinkafi\26299-shinkafi-south\polling-units.json
ZAMFARA,SHINKAFI,SHINKAFI SOUTH,MABERAYA II / MABERAYA PRIMARY SCHOOL,36/11/09/010,,,false,https://raw.githubusercontent.com/mykeels/inec-presidential-elections-2023/master/results/37-zamfara\3873-shinkafi\26299-shinkafi-south\polling-units.json
ZAMFARA,SHINKAFI,SHINKAFI SOUTH,MABERAYA III/PRI. SCH,36/11/09/020,,,false,https://raw.githubusercontent.com/mykeels/inec-presidential-elections-2023/master/results/37-zamfara\3873-shinkafi\26299-shinkafi-south\polling-units.json
ZAMFARA,SHINKAFI,SHINKAFI SOUTH,SABON GARI I / GURAGURI PRI SCH.,36/11/09/007,,,false,https://raw.githubusercontent.com/mykeels/inec-presidential-elections-2023/master/results/37-zamfara\3873-shinkafi\26299-shinkafi-south\polling-units.json
ZAMFARA,SHINKAFI,SHINKAFI SOUTH,SABON GARI II / GURAGURI PRIMARY SCHOOL,36/11/09/008,,,false,https://raw.githubusercontent.com/mykeels/inec-presidential-elections-2023/master/results/37-zamfara\3873-shinkafi\26299-shinkafi-south\polling-units.json
ZAMFARA,SHINKAFI,SHINKAFI SOUTH,SABON GARI III/GURA GURI PRI,36/11/09/018,https://docs.inecelectionresults.net/elections_prod/1292/state/01/lga/11/ward/09/pu/018/018-1677364932.pdf,2023-02-25T22:43:01.240Z,false,https://raw.githubusercontent.com/mykeels/inec-presidential-elections-2023/master/results/37-zamfara\3873-shinkafi\26299-shinkafi-south\polling-units.json
ZAMFARA,SHINKAFI,SHINKAFI SOUTH,SABON GARI IV/ GURA GURI PRI SCH,36/11/09/019,,,false,https://raw.githubusercontent.com/mykeels/inec-presidential-elections-2023/master/results/37-zamfara\3873-shinkafi\26299-shinkafi-south\polling-units.json
ZAMFARA,SHINKAFI,SHINKAFI SOUTH,SHIYAR ARA,36/11/09/012,,,false,https://raw.githubusercontent.com/mykeels/inec-presidential-elections-2023/master/results/37-zamfara\3873-shinkafi\26299-shinkafi-south\polling-units.json
ZAMFARA,SHINKAFI,SHINKAFI SOUTH,YAR KOFA I / MUDALIA AREA,36/11/09/001,,,false,https://raw.githubusercontent.com/mykeels/inec-presidential-elections-2023/master/results/37-zamfara\3873-shinkafi\26299-shinkafi-south\polling-units.json
ZAMFARA,SHINKAFI,SHINKAFI SOUTH,YAR KOFA II   /   B/GIDA MAI TURARE,36/11/09/002,,,false,https://raw.githubusercontent.com/mykeels/inec-presidential-elections-2023/master/results/37-zamfara\3873-shinkafi\26299-shinkafi-south\polling-units.json
ZAMFARA,TALATA MAFARA,GARBADU,DALAM   /   PRIMARY SCHOOL,36/12/01/008,https://docs.inecelectionresults.net/elections_prod/1292/state/1/lga/3874/ward/26301/pu/120508/120508-1677693116.pdf,2023-03-01T17:53:01.259Z,true,https://raw.githubusercontent.com/mykeels/inec-presidential-elections-2023/master/results/37-zamfara\3874-talata-mafara\26301-garbadu\polling-units.json
ZAMFARA,TALATA MAFARA,GARBADU,DAN KABALI   /  SHIYAR  SABON GARI,36/12/01/013,https://docs.inecelectionresults.net/elections_prod/1292/state/1/lga/3874/ward/26301/pu/120513/120513-1677692450.pdf,2023-03-01T17:41:00.617Z,false,https://raw.githubusercontent.com/mykeels/inec-presidential-elections-2023/master/results/37-zamfara\3874-talata-mafara\26301-garbadu\polling-units.json
ZAMFARA,TALATA MAFARA,GARBADU,DUTSIN KURA    /   SHIYAR HAKIMI,36/12/01/006,,,false,https://raw.githubusercontent.com/mykeels/inec-presidential-elections-2023/master/results/37-zamfara\3874-talata-mafara\26301-garbadu\polling-units.json
ZAMFARA,TALATA MAFARA,GARBADU,MASSA   /  PRIMARY SCHOOL,36/12/01/007,https://docs.inecelectionresults.net/elections_prod/1292/state/1/lga/3874/ward/26301/pu/120507/120507-1677690463.pdf,2023-03-01T17:08:00.676Z,false,https://raw.githubusercontent.com/mykeels/inec-presidential-elections-2023/master/results/37-zamfara\3874-talata-mafara\26301-garbadu\polling-units.json
ZAMFARA,TALATA MAFARA,GARBADU,RAHA / PRIMARY SCHOOL.,36/12/01/004,,,false,https://raw.githubusercontent.com/mykeels/inec-presidential-elections-2023/master/results/37-zamfara\3874-talata-mafara\26301-garbadu\polling-units.json
ZAMFARA,TALATA MAFARA,GARBADU,SABON GARI / GARBADU PRIMARY SCHOOL,36/12/01/011,,,false,https://raw.githubusercontent.com/mykeels/inec-presidential-elections-2023/master/results/37-zamfara\3874-talata-mafara\26301-garbadu\polling-units.json
ZAMFARA,TALATA MAFARA,GARBADU,SABON GARI II/ ASIBITI PRI HEALTH CARE GARBADU,36/12/01/014,,,false,https://raw.githubusercontent.com/mykeels/inec-presidential-elections-2023/master/results/37-zamfara\3874-talata-mafara\26301-garbadu\polling-units.json
ZAMFARA,TALATA MAFARA,GARBADU,SH/MAGAJI   / VILLAGE  HEAD OFFICE,36/12/01/001,https://docs.inecelectionresults.net/elections_prod/1292/state/1/lga/3874/ward/26301/pu/120501/120501-1677688331.pdf,2023-03-01T16:33:00.463Z,false,https://raw.githubusercontent.com/mykeels/inec-presidential-elections-2023/master/results/37-zamfara\3874-talata-mafara\26301-garbadu\polling-units.json
ZAMFARA,TALATA MAFARA,GARBADU,SHIYAR GALADIMA   /  SABON GARI,36/12/01/003,https://docs.inecelectionresults.net/elections_prod/1292/state/1/lga/3874/ward/26301/pu/120503/120503-1677690304.pdf,2023-03-01T17:06:00.109Z,true,https://raw.githubusercontent.com/mykeels/inec-presidential-elections-2023/master/results/37-zamfara\3874-talata-mafara\26301-garbadu\polling-units.json
ZAMFARA,TALATA MAFARA,GARBADU,SHIYAR LIMAN/K /G/LIMAN,36/12/01/005,https://docs.inecelectionresults.net/elections_prod/1292/state/1/lga/3874/ward/26301/pu/120505/120505-1677689146.pdf,2023-03-01T16:46:01.119Z,false,https://raw.githubusercontent.com/mykeels/inec-presidential-elections-2023/master/results/37-zamfara\3874-talata-mafara\26301-garbadu\polling-units.json
ZAMFARA,TALATA MAFARA,GARBADU,TANDA UKKU   /  BAKIN KASUWA,36/12/01/002,https://docs.inecelectionresults.net/elections_prod/1292/state/1/lga/3874/ward/26301/pu/120502/120502-1677691311.pdf,2023-03-01T17:22:00.384Z,false,https://raw.githubusercontent.com/mykeels/inec-presidential-elections-2023/master/results/37-zamfara\3874-talata-mafara\26301-garbadu\polling-units.json
ZAMFARA,TALATA MAFARA,GARBADU,TUNGAR BAI   /   GARKAR HAKIMI,36/12/01/010,https://docs.inecelectionresults.net/elections_prod/1292/state/1/lga/3874/ward/26301/pu/120510/120510-1677686601.pdf,2023-03-01T16:04:00.277Z,false,https://raw.githubusercontent.com/mykeels/inec-presidential-elections-2023/master/results/37-zamfara\3874-talata-mafara\26301-garbadu\polling-units.json
ZAMFARA,TALATA MAFARA,GARBADU,TUNGAR MATA  /   PRIMARY SCHOOL,36/12/01/009,https://docs.inecelectionresults.net/elections_prod/1292/state/1/lga/3874/ward/26301/pu/120509/120509-1677687954.pdf,2023-03-01T16:26:00.344Z,false,https://raw.githubusercontent.com/mykeels/inec-presidential-elections-2023/master/results/37-zamfara\3874-talata-mafara\26301-garbadu\polling-units.json
ZAMFARA,TALATA MAFARA,GARBADU,YAR KUKA   /  GARKAR HAKIMI,36/12/01/012,,,false,https://raw.githubusercontent.com/mykeels/inec-presidential-elections-2023/master/results/37-zamfara\3874-talata-mafara\26301-garbadu\polling-units.json
ZAMFARA,TALATA MAFARA,GWARAM,BOBAWA  /   PRIMARY SCHOOL,36/12/02/001,https://docs.inecelectionresults.net/elections_prod/1292/state/1/lga/3874/ward/26302/pu/120514/120514-1677762424.pdf,2023-03-02T13:08:01.376Z,true,https://raw.githubusercontent.com/mykeels/inec-presidential-elections-2023/master/results/37-zamfara\3874-talata-mafara\26302-gwaram\polling-units.json
ZAMFARA,TALATA MAFARA,GWARAM,BOBAWA II/ TSOHUWAR KASUWA/ B/ KWATA,36/12/02/011,https://docs.inecelectionresults.net/elections_prod/1292/state/1/lga/3874/ward/26302/pu/178402/178402-1677691444.pdf,2023-03-01T17:25:00.340Z,false,https://raw.githubusercontent.com/mykeels/inec-presidential-elections-2023/master/results/37-zamfara\3874-talata-mafara\26302-gwaram\polling-units.json
ZAMFARA,TALATA MAFARA,GWARAM,BOBO / MAKARANTA,36/12/02/005,https://docs.inecelectionresults.net/elections_prod/1292/state/1/lga/3874/ward/26302/pu/120518/120518-1677766291.pdf,2023-03-02T14:12:00.339Z,false,https://raw.githubusercontent.com/mykeels/inec-presidential-elections-2023/master/results/37-zamfara\3874-talata-mafara\26302-gwaram\polling-units.json
ZAMFARA,TALATA MAFARA,GWARAM,BOBO II/ DUHUN KARKI PRI SCH,36/12/02/014,https://docs.inecelectionresults.net/elections_prod/1292/state/1/lga/3874/ward/26302/pu/178405/178405-1677769383.pdf,2023-03-02T15:04:01.282Z,true,https://raw.githubusercontent.com/mykeels/inec-presidential-elections-2023/master/results/37-zamfara\3874-talata-mafara\26302-gwaram\polling-units.json
ZAMFARA,TALATA MAFARA,GWARAM,DAN GULBI /  MAKARANTA,36/12/02/008,https://docs.inecelectionresults.net/elections_prod/1292/state/1/lga/3874/ward/26302/pu/120521/120521-1677766875.pdf,2023-03-02T14:22:01.277Z,true,https://raw.githubusercontent.com/mykeels/inec-presidential-elections-2023/master/results/37-zamfara\3874-talata-mafara\26302-gwaram\polling-units.json
ZAMFARA,TALATA MAFARA,GWARAM,GIDAN KANE / BAKIN MASALLACHI,36/12/02/006,https://docs.inecelectionresults.net/elections_prod/1292/state/1/lga/3874/ward/26302/pu/120519/120519-1677691007.pdf,2023-03-01T17:17:00.414Z,false,https://raw.githubusercontent.com/mykeels/inec-presidential-elections-2023/master/results/37-zamfara\3874-talata-mafara\26302-gwaram\polling-units.json
ZAMFARA,TALATA MAFARA,GWARAM,KAZA / BAKIN TASHA,36/12/02/010,https://docs.inecelectionresults.net/elections_prod/1292/state/1/lga/3874/ward/26302/pu/120523/120523-1677767894.pdf,2023-03-02T14:39:00.244Z,false,https://raw.githubusercontent.com/mykeels/inec-presidential-elections-2023/master/results/37-zamfara\3874-talata-mafara\26302-gwaram\polling-units.json
ZAMFARA,TALATA MAFARA,GWARAM,MALLAWAMA / PRIMARY SCHOOL,36/12/02/003,,,false,https://raw.githubusercontent.com/mykeels/inec-presidential-elections-2023/master/results/37-zamfara\3874-talata-mafara\26302-gwaram\polling-units.json
ZAMFARA,TALATA MAFARA,GWARAM,MORAWA / MAKARANTA,36/12/02/002,https://docs.inecelectionresults.net/elections_prod/1292/state/1/lga/3874/ward/26302/pu/120515/120515-1677764619.pdf,2023-03-02T13:44:00.612Z,false,https://raw.githubusercontent.com/mykeels/inec-presidential-elections-2023/master/results/37-zamfara\3874-talata-mafara\26302-gwaram\polling-units.json
ZAMFARA,TALATA MAFARA,GWARAM,MORAWA II/ ASIBITI GWARAM,36/12/02/012,https://docs.inecelectionresults.net/elections_prod/1292/state/1/lga/3874/ward/26302/pu/178403/178403-1677689611.pdf,2023-03-01T16:54:00.482Z,true,https://raw.githubusercontent.com/mykeels/inec-presidential-elections-2023/master/results/37-zamfara\3874-talata-mafara\26302-gwaram\polling-units.json
ZAMFARA,TALATA MAFARA,GWARAM,TASHAR KAIWA / BAKIN MASALLACHI,36/12/02/004,https://docs.inecelectionresults.net/elections_prod/1292/state/1/lga/3874/ward/26302/pu/120517/120517-1677690906.pdf,2023-03-01T17:16:00.290Z,false,https://raw.githubusercontent.com/mykeels/inec-presidential-elections-2023/master/results/37-zamfara\3874-talata-mafara\26302-gwaram\polling-units.json
ZAMFARA,TALATA MAFARA,GWARAM,TASHAR KAIWA II/ YAR MAFAKA PRI SCH,36/12/02/013,https://docs.inecelectionresults.net/elections_prod/1292/state/1/lga/3874/ward/26302/pu/178404/178404-1677768859.pdf,2023-03-02T14:55:00.202Z,false,https://raw.githubusercontent.com/mykeels/inec-presidential-elections-2023/master/results/37-zamfara\3874-talata-mafara\26302-gwaram\polling-units.json
ZAMFARA,TALATA MAFARA,GWARAM,TASHAR ROGO / BAKIN TASHA,36/12/02/009,https://docs.inecelectionresults.net/elections_prod/1292/state/1/lga/3874/ward/26302/pu/120522/120522-1677767263.pdf,2023-03-02T14:28:00.464Z,false,https://raw.githubusercontent.com/mykeels/inec-presidential-elections-2023/master/results/37-zamfara\3874-talata-mafara\26302-gwaram\polling-units.json
ZAMFARA,TALATA MAFARA,GWARAM,YAR GADA / MAKARANTA,36/12/02/007,https://docs.inecelectionresults.net/elections_prod/1292/state/1/lga/3874/ward/26302/pu/120520/120520-1677761850.pdf,2023-03-02T12:58:00.639Z,false,https://raw.githubusercontent.com/mykeels/inec-presidential-elections-2023/master/results/37-zamfara\3874-talata-mafara\26302-gwaram\polling-units.json
ZAMFARA,TALATA MAFARA,JANGEBE,DANBAWA / SHIYAR ZANGO,36/12/03/010,,,false,https://raw.githubusercontent.com/mykeels/inec-presidential-elections-2023/master/results/37-zamfara\3874-talata-mafara\26303-jangebe\polling-units.json
ZAMFARA,TALATA MAFARA,JANGEBE,GIDAN HAKI / OFFISHIN HAKIMI,36/12/03/007,,,false,https://raw.githubusercontent.com/mykeels/inec-presidential-elections-2023/master/results/37-zamfara\3874-talata-mafara\26303-jangebe\polling-units.json
ZAMFARA,TALATA MAFARA,JANGEBE,GIDAN LABBO ZAGI / PRIMARY SCHOOL,36/12/03/017,,,false,https://raw.githubusercontent.com/mykeels/inec-presidential-elections-2023/master/results/37-zamfara\3874-talata-mafara\26303-jangebe\polling-units.json
ZAMFARA,TALATA MAFARA,JANGEBE,JANGEBE II/ BAKIN ASIBITI SABUWA,36/12/03/025,,,false,https://raw.githubusercontent.com/mykeels/inec-presidential-elections-2023/master/results/37-zamfara\3874-talata-mafara\26303-jangebe\polling-units.json
ZAMFARA,TALATA MAFARA,JANGEBE,JANGEBE PRI. SCH. / PRIMARY SCHOOL,36/12/03/008,,,false,https://raw.githubusercontent.com/mykeels/inec-presidential-elections-2023/master/results/37-zamfara\3874-talata-mafara\26303-jangebe\polling-units.json
ZAMFARA,TALATA MAFARA,JANGEBE,KAN WURI / OFFISHIN SARKI,36/12/03/001,,,false,https://raw.githubusercontent.com/mykeels/inec-presidential-elections-2023/master/results/37-zamfara\3874-talata-mafara\26303-jangebe\polling-units.json
ZAMFARA,TALATA MAFARA,JANGEBE,KANWURI II/ UBANDAWAKI ALIYU MODEL PRI SCH,36/12/03/023,,,false,https://raw.githubusercontent.com/mykeels/inec-presidential-elections-2023/master/results/37-zamfara\3874-talata-mafara\26303-jangebe\polling-units.json
ZAMFARA,TALATA MAFARA,JANGEBE,KASUWAR KANDE / TSOHUWAR TASHA,36/12/03/004,,,false,https://raw.githubusercontent.com/mykeels/inec-presidential-elections-2023/master/results/37-zamfara\3874-talata-mafara\26303-jangebe\polling-units.json
ZAMFARA,TALATA MAFARA,JANGEBE,KUKAR GUNGAMA / PRI. SCH.,36/12/03/005,,,false,https://raw.githubusercontent.com/mykeels/inec-presidential-elections-2023/master/results/37-zamfara\3874-talata-mafara\26303-jangebe\polling-units.json
ZAMFARA,TALATA MAFARA,JANGEBE,KUKAR GUNGAMA II/ TASHAR MOTA,36/12/03/024,,,false,https://raw.githubusercontent.com/mykeels/inec-presidential-elections-2023/master/results/37-zamfara\3874-talata-mafara\26303-jangebe\polling-units.json
ZAMFARA,TALATA MAFARA,JANGEBE,MAIKWANUGGA / PRIMARY SCHOOL,36/12/03/015,,,false,https://raw.githubusercontent.com/mykeels/inec-presidential-elections-2023/master/results/37-zamfara\3874-talata-mafara\26303-jangebe\polling-units.json
ZAMFARA,TALATA MAFARA,JANGEBE,MASHAYA RAFI / GARKAR RAFI,36/12/03/019,,,false,https://raw.githubusercontent.com/mykeels/inec-presidential-elections-2023/master/results/37-zamfara\3874-talata-mafara\26303-jangebe\polling-units.json
ZAMFARA,TALATA MAFARA,JANGEBE,MASHAYA TUDU / GARKAR TUDU,36/12/03/022,,,false,https://raw.githubusercontent.com/mykeels/inec-presidential-elections-2023/master/results/37-zamfara\3874-talata-mafara\26303-jangebe\polling-units.json
ZAMFARA,TALATA MAFARA,JANGEBE,RUMBI / GARKAR HAKIMI,36/12/03/011,,,false,https://raw.githubusercontent.com/mykeels/inec-presidential-elections-2023/master/results/37-zamfara\3874-talata-mafara\26303-jangebe\polling-units.json
ZAMFARA,TALATA MAFARA,JANGEBE,SATURUN MARNA   /  MARNA,36/12/03/013,,,false,https://raw.githubusercontent.com/mykeels/inec-presidential-elections-2023/master/results/37-zamfara\3874-talata-mafara\26303-jangebe\polling-units.json
ZAMFARA,TALATA MAFARA,JANGEBE,SHANYAYA / VILL. HEAD OFFICE,36/12/03/020,,,false,https://raw.githubusercontent.com/mykeels/inec-presidential-elections-2023/master/results/37-zamfara\3874-talata-mafara\26303-jangebe\polling-units.json
ZAMFARA,TALATA MAFARA,JANGEBE,SHIYAR MAGAJI / GARKAR AJIYA,36/12/03/002,,,false,https://raw.githubusercontent.com/mykeels/inec-presidential-elections-2023/master/results/37-zamfara\3874-talata-mafara\26303-jangebe\polling-units.json
ZAMFARA,TALATA MAFARA,JANGEBE,TASHAR KUTURU / GIDAN MAI,36/12/03/018,,,false,https://raw.githubusercontent.com/mykeels/inec-presidential-elections-2023/master/results/37-zamfara\3874-talata-mafara\26303-jangebe\polling-units.json
ZAMFARA,TALATA MAFARA,JANGEBE,TSOHUWAR KASUWA / MAKERA,36/12/03/006,,,false,https://raw.githubusercontent.com/mykeels/inec-presidential-elections-2023/master/results/37-zamfara\3874-talata-mafara\26303-jangebe\polling-units.json
ZAMFARA,TALATA MAFARA,JANGEBE,TUNGAR BARZA / VILLAGE HEAD OFFICE,36/12/03/016,,,false,https://raw.githubusercontent.com/mykeels/inec-presidential-elections-2023/master/results/37-zamfara\3874-talata-mafara\26303-jangebe\polling-units.json
ZAMFARA,TALATA MAFARA,JANGEBE,TUNGAR HAYATU / VILLIAGE HEAD OFFICE,36/12/03/014,,,false,https://raw.githubusercontent.com/mykeels/inec-presidential-elections-2023/master/results/37-zamfara\3874-talata-mafara\26303-jangebe\polling-units.json
ZAMFARA,TALATA MAFARA,JANGEBE,TUNGAR KASARA / GARKAR HAKIMI MUSA,36/12/03/009,,,false,https://raw.githubusercontent.com/mykeels/inec-presidential-elections-2023/master/results/37-zamfara\3874-talata-mafara\26303-jangebe\polling-units.json
ZAMFARA,TALATA MAFARA,JANGEBE,TUNGAR KUKA / OFFISHIN HAKIMI,36/12/03/012,,,false,https://raw.githubusercontent.com/mykeels/inec-presidential-elections-2023/master/results/37-zamfara\3874-talata-mafara\26303-jangebe\polling-units.json
ZAMFARA,TALATA MAFARA,JANGEBE,TUNGAR SARKIN NOMA / GARKAR SARKIN FADA,36/12/03/021,,,false,https://raw.githubusercontent.com/mykeels/inec-presidential-elections-2023/master/results/37-zamfara\3874-talata-mafara\26303-jangebe\polling-units.json
ZAMFARA,TALATA MAFARA,JANGEBE,YAN HUDU / GARKAR GALADIMA,36/12/03/003,,,false,https://raw.githubusercontent.com/mykeels/inec-presidential-elections-2023/master/results/37-zamfara\3874-talata-mafara\26303-jangebe\polling-units.json
ZAMFARA,TALATA MAFARA,KAGARA,DAJIN BANZA  / SHIYAR HAKIMI,36/12/04/011,,,false,https://raw.githubusercontent.com/mykeels/inec-presidential-elections-2023/master/results/37-zamfara\3874-talata-mafara\26304-kagara\polling-units.json
ZAMFARA,TALATA MAFARA,KAGARA,DANKABALI  / GARKAR DANKANDE,36/12/04/002,,,false,https://raw.githubusercontent.com/mykeels/inec-presidential-elections-2023/master/results/37-zamfara\3874-talata-mafara\26304-kagara\polling-units.json
ZAMFARA,TALATA MAFARA,KAGARA,DANKABALI SAKARAWA   /    SAKKARAWA,36/12/04/012,,,false,https://raw.githubusercontent.com/mykeels/inec-presidential-elections-2023/master/results/37-zamfara\3874-talata-mafara\26304-kagara\polling-units.json
ZAMFARA,TALATA MAFARA,KAGARA,DANKALGO  /  GARKAR A. KOLO,36/12/04/010,,,false,https://raw.githubusercontent.com/mykeels/inec-presidential-elections-2023/master/results/37-zamfara\3874-talata-mafara\26304-kagara\polling-units.json
ZAMFARA,TALATA MAFARA,KAGARA,DANKWATO  /  G/ HAKIMI,36/12/04/009,,,false,https://raw.githubusercontent.com/mykeels/inec-presidential-elections-2023/master/results/37-zamfara\3874-talata-mafara\26304-kagara\polling-units.json
ZAMFARA,TALATA MAFARA,KAGARA,GANGARE I   /  SHIYAR LAWUI,36/12/04/001,,,false,https://raw.githubusercontent.com/mykeels/inec-presidential-elections-2023/master/results/37-zamfara\3874-talata-mafara\26304-kagara\polling-units.json
ZAMFARA,TALATA MAFARA,KAGARA,GANGARE II  / YANZAMAU BAKIN RIJIYA,36/12/04/003,,,false,https://raw.githubusercontent.com/mykeels/inec-presidential-elections-2023/master/results/37-zamfara\3874-talata-mafara\26304-kagara\polling-units.json
ZAMFARA,TALATA MAFARA,KAGARA,GANGARE III/YAR KASUWA B/TANKIN SOLAR,36/12/04/013,,,false,https://raw.githubusercontent.com/mykeels/inec-presidential-elections-2023/master/results/37-zamfara\3874-talata-mafara\26304-kagara\polling-units.json
ZAMFARA,TALATA MAFARA,KAGARA,GANGARE IV/ GENERAL HOSPITAL KAGARA,36/12/04/014,,,false,https://raw.githubusercontent.com/mykeels/inec-presidential-elections-2023/master/results/37-zamfara\3874-talata-mafara\26304-kagara\polling-units.json
ZAMFARA,TALATA MAFARA,KAGARA,KAN WURI   /  VILL. HEAD OFFICE,36/12/04/004,,,false,https://raw.githubusercontent.com/mykeels/inec-presidential-elections-2023/master/results/37-zamfara\3874-talata-mafara\26304-kagara\polling-units.json
ZAMFARA,TALATA MAFARA,KAGARA,KANWURI II/TSOHUWAR ASIBITI,36/12/04/015,,,false,https://raw.githubusercontent.com/mykeels/inec-presidential-elections-2023/master/results/37-zamfara\3874-talata-mafara\26304-kagara\polling-units.json
ZAMFARA,TALATA MAFARA,KAGARA,MALLAMAWA    /   GARKAR S/FAWA,36/12/04/006,,,false,https://raw.githubusercontent.com/mykeels/inec-presidential-elections-2023/master/results/37-zamfara\3874-talata-mafara\26304-kagara\polling-units.json
ZAMFARA,TALATA MAFARA,KAGARA,MALLAMAWA II/G.D.S.S KAGARA,36/12/04/016,,,false,https://raw.githubusercontent.com/mykeels/inec-presidential-elections-2023/master/results/37-zamfara\3874-talata-mafara\26304-kagara\polling-units.json
ZAMFARA,TALATA MAFARA,KAGARA,MATUNA    /  PRIMARY SCHOOL,36/12/04/008,,,false,https://raw.githubusercontent.com/mykeels/inec-presidential-elections-2023/master/results/37-zamfara\3874-talata-mafara\26304-kagara\polling-units.json
ZAMFARA,TALATA MAFARA,KAGARA,TSAUNIN AGA   /  SHIYAR HAKIMI,36/12/04/007,,,false,https://raw.githubusercontent.com/mykeels/inec-presidential-elections-2023/master/results/37-zamfara\3874-talata-mafara\26304-kagara\polling-units.json
ZAMFARA,TALATA MAFARA,KAGARA,YANGU  /   TASHAR LAWALI,36/12/04/005,,,false,https://raw.githubusercontent.com/mykeels/inec-presidential-elections-2023/master/results/37-zamfara\3874-talata-mafara\26304-kagara\polling-units.json
ZAMFARA,TALATA MAFARA,MORAI,DAN FADAMA  / PRI. SCH.,36/12/05/014,https://docs.inecelectionresults.net/elections_prod/1292/state/1/lga/3874/ward/26305/pu/120571/120571-1677685579.pdf,2023-03-01T15:47:00.244Z,false,https://raw.githubusercontent.com/mykeels/inec-presidential-elections-2023/master/results/37-zamfara\3874-talata-mafara\26305-morai\polling-units.json
ZAMFARA,TALATA MAFARA,MORAI,GARAGIN D/KAURA  /  PRIMARY SCHOOL,36/12/05/016,https://docs.inecelectionresults.net/elections_prod/1292/state/1/lga/3874/ward/26305/pu/120573/120573-1677681672.pdf,2023-03-01T14:42:01.396Z,true,https://raw.githubusercontent.com/mykeels/inec-presidential-elections-2023/master/results/37-zamfara\3874-talata-mafara\26305-morai\polling-units.json
ZAMFARA,TALATA MAFARA,MORAI,GIDAN BARADE / PRIMARY SCHOOL,36/12/05/009,https://docs.inecelectionresults.net/elections_prod/1292/state/1/lga/3874/ward/26305/pu/120566/120566-1677675330.pdf,2023-03-01T12:56:00.398Z,false,https://raw.githubusercontent.com/mykeels/inec-presidential-elections-2023/master/results/37-zamfara\3874-talata-mafara\26305-morai\polling-units.json
ZAMFARA,TALATA MAFARA,MORAI,GIDAN NAGAJARA / GARKAR MAI ANGUWA,36/12/05/008,https://docs.inecelectionresults.net/elections_prod/1292/state/1/lga/3874/ward/26305/pu/120565/120565-1677675757.pdf,2023-03-01T13:03:00.426Z,false,https://raw.githubusercontent.com/mykeels/inec-presidential-elections-2023/master/results/37-zamfara\3874-talata-mafara\26305-morai\polling-units.json
ZAMFARA,TALATA MAFARA,MORAI,GUZA  / TUDUN FULANI,36/12/05/015,https://docs.inecelectionresults.net/elections_prod/1292/state/1/lga/3874/ward/26305/pu/120572/120572-1677681960.pdf,2023-03-01T14:47:00.126Z,false,https://raw.githubusercontent.com/mykeels/inec-presidential-elections-2023/master/results/37-zamfara\3874-talata-mafara\26305-morai\polling-units.json
ZAMFARA,TALATA MAFARA,MORAI,INWALA / OFFSHIN HAKIMI,36/12/05/007,https://docs.inecelectionresults.net/elections_prod/1292/state/1/lga/3874/ward/26305/pu/120564/120564-1677682335.pdf,2023-03-01T14:54:01.409Z,true,https://raw.githubusercontent.com/mykeels/inec-presidential-elections-2023/master/results/37-zamfara\3874-talata-mafara\26305-morai\polling-units.json
ZAMFARA,TALATA MAFARA,MORAI,KASUWAR MATA / ISLAMIYA SCH.,36/12/05/011,https://docs.inecelectionresults.net/elections_prod/1292/state/1/lga/3874/ward/26305/pu/120568/120568-1677687573.pdf,2023-03-01T16:20:00.369Z,false,https://raw.githubusercontent.com/mykeels/inec-presidential-elections-2023/master/results/37-zamfara\3874-talata-mafara\26305-morai\polling-units.json
ZAMFARA,TALATA MAFARA,MORAI,KUKA MAI RAFFU / PRI. SCH.,36/12/05/013,https://docs.inecelectionresults.net/elections_prod/1292/state/1/lga/3874/ward/26305/pu/120570/120570-1677686282.pdf,2023-03-01T15:59:01.053Z,true,https://raw.githubusercontent.com/mykeels/inec-presidential-elections-2023/master/results/37-zamfara\3874-talata-mafara\26305-morai\polling-units.json
ZAMFARA,TALATA MAFARA,MORAI,SADO GARI   /   CLINIC,36/12/05/010,https://docs.inecelectionresults.net/elections_prod/1292/state/1/lga/3874/ward/26305/pu/120567/120567-1677677402.pdf,2023-03-01T13:31:00.092Z,false,https://raw.githubusercontent.com/mykeels/inec-presidential-elections-2023/master/results/37-zamfara\3874-talata-mafara\26305-morai\polling-units.json
ZAMFARA,TALATA MAFARA,MORAI,SAKARAWA / GARKAR HAKIMI,36/12/05/006,https://docs.inecelectionresults.net/elections_prod/1292/state/1/lga/3874/ward/26305/pu/120563/120563-1677675283.pdf,2023-03-01T12:55:00.518Z,false,https://raw.githubusercontent.com/mykeels/inec-presidential-elections-2023/master/results/37-zamfara\3874-talata-mafara\26305-morai\polling-units.json
ZAMFARA,TALATA MAFARA,MORAI,SHIYAR  MAGAJI / PRIMARY SCHOOL,36/12/05/004,https://docs.inecelectionresults.net/elections_prod/1292/state/1/lga/3874/ward/26305/pu/120561/120561-1677681113.pdf,2023-03-01T14:33:01.592Z,true,https://raw.githubusercontent.com/mykeels/inec-presidential-elections-2023/master/results/37-zamfara\3874-talata-mafara\26305-morai\polling-units.json
ZAMFARA,TALATA MAFARA,MORAI,SHIYAR AJIYA / VILL. HEAD OFFICE,36/12/05/003,https://docs.inecelectionresults.net/elections_prod/1292/state/1/lga/3874/ward/26305/pu/120560/120560-1677675522.pdf,2023-03-01T12:59:00.525Z,false,https://raw.githubusercontent.com/mykeels/inec-presidential-elections-2023/master/results/37-zamfara\3874-talata-mafara\26305-morai\polling-units.json
ZAMFARA,TALATA MAFARA,MORAI,SHIYAR AJIYA II/ TUNGAR KAYA PRI SCH,36/12/05/019,https://docs.inecelectionresults.net/elections_prod/1292/state/1/lga/3874/ward/26305/pu/178413/178413-1677683078.pdf,2023-03-01T15:05:01.163Z,false,https://raw.githubusercontent.com/mykeels/inec-presidential-elections-2023/master/results/37-zamfara\3874-talata-mafara\26305-morai\polling-units.json
ZAMFARA,TALATA MAFARA,MORAI,SHIYAR FARIN RUWA / PRIMARY SCHOOL,36/12/05/005,,,false,https://raw.githubusercontent.com/mykeels/inec-presidential-elections-2023/master/results/37-zamfara\3874-talata-mafara\26305-morai\polling-units.json
ZAMFARA,TALATA MAFARA,MORAI,SHIYAR FARIN RUWA II/ SHARIAH COURT/BAKIN KOTU,36/12/05/020,https://docs.inecelectionresults.net/elections_prod/1292/state/1/lga/3874/ward/26305/pu/178414/178414-1677680032.pdf,2023-03-01T14:14:00.551Z,false,https://raw.githubusercontent.com/mykeels/inec-presidential-elections-2023/master/results/37-zamfara\3874-talata-mafara\26305-morai\polling-units.json
ZAMFARA,TALATA MAFARA,MORAI,SHIYAR GALADIMA / GARKAR MAGAJI GARI,36/12/05/001,https://docs.inecelectionresults.net/elections_prod/1292/state/1/lga/3874/ward/26305/pu/120558/120558-1677675205.pdf,2023-03-01T12:54:00.593Z,false,https://raw.githubusercontent.com/mykeels/inec-presidential-elections-2023/master/results/37-zamfara\3874-talata-mafara\26305-morai\polling-units.json
ZAMFARA,TALATA MAFARA,MORAI,SHIYAR UBAN DAWAKI  /  MAHUTA,36/12/05/002,https://docs.inecelectionresults.net/elections_prod/1292/state/1/lga/3874/ward/26305/pu/120559/120559-1677682653.pdf,2023-03-01T14:58:00.965Z,false,https://raw.githubusercontent.com/mykeels/inec-presidential-elections-2023/master/results/37-zamfara\3874-talata-mafara\26305-morai\polling-units.json
ZAMFARA,TALATA MAFARA,MORAI,TASHAR KABAWA/GARKAR HAKIMI,36/12/05/012,https://docs.inecelectionresults.net/elections_prod/1292/state/1/lga/3874/ward/26305/pu/120569/120569-1677686226.pdf,2023-03-01T15:58:00.291Z,false,https://raw.githubusercontent.com/mykeels/inec-presidential-elections-2023/master/results/37-zamfara\3874-talata-mafara\26305-morai\polling-units.json
ZAMFARA,TALATA MAFARA,MORAI,TSOHON GARIN BANAGA / VILLAGE HEAD OFFICE,36/12/05/018,https://docs.inecelectionresults.net/elections_prod/1292/state/1/lga/3874/ward/26305/pu/120575/120575-1677680765.pdf,2023-03-01T14:27:01.548Z,true,https://raw.githubusercontent.com/mykeels/inec-presidential-elections-2023/master/results/37-zamfara\3874-talata-mafara\26305-morai\polling-units.json
ZAMFARA,TALATA MAFARA,MORAI,YARBUNU / VILLAGE HEAD OFFICE,36/12/05/017,https://docs.inecelectionresults.net/elections_prod/1292/state/1/lga/3874/ward/26305/pu/120574/120574-1677686581.pdf,2023-03-01T16:04:01.263Z,true,https://raw.githubusercontent.com/mykeels/inec-presidential-elections-2023/master/results/37-zamfara\3874-talata-mafara\26305-morai\polling-units.json
ZAMFARA,TALATA MAFARA,RUWAN BORE,BASARA (LIMAN) / GARKAR HAKIMI,36/12/06/012,,,false,https://raw.githubusercontent.com/mykeels/inec-presidential-elections-2023/master/results/37-zamfara\3874-talata-mafara\26306-ruwan-bore\polling-units.json
ZAMFARA,TALATA MAFARA,RUWAN BORE,DUMAYE  /  BAKIN MASALLACI,36/12/06/009,,,false,https://raw.githubusercontent.com/mykeels/inec-presidential-elections-2023/master/results/37-zamfara\3874-talata-mafara\26306-ruwan-bore\polling-units.json
ZAMFARA,TALATA MAFARA,RUWAN BORE,MIRKIDI BABBA I / GARKAR  LIMAN,36/12/06/006,,,false,https://raw.githubusercontent.com/mykeels/inec-presidential-elections-2023/master/results/37-zamfara\3874-talata-mafara\26306-ruwan-bore\polling-units.json
ZAMFARA,TALATA MAFARA,RUWAN BORE,MIRKIDI BABBA II / DAN MAN GWARO,36/12/06/007,,,false,https://raw.githubusercontent.com/mykeels/inec-presidential-elections-2023/master/results/37-zamfara\3874-talata-mafara\26306-ruwan-bore\polling-units.json
ZAMFARA,TALATA MAFARA,RUWAN BORE,MIRKIDI GABAS / GARKAR HAKIMI,36/12/06/008,,,false,https://raw.githubusercontent.com/mykeels/inec-presidential-elections-2023/master/results/37-zamfara\3874-talata-mafara\26306-ruwan-bore\polling-units.json
ZAMFARA,TALATA MAFARA,RUWAN BORE,SH/MAGAJI I  /  GARKAR TURBE,36/12/06/010,https://docs.inecelectionresults.net/elections_prod/1292/state/1/lga/3874/ward/26306/pu/120585/120585-1677680281.pdf,2023-03-01T14:19:01.294Z,true,https://raw.githubusercontent.com/mykeels/inec-presidential-elections-2023/master/results/37-zamfara\3874-talata-mafara\26306-ruwan-bore\polling-units.json
ZAMFARA,TALATA MAFARA,RUWAN BORE,SH/MAGAJI II / GARKAR YAN RUWA,36/12/06/011,,,false,https://raw.githubusercontent.com/mykeels/inec-presidential-elections-2023/master/results/37-zamfara\3874-talata-mafara\26306-ruwan-bore\polling-units.json
ZAMFARA,TALATA MAFARA,RUWAN BORE,SHIYAR GALADIMA / TALGAWA,36/12/06/002,,,false,https://raw.githubusercontent.com/mykeels/inec-presidential-elections-2023/master/results/37-zamfara\3874-talata-mafara\26306-ruwan-bore\polling-units.json
ZAMFARA,TALATA MAFARA,RUWAN BORE,SHIYAR S/NOMA I  / GARKAR S. NOMA,36/12/06/003,https://docs.inecelectionresults.net/elections_prod/1292/state/1/lga/3874/ward/26306/pu/120578/120578-1677690005.pdf,2023-03-01T17:01:01.291Z,true,https://raw.githubusercontent.com/mykeels/inec-presidential-elections-2023/master/results/37-zamfara\3874-talata-mafara\26306-ruwan-bore\polling-units.json
ZAMFARA,TALATA MAFARA,RUWAN BORE,SHIYAR S/NOMA II  /  KARTAWA,36/12/06/004,,,false,https://raw.githubusercontent.com/mykeels/inec-presidential-elections-2023/master/results/37-zamfara\3874-talata-mafara\26306-ruwan-bore\polling-units.json
ZAMFARA,TALATA MAFARA,RUWAN BORE,SHIYAR YANRUWA   /  GARKAR UBAN DAWAKI,36/12/06/001,https://docs.inecelectionresults.net/elections_prod/1292/state/1/lga/3874/ward/26306/pu/120576/120576-1677677413.pdf,2023-03-01T13:31:00.336Z,false,https://raw.githubusercontent.com/mykeels/inec-presidential-elections-2023/master/results/37-zamfara\3874-talata-mafara\26306-ruwan-bore\polling-units.json
ZAMFARA,TALATA MAFARA,RUWAN BORE,TUDUN MABA  / MAKERA,36/12/06/005,https://docs.inecelectionresults.net/elections_prod/1292/state/1/lga/3874/ward/26306/pu/120580/120580-1677687527.pdf,2023-03-01T16:19:00.451Z,false,https://raw.githubusercontent.com/mykeels/inec-presidential-elections-2023/master/results/37-zamfara\3874-talata-mafara\26306-ruwan-bore\polling-units.json
ZAMFARA,TALATA MAFARA,RUWAN GIZO,ACI SANNU  /  VILL. HEAD OFFICE,36/12/07/001,,,false,https://raw.githubusercontent.com/mykeels/inec-presidential-elections-2023/master/results/37-zamfara\3874-talata-mafara\26307-ruwan-gizo\polling-units.json
ZAMFARA,TALATA MAFARA,RUWAN GIZO,ASKAWA  / GARKAR HAKIMI,36/12/07/004,https://docs.inecelectionresults.net/elections_prod/1292/state/01/lga/12/ward/07/pu/004/004-1677406928.pdf,2023-02-26T10:23:02.461Z,false,https://raw.githubusercontent.com/mykeels/inec-presidential-elections-2023/master/results/37-zamfara\3874-talata-mafara\26307-ruwan-gizo\polling-units.json
ZAMFARA,TALATA MAFARA,RUWAN GIZO,BABBANBAKI  /  BAKIN MASALLACI,36/12/07/009,,,false,https://raw.githubusercontent.com/mykeels/inec-presidential-elections-2023/master/results/37-zamfara\3874-talata-mafara\26307-ruwan-gizo\polling-units.json
ZAMFARA,TALATA MAFARA,RUWAN GIZO,CUDI I  / GARKAR HAKIMI,36/12/07/005,,,false,https://raw.githubusercontent.com/mykeels/inec-presidential-elections-2023/master/results/37-zamfara\3874-talata-mafara\26307-ruwan-gizo\polling-units.json
ZAMFARA,TALATA MAFARA,RUWAN GIZO,CUDI II  /  SHADAWA,36/12/07/008,https://docs.inecelectionresults.net/elections_prod/1292/state/1/lga/3874/ward/26307/pu/120595/120595-1677688607.pdf,2023-03-01T16:37:00.396Z,false,https://raw.githubusercontent.com/mykeels/inec-presidential-elections-2023/master/results/37-zamfara\3874-talata-mafara\26307-ruwan-gizo\polling-units.json
ZAMFARA,TALATA MAFARA,RUWAN GIZO,DAN GAZARI  / VILL. HEAD OFFICE,36/12/07/010,https://docs.inecelectionresults.net/elections_prod/1292/state/1/lga/3874/ward/26307/pu/120597/120597-1677686572.pdf,2023-03-01T16:03:00.773Z,false,https://raw.githubusercontent.com/mykeels/inec-presidential-elections-2023/master/results/37-zamfara\3874-talata-mafara\26307-ruwan-gizo\polling-units.json
ZAMFARA,TALATA MAFARA,RUWAN GIZO,DAN KALGO  /  BAKIN MASALLACI,36/12/07/006,,,false,https://raw.githubusercontent.com/mykeels/inec-presidential-elections-2023/master/results/37-zamfara\3874-talata-mafara\26307-ruwan-gizo\polling-units.json
ZAMFARA,TALATA MAFARA,RUWAN GIZO,KAN WURI   /   PRI. SCH.,36/12/07/007,https://docs.inecelectionresults.net/elections_prod/1292/state/1/lga/3874/ward/26307/pu/120594/120594-1677681597.pdf,2023-03-01T14:40:01.559Z,false,https://raw.githubusercontent.com/mykeels/inec-presidential-elections-2023/master/results/37-zamfara\3874-talata-mafara\26307-ruwan-gizo\polling-units.json
ZAMFARA,TALATA MAFARA,RUWAN GIZO,KANWURI II/TSOHUWAR KASUWA/ B/ TANKIN SOLAR,36/12/07/011,,,false,https://raw.githubusercontent.com/mykeels/inec-presidential-elections-2023/master/results/37-zamfara\3874-talata-mafara\26307-ruwan-gizo\polling-units.json
ZAMFARA,TALATA MAFARA,RUWAN GIZO,KANWURI III/ TSOHUWAR ASIBITI,36/12/07/012,https://docs.inecelectionresults.net/elections_prod/1292/state/1/lga/3874/ward/26307/pu/178416/178416-1677676610.pdf,2023-03-01T13:17:01.232Z,false,https://raw.githubusercontent.com/mykeels/inec-presidential-elections-2023/master/results/37-zamfara\3874-talata-mafara\26307-ruwan-gizo\polling-units.json
ZAMFARA,TALATA MAFARA,RUWAN GIZO,MAKA / FORMER VILLAGE HEAD OFFICE,36/12/07/002,https://docs.inecelectionresults.net/elections_prod/1292/state/1/lga/3874/ward/26307/pu/120589/120589-1677684639.pdf,2023-03-01T15:31:00.560Z,false,https://raw.githubusercontent.com/mykeels/inec-presidential-elections-2023/master/results/37-zamfara\3874-talata-mafara\26307-ruwan-gizo\polling-units.json
ZAMFARA,TALATA MAFARA,RUWAN GIZO,ZAUREN GORA  / VILL. HEAD OFFICE,36/12/07/003,,,false,https://raw.githubusercontent.com/mykeels/inec-presidential-elections-2023/master/results/37-zamfara\3874-talata-mafara\26307-ruwan-gizo\polling-units.json
ZAMFARA,TALATA MAFARA,SAUNA R/ GORA,GAZAMNA     /  GARKAR HAKIMI,36/12/08/003,https://docs.inecelectionresults.net/elections_prod/1292/state/1/lga/3874/ward/26308/pu/120600/120600-1677682668.pdf,2023-03-01T14:58:01.220Z,false,https://raw.githubusercontent.com/mykeels/inec-presidential-elections-2023/master/results/37-zamfara\3874-talata-mafara\26308-sauna-r-gora\polling-units.json
ZAMFARA,TALATA MAFARA,SAUNA R/ GORA,GORAR DAJI    /   PRIMARY SCHOOL,36/12/08/004,https://docs.inecelectionresults.net/elections_prod/1292/state/1/lga/3874/ward/26308/pu/120601/120601-1677683063.pdf,2023-03-01T15:05:00.953Z,false,https://raw.githubusercontent.com/mykeels/inec-presidential-elections-2023/master/results/37-zamfara\3874-talata-mafara\26308-sauna-r-gora\polling-units.json
ZAMFARA,TALATA MAFARA,SAUNA R/ GORA,GWALE     /  KASUWA,36/12/08/005,https://docs.inecelectionresults.net/elections_prod/1292/state/1/lga/3874/ward/26308/pu/120602/120602-1677683422.pdf,2023-03-01T15:11:00.305Z,false,https://raw.githubusercontent.com/mykeels/inec-presidential-elections-2023/master/results/37-zamfara\3874-talata-mafara\26308-sauna-r-gora\polling-units.json
ZAMFARA,TALATA MAFARA,SAUNA R/ GORA,JIGAWA   /  GARKAR HAKIMI,36/12/08/008,https://docs.inecelectionresults.net/elections_prod/1292/state/1/lga/3874/ward/26308/pu/120605/120605-1677684433.pdf,2023-03-01T15:28:00.327Z,false,https://raw.githubusercontent.com/mykeels/inec-presidential-elections-2023/master/results/37-zamfara\3874-talata-mafara\26308-sauna-r-gora\polling-units.json
ZAMFARA,TALATA MAFARA,SAUNA R/ GORA,KASARA    /   GARKAR HAKIMI,36/12/08/012,https://docs.inecelectionresults.net/elections_prod/1292/state/1/lga/3874/ward/26308/pu/120609/120609-1677685604.pdf,2023-03-01T15:47:00.406Z,false,https://raw.githubusercontent.com/mykeels/inec-presidential-elections-2023/master/results/37-zamfara\3874-talata-mafara\26308-sauna-r-gora\polling-units.json
ZAMFARA,TALATA MAFARA,SAUNA R/ GORA,KWAN DAWA    /   PRIMARY SCHOOL,36/12/08/017,https://docs.inecelectionresults.net/elections_prod/1292/state/01/lga/12/ward/08/pu/017/017-1677403630.pdf,2023-02-26T09:28:00.494Z,false,https://raw.githubusercontent.com/mykeels/inec-presidential-elections-2023/master/results/37-zamfara\3874-talata-mafara\26308-sauna-r-gora\polling-units.json
ZAMFARA,TALATA MAFARA,SAUNA R/ GORA,MARINAI   /  PRIMARY SCHOOL,36/12/08/006,https://docs.inecelectionresults.net/elections_prod/1292/state/1/lga/3874/ward/26308/pu/120603/120603-1677683997.pdf,2023-03-01T15:20:00.756Z,false,https://raw.githubusercontent.com/mykeels/inec-presidential-elections-2023/master/results/37-zamfara\3874-talata-mafara\26308-sauna-r-gora\polling-units.json
ZAMFARA,TALATA MAFARA,SAUNA R/ GORA,MATSAFA   /   SH/HAKIMI,36/12/08/002,https://docs.inecelectionresults.net/elections_prod/1292/state/1/lga/3874/ward/26308/pu/120599/120599-1677682311.pdf,2023-03-01T14:52:00.719Z,false,https://raw.githubusercontent.com/mykeels/inec-presidential-elections-2023/master/results/37-zamfara\3874-talata-mafara\26308-sauna-r-gora\polling-units.json
ZAMFARA,TALATA MAFARA,SAUNA R/ GORA,RAYYA    /   SHIYAR HAKIMI,36/12/08/015,https://docs.inecelectionresults.net/elections_prod/1292/state/1/lga/3874/ward/26308/pu/120612/120612-1677687581.pdf,2023-03-01T16:20:00.452Z,false,https://raw.githubusercontent.com/mykeels/inec-presidential-elections-2023/master/results/37-zamfara\3874-talata-mafara\26308-sauna-r-gora\polling-units.json
ZAMFARA,TALATA MAFARA,SAUNA R/ GORA,SH/GALADIMA   /    GARKAR GALADIMA,36/12/08/001,https://docs.inecelectionresults.net/elections_prod/1292/state/1/lga/3874/ward/26308/pu/120598/120598-1677679862.pdf,2023-03-01T14:12:00.098Z,false,https://raw.githubusercontent.com/mykeels/inec-presidential-elections-2023/master/results/37-zamfara\3874-talata-mafara\26308-sauna-r-gora\polling-units.json
ZAMFARA,TALATA MAFARA,SAUNA R/ GORA,SHIYAR GABAS     /  KASUWA,36/12/08/020,,,false,https://raw.githubusercontent.com/mykeels/inec-presidential-elections-2023/master/results/37-zamfara\3874-talata-mafara\26308-sauna-r-gora\polling-units.json
ZAMFARA,TALATA MAFARA,SAUNA R/ GORA,SHIYAR GABAS II/ GANDU TANKIN RUWA SOLAR,36/12/08/024,https://docs.inecelectionresults.net/elections_prod/1292/state/1/lga/3874/ward/26308/pu/178418/178418-1677690153.pdf,2023-03-01T17:03:00.363Z,false,https://raw.githubusercontent.com/mykeels/inec-presidential-elections-2023/master/results/37-zamfara\3874-talata-mafara\26308-sauna-r-gora\polling-units.json
ZAMFARA,TALATA MAFARA,SAUNA R/ GORA,SHIYAR GALADIMA II/ GDJSS SAUNA,36/12/08/023,https://docs.inecelectionresults.net/elections_prod/1292/state/1/lga/3874/ward/26308/pu/178417/178417-1677689928.pdf,2023-03-01T16:59:00.463Z,false,https://raw.githubusercontent.com/mykeels/inec-presidential-elections-2023/master/results/37-zamfara\3874-talata-mafara\26308-sauna-r-gora\polling-units.json
ZAMFARA,TALATA MAFARA,SAUNA R/ GORA,SHIYAR S/DIYA   /   GARKAR S/DIYA,36/12/08/009,https://docs.inecelectionresults.net/elections_prod/1292/state/1/lga/3874/ward/26308/pu/120606/120606-1677684709.pdf,2023-03-01T15:32:00.519Z,false,https://raw.githubusercontent.com/mykeels/inec-presidential-elections-2023/master/results/37-zamfara\3874-talata-mafara\26308-sauna-r-gora\polling-units.json
ZAMFARA,TALATA MAFARA,SAUNA R/ GORA,SHIYAR YAMMA     /  BAKIN MASALLACHI,36/12/08/021,https://docs.inecelectionresults.net/elections_prod/1292/state/1/lga/3874/ward/26308/pu/120618/120618-1677689206.pdf,2023-03-01T16:47:00.802Z,false,https://raw.githubusercontent.com/mykeels/inec-presidential-elections-2023/master/results/37-zamfara\3874-talata-mafara\26308-sauna-r-gora\polling-units.json
ZAMFARA,TALATA MAFARA,SAUNA R/ GORA,SHIYAR YAMMA II/ ASIBITIN RUWAN GORA,36/12/08/025,https://docs.inecelectionresults.net/elections_prod/1292/state/1/lga/3874/ward/26308/pu/178419/178419-1677690505.pdf,2023-03-01T17:09:00.436Z,false,https://raw.githubusercontent.com/mykeels/inec-presidential-elections-2023/master/results/37-zamfara\3874-talata-mafara\26308-sauna-r-gora\polling-units.json
ZAMFARA,TALATA MAFARA,SAUNA R/ GORA,SULLUBAWA    /  PRIMARY SCHOOL,36/12/08/019,https://docs.inecelectionresults.net/elections_prod/1292/state/01/lga/12/ward/08/pu/019/019-1677371039.pdf,2023-02-26T00:25:01.156Z,false,https://raw.githubusercontent.com/mykeels/inec-presidential-elections-2023/master/results/37-zamfara\3874-talata-mafara\26308-sauna-r-gora\polling-units.json
ZAMFARA,TALATA MAFARA,SAUNA R/ GORA,TABKIN RAMA     /  GARKAR HAKIMI,36/12/08/013,https://docs.inecelectionresults.net/elections_prod/1292/state/1/lga/3874/ward/26308/pu/120610/120610-1677686617.pdf,2023-03-01T16:04:00.439Z,false,https://raw.githubusercontent.com/mykeels/inec-presidential-elections-2023/master/results/37-zamfara\3874-talata-mafara\26308-sauna-r-gora\polling-units.json
ZAMFARA,TALATA MAFARA,SAUNA R/ GORA,TSANU    /  PRIMARY SCHOOL,36/12/08/007,https://docs.inecelectionresults.net/elections_prod/1292/state/1/lga/3874/ward/26308/pu/120604/120604-1677684129.pdf,2023-03-01T15:23:00.220Z,false,https://raw.githubusercontent.com/mykeels/inec-presidential-elections-2023/master/results/37-zamfara\3874-talata-mafara\26308-sauna-r-gora\polling-units.json
ZAMFARA,TALATA MAFARA,SAUNA R/ GORA,TUDUN NAMABI   /  GARKAR SANI,36/12/08/011,https://docs.inecelectionresults.net/elections_prod/1292/state/1/lga/3874/ward/26308/pu/120608/120608-1677686047.pdf,2023-03-01T15:55:00.262Z,false,https://raw.githubusercontent.com/mykeels/inec-presidential-elections-2023/master/results/37-zamfara\3874-talata-mafara\26308-sauna-r-gora\polling-units.json
ZAMFARA,TALATA MAFARA,SAUNA R/ GORA,TUKKU   /  YAR KASUWA,36/12/08/010,https://docs.inecelectionresults.net/elections_prod/1292/state/1/lga/3874/ward/26308/pu/120607/120607-1677684840.pdf,2023-03-01T15:35:01.240Z,true,https://raw.githubusercontent.com/mykeels/inec-presidential-elections-2023/master/results/37-zamfara\3874-talata-mafara\26308-sauna-r-gora\polling-units.json
ZAMFARA,TALATA MAFARA,SAUNA R/ GORA,TUNGAR RINI   /    PRIMARY SCHOOL,36/12/08/018,https://docs.inecelectionresults.net/elections_prod/1292/state/1/lga/3874/ward/26308/pu/120615/120615-1677688616.pdf,2023-03-01T16:37:00.554Z,false,https://raw.githubusercontent.com/mykeels/inec-presidential-elections-2023/master/results/37-zamfara\3874-talata-mafara\26308-sauna-r-gora\polling-units.json
ZAMFARA,TALATA MAFARA,SAUNA R/ GORA,WARE WARE    /   GARKAR HAKIMI,36/12/08/016,https://docs.inecelectionresults.net/elections_prod/1292/state/1/lga/3874/ward/26308/pu/120613/120613-1677688044.pdf,2023-03-01T16:28:00.614Z,false,https://raw.githubusercontent.com/mykeels/inec-presidential-elections-2023/master/results/37-zamfara\3874-talata-mafara\26308-sauna-r-gora\polling-units.json
ZAMFARA,TALATA MAFARA,SAUNA R/ GORA,YAN BORAYE   /  OFFISIN HAKIMI,36/12/08/014,https://docs.inecelectionresults.net/elections_prod/1292/state/1/lga/3874/ward/26308/pu/120611/120611-1677687383.pdf,2023-03-01T16:17:00.221Z,false,https://raw.githubusercontent.com/mykeels/inec-presidential-elections-2023/master/results/37-zamfara\3874-talata-mafara\26308-sauna-r-gora\polling-units.json
ZAMFARA,TALATA MAFARA,SAUNA R/ GORA,YAN LIMA   /   DAN FILI,36/12/08/022,https://docs.inecelectionresults.net/elections_prod/1292/state/01/lga/12/ward/08/pu/022/022-1677362295.pdf,2023-02-25T21:59:00.929Z,false,https://raw.githubusercontent.com/mykeels/inec-presidential-elections-2023/master/results/37-zamfara\3874-talata-mafara\26308-sauna-r-gora\polling-units.json
ZAMFARA,TALATA MAFARA,SHIYAR GALADIMA,BASARA I   /   PRI. SCH.,36/12/09/021,,,false,https://raw.githubusercontent.com/mykeels/inec-presidential-elections-2023/master/results/37-zamfara\3874-talata-mafara\26309-shiyar-galadima\polling-units.json
ZAMFARA,TALATA MAFARA,SHIYAR GALADIMA,COMPLEX     /  PRI. SCH.,36/12/09/024,,,false,https://raw.githubusercontent.com/mykeels/inec-presidential-elections-2023/master/results/37-zamfara\3874-talata-mafara\26309-shiyar-galadima\polling-units.json
ZAMFARA,TALATA MAFARA,SHIYAR GALADIMA,COMPLEX II/ COLONY COMFLEX CORPERS LODGE,36/12/09/059,,,false,https://raw.githubusercontent.com/mykeels/inec-presidential-elections-2023/master/results/37-zamfara\3874-talata-mafara\26309-shiyar-galadima\polling-units.json
ZAMFARA,TALATA MAFARA,SHIYAR GALADIMA,DAN JALLABA    /  GARKAR ABU DOGO,36/12/09/010,,,false,https://raw.githubusercontent.com/mykeels/inec-presidential-elections-2023/master/results/37-zamfara\3874-talata-mafara\26309-shiyar-galadima\polling-units.json
ZAMFARA,TALATA MAFARA,SHIYAR GALADIMA,DAN JALLABA II/ TANKIN RUWA/ BAKIN MAKABARTA,36/12/09/043,,,false,https://raw.githubusercontent.com/mykeels/inec-presidential-elections-2023/master/results/37-zamfara\3874-talata-mafara\26309-shiyar-galadima\polling-units.json
ZAMFARA,TALATA MAFARA,SHIYAR GALADIMA,DAN JALLABA III/ UNGUWAR ROGO/ BAKIN TRANSFORMER,36/12/09/044,,,false,https://raw.githubusercontent.com/mykeels/inec-presidential-elections-2023/master/results/37-zamfara\3874-talata-mafara\26309-shiyar-galadima\polling-units.json
ZAMFARA,TALATA MAFARA,SHIYAR GALADIMA,DAN RINI / GARKAR SA'IDU,36/12/09/014,,,false,https://raw.githubusercontent.com/mykeels/inec-presidential-elections-2023/master/results/37-zamfara\3874-talata-mafara\26309-shiyar-galadima\polling-units.json
ZAMFARA,TALATA MAFARA,SHIYAR GALADIMA,DAN RINI II/ TANDERU BAKIN RIJIYA,36/12/09/050,,,false,https://raw.githubusercontent.com/mykeels/inec-presidential-elections-2023/master/results/37-zamfara\3874-talata-mafara\26309-shiyar-galadima\polling-units.json
ZAMFARA,TALATA MAFARA,SHIYAR GALADIMA,DAN RINI III/ SHIYAR BASA BAKIN BOREHOLE,36/12/09/057,,,false,https://raw.githubusercontent.com/mykeels/inec-presidential-elections-2023/master/results/37-zamfara\3874-talata-mafara\26309-shiyar-galadima\polling-units.json
ZAMFARA,TALATA MAFARA,SHIYAR GALADIMA,DANKURA    /   BAKIN KWAKWARA,36/12/09/004,,,false,https://raw.githubusercontent.com/mykeels/inec-presidential-elections-2023/master/results/37-zamfara\3874-talata-mafara\26309-shiyar-galadima\polling-units.json
ZAMFARA,TALATA MAFARA,SHIYAR GALADIMA,DANKURA II/ YAN HUDU LAYI/ BAKIN TRANSFORMER,36/12/09/035,,,false,https://raw.githubusercontent.com/mykeels/inec-presidential-elections-2023/master/results/37-zamfara\3874-talata-mafara\26309-shiyar-galadima\polling-units.json
ZAMFARA,TALATA MAFARA,SHIYAR GALADIMA,DOGON GAWO    /  YARKURNA,36/12/09/002,,,false,https://raw.githubusercontent.com/mykeels/inec-presidential-elections-2023/master/results/37-zamfara\3874-talata-mafara\26309-shiyar-galadima\polling-units.json
ZAMFARA,TALATA MAFARA,SHIYAR GALADIMA,DOGON GAWO II/YARKURNA/BAKIN KASUWA,36/12/09/031,,,false,https://raw.githubusercontent.com/mykeels/inec-presidential-elections-2023/master/results/37-zamfara\3874-talata-mafara\26309-shiyar-galadima\polling-units.json
ZAMFARA,TALATA MAFARA,SHIYAR GALADIMA,DOGON GAWO III/ TABKIN GANDU,36/12/09/032,,,false,https://raw.githubusercontent.com/mykeels/inec-presidential-elections-2023/master/results/37-zamfara\3874-talata-mafara\26309-shiyar-galadima\polling-units.json
ZAMFARA,TALATA MAFARA,SHIYAR GALADIMA,GEMAWA   /  BAKIN MASALLACHI,36/12/09/022,,,false,https://raw.githubusercontent.com/mykeels/inec-presidential-elections-2023/master/results/37-zamfara\3874-talata-mafara\26309-shiyar-galadima\polling-units.json
ZAMFARA,TALATA MAFARA,SHIYAR GALADIMA,GILMAMMA / VILL. HEAD OFFICE,36/12/09/027,,,false,https://raw.githubusercontent.com/mykeels/inec-presidential-elections-2023/master/results/37-zamfara\3874-talata-mafara\26309-shiyar-galadima\polling-units.json
ZAMFARA,TALATA MAFARA,SHIYAR GALADIMA,GURBI   /   GARKAR S. YAKI,36/12/09/020,,,false,https://raw.githubusercontent.com/mykeels/inec-presidential-elections-2023/master/results/37-zamfara\3874-talata-mafara\26309-shiyar-galadima\polling-units.json
ZAMFARA,TALATA MAFARA,SHIYAR GALADIMA,GWADARA    /  GARKA M. YUSUF,36/12/09/011,,,false,https://raw.githubusercontent.com/mykeels/inec-presidential-elections-2023/master/results/37-zamfara\3874-talata-mafara\26309-shiyar-galadima\polling-units.json
ZAMFARA,TALATA MAFARA,SHIYAR GALADIMA,GWADARA II/ ASABITIN TABKIN KYALLU/BAKIN ASIBITI,36/12/09/045,,,false,https://raw.githubusercontent.com/mykeels/inec-presidential-elections-2023/master/results/37-zamfara\3874-talata-mafara\26309-shiyar-galadima\polling-units.json
ZAMFARA,TALATA MAFARA,SHIYAR GALADIMA,HUDODI   /   TSAMIYA,36/12/09/028,,,false,https://raw.githubusercontent.com/mykeels/inec-presidential-elections-2023/master/results/37-zamfara\3874-talata-mafara\26309-shiyar-galadima\polling-units.json
ZAMFARA,TALATA MAFARA,SHIYAR GALADIMA,KARTAWA / GARKAR BALARABE,36/12/09/007,,,false,https://raw.githubusercontent.com/mykeels/inec-presidential-elections-2023/master/results/37-zamfara\3874-talata-mafara\26309-shiyar-galadima\polling-units.json
ZAMFARA,TALATA MAFARA,SHIYAR GALADIMA,KARTAWA II/ KARHI BAKIN TRANSFORMER,36/12/09/038,,,false,https://raw.githubusercontent.com/mykeels/inec-presidential-elections-2023/master/results/37-zamfara\3874-talata-mafara\26309-shiyar-galadima\polling-units.json
ZAMFARA,TALATA MAFARA,SHIYAR GALADIMA,MAITAKO / KUSA DA MASALLACHI,36/12/09/026,,,false,https://raw.githubusercontent.com/mykeels/inec-presidential-elections-2023/master/results/37-zamfara\3874-talata-mafara\26309-shiyar-galadima\polling-units.json
ZAMFARA,TALATA MAFARA,SHIYAR GALADIMA,MALAN BAIDU   /   GARKAR HAKIMI,36/12/09/025,https://docs.inecelectionresults.net/elections_prod/1292/state/01/lga/12/ward/09/pu/025/025-1677364110.pdf,2023-02-25T22:29:02.446Z,false,https://raw.githubusercontent.com/mykeels/inec-presidential-elections-2023/master/results/37-zamfara\3874-talata-mafara\26309-shiyar-galadima\polling-units.json
ZAMFARA,TALATA MAFARA,SHIYAR GALADIMA,MASALLACIN JUMA'A II/ GARKAR UBANDAWAKI,36/12/09/033,,,false,https://raw.githubusercontent.com/mykeels/inec-presidential-elections-2023/master/results/37-zamfara\3874-talata-mafara\26309-shiyar-galadima\polling-units.json
ZAMFARA,TALATA MAFARA,SHIYAR GALADIMA,MASALLACIN JUMA'A III/ TABKIN GANDU/ TITIN B/ MASALLACIN JUMAA,36/12/09/034,,,false,https://raw.githubusercontent.com/mykeels/inec-presidential-elections-2023/master/results/37-zamfara\3874-talata-mafara\26309-shiyar-galadima\polling-units.json
ZAMFARA,TALATA MAFARA,SHIYAR GALADIMA,MASALLACIN JUMM'A   /  GARKAR UBANDAWAKI,36/12/09/003,,,false,https://raw.githubusercontent.com/mykeels/inec-presidential-elections-2023/master/results/37-zamfara\3874-talata-mafara\26309-shiyar-galadima\polling-units.json
ZAMFARA,TALATA MAFARA,SHIYAR GALADIMA,SH/LUMU    /    BAKIN MASALLACHI,36/12/09/013,,,false,https://raw.githubusercontent.com/mykeels/inec-presidential-elections-2023/master/results/37-zamfara\3874-talata-mafara\26309-shiyar-galadima\polling-units.json
ZAMFARA,TALATA MAFARA,SHIYAR GALADIMA,SHAGON TUKUR MANGO  I   /  MINISTRY OF AGRIC.,36/12/09/008,,,false,https://raw.githubusercontent.com/mykeels/inec-presidential-elections-2023/master/results/37-zamfara\3874-talata-mafara\26309-shiyar-galadima\polling-units.json
ZAMFARA,TALATA MAFARA,SHIYAR GALADIMA,SHAGON TUKUR MANGO  II   /   MAKARANTAR  M.  SANUSI,36/12/09/016,,,false,https://raw.githubusercontent.com/mykeels/inec-presidential-elections-2023/master/results/37-zamfara\3874-talata-mafara\26309-shiyar-galadima\polling-units.json
ZAMFARA,TALATA MAFARA,SHIYAR GALADIMA,SHAGON TUKUR MANGO III/ MODEL PRI SCH,36/12/09/039,,,false,https://raw.githubusercontent.com/mykeels/inec-presidential-elections-2023/master/results/37-zamfara\3874-talata-mafara\26309-shiyar-galadima\polling-units.json
ZAMFARA,TALATA MAFARA,SHIYAR GALADIMA,SHAGON TUKUR MANGO IV/ LGEA,36/12/09/040,,,false,https://raw.githubusercontent.com/mykeels/inec-presidential-elections-2023/master/results/37-zamfara\3874-talata-mafara\26309-shiyar-galadima\polling-units.json
ZAMFARA,TALATA MAFARA,SHIYAR GALADIMA,SHAGON TUKUR MANGO V/BAKIN YAR KOFA/MALLAMAWA,36/12/09/053,,,false,https://raw.githubusercontent.com/mykeels/inec-presidential-elections-2023/master/results/37-zamfara\3874-talata-mafara\26309-shiyar-galadima\polling-units.json
ZAMFARA,TALATA MAFARA,SHIYAR GALADIMA,SHIYAR  NA-MARU   /   GARKAR NA MARU,36/12/09/018,,,false,https://raw.githubusercontent.com/mykeels/inec-presidential-elections-2023/master/results/37-zamfara\3874-talata-mafara\26309-shiyar-galadima\polling-units.json
ZAMFARA,TALATA MAFARA,SHIYAR GALADIMA,SHIYAR AJIYA    /   GARKAR JEKADA,36/12/09/005,,,false,https://raw.githubusercontent.com/mykeels/inec-presidential-elections-2023/master/results/37-zamfara\3874-talata-mafara\26309-shiyar-galadima\polling-units.json
ZAMFARA,TALATA MAFARA,SHIYAR GALADIMA,SHIYAR AJIYA II/CENTRE BAKIN TABKI,36/12/09/036,,,false,https://raw.githubusercontent.com/mykeels/inec-presidential-elections-2023/master/results/37-zamfara\3874-talata-mafara\26309-shiyar-galadima\polling-units.json
ZAMFARA,TALATA MAFARA,SHIYAR GALADIMA,SHIYAR LUMU II/ YARCHEDIYA/ BAKIN TABKI,36/12/09/049,,,false,https://raw.githubusercontent.com/mykeels/inec-presidential-elections-2023/master/results/37-zamfara\3874-talata-mafara\26309-shiyar-galadima\polling-units.json
ZAMFARA,TALATA MAFARA,SHIYAR GALADIMA,SHIYAR NA-MARU II/ ABBAKAR TURETA,36/12/09/055,,,false,https://raw.githubusercontent.com/mykeels/inec-presidential-elections-2023/master/results/37-zamfara\3874-talata-mafara\26309-shiyar-galadima\polling-units.json
ZAMFARA,TALATA MAFARA,SHIYAR GALADIMA,SHIYAR NA-MARU III/ YARBEDI BAKIN BOLA,36/12/09/056,,,false,https://raw.githubusercontent.com/mykeels/inec-presidential-elections-2023/master/results/37-zamfara\3874-talata-mafara\26309-shiyar-galadima\polling-units.json
ZAMFARA,TALATA MAFARA,SHIYAR GALADIMA,SHIYAR S/MAFARA    /   KANWURIN   SARKI,36/12/09/009,,,false,https://raw.githubusercontent.com/mykeels/inec-presidential-elections-2023/master/results/37-zamfara\3874-talata-mafara\26309-shiyar-galadima\polling-units.json
ZAMFARA,TALATA MAFARA,SHIYAR GALADIMA,SHIYAR S/MAFARA/ KANWURI II/SABON FEGE B/DOGON KARFE,36/12/09/041,,,false,https://raw.githubusercontent.com/mykeels/inec-presidential-elections-2023/master/results/37-zamfara\3874-talata-mafara\26309-shiyar-galadima\polling-units.json
ZAMFARA,TALATA MAFARA,SHIYAR GALADIMA,SHIYAR S/MAFARA/ KANWURI III/ TANKIN RUWA LAYOUT,36/12/09/042,https://docs.inecelectionresults.net/elections_prod/1292/state/01/lga/12/ward/09/pu/042/042-1677366616.pdf,2023-02-25T23:11:01.266Z,false,https://raw.githubusercontent.com/mykeels/inec-presidential-elections-2023/master/results/37-zamfara\3874-talata-mafara\26309-shiyar-galadima\polling-units.json
ZAMFARA,TALATA MAFARA,SHIYAR GALADIMA,SHIYAR SANI GAUDE II/ SHINKAFI MODEL PRI SCH,36/12/09/054,,,false,https://raw.githubusercontent.com/mykeels/inec-presidential-elections-2023/master/results/37-zamfara\3874-talata-mafara\26309-shiyar-galadima\polling-units.json
ZAMFARA,TALATA MAFARA,SHIYAR GALADIMA,SHIYAR SANNI GANDE   /   BAKIN  MASALLACHI,36/12/09/017,,,false,https://raw.githubusercontent.com/mykeels/inec-presidential-elections-2023/master/results/37-zamfara\3874-talata-mafara\26309-shiyar-galadima\polling-units.json
ZAMFARA,TALATA MAFARA,SHIYAR GALADIMA,TABKIN BUSAU  II / BAKIN KWAKWARA,36/12/09/015,,,false,https://raw.githubusercontent.com/mykeels/inec-presidential-elections-2023/master/results/37-zamfara\3874-talata-mafara\26309-shiyar-galadima\polling-units.json
ZAMFARA,TALATA MAFARA,SHIYAR GALADIMA,TABKIN BUSAU I    /  MAKERA,36/12/09/006,,,false,https://raw.githubusercontent.com/mykeels/inec-presidential-elections-2023/master/results/37-zamfara\3874-talata-mafara\26309-shiyar-galadima\polling-units.json
ZAMFARA,TALATA MAFARA,SHIYAR GALADIMA,TABKIN BUSAU III/AGWARAGI SEC SCH,36/12/09/037,,,false,https://raw.githubusercontent.com/mykeels/inec-presidential-elections-2023/master/results/37-zamfara\3874-talata-mafara\26309-shiyar-galadima\polling-units.json
ZAMFARA,TALATA MAFARA,SHIYAR GALADIMA,TABKIN BUSAU IV/ N.D.L.E.A.,36/12/09/051,,,false,https://raw.githubusercontent.com/mykeels/inec-presidential-elections-2023/master/results/37-zamfara\3874-talata-mafara\26309-shiyar-galadima\polling-units.json
ZAMFARA,TALATA MAFARA,SHIYAR GALADIMA,TABKIN BUSAU V/ BAKIN GENERAL HOSP FARIN WATA,36/12/09/052,,,false,https://raw.githubusercontent.com/mykeels/inec-presidential-elections-2023/master/results/37-zamfara\3874-talata-mafara\26309-shiyar-galadima\polling-units.json
ZAMFARA,TALATA MAFARA,SHIYAR GALADIMA,TOWNSHIP    /   PRI. SCH.,36/12/09/001,,,false,https://raw.githubusercontent.com/mykeels/inec-presidential-elections-2023/master/results/37-zamfara\3874-talata-mafara\26309-shiyar-galadima\polling-units.json
ZAMFARA,TALATA MAFARA,SHIYAR GALADIMA,TOWNSHIP/PRI. SCH II/PRISON/ GIDAN YARI,36/12/09/029,,,false,https://raw.githubusercontent.com/mykeels/inec-presidential-elections-2023/master/results/37-zamfara\3874-talata-mafara\26309-shiyar-galadima\polling-units.json
ZAMFARA,TALATA MAFARA,SHIYAR GALADIMA,TOWNSHIP/PRI. SCH III/TABKIN KARHI/ BAKIN TABKI,36/12/09/030,,,false,https://raw.githubusercontent.com/mykeels/inec-presidential-elections-2023/master/results/37-zamfara\3874-talata-mafara\26309-shiyar-galadima\polling-units.json
ZAMFARA,TALATA MAFARA,SHIYAR GALADIMA,TSAKUWA    /  PRIMARY SCHOOL,36/12/09/019,,,false,https://raw.githubusercontent.com/mykeels/inec-presidential-elections-2023/master/results/37-zamfara\3874-talata-mafara\26309-shiyar-galadima\polling-units.json
ZAMFARA,TALATA MAFARA,SHIYAR GALADIMA,TSAKUWA II/ MAGINAR KASA/ BAKIN TANKIN SOLAR,36/12/09/058,https://docs.inecelectionresults.net/elections_prod/1292/state/01/lga/12/ward/09/pu/058/058-1677379048.pdf,2023-02-26T02:38:01.247Z,false,https://raw.githubusercontent.com/mykeels/inec-presidential-elections-2023/master/results/37-zamfara\3874-talata-mafara\26309-shiyar-galadima\polling-units.json
ZAMFARA,TALATA MAFARA,SHIYAR GALADIMA,TUNGAR LADA  /  BAKIN MASALLACHI,36/12/09/023,,,false,https://raw.githubusercontent.com/mykeels/inec-presidential-elections-2023/master/results/37-zamfara\3874-talata-mafara\26309-shiyar-galadima\polling-units.json
ZAMFARA,TALATA MAFARA,SHIYAR GALADIMA,YALWA / GARKA M. ISA,36/12/09/012,,,false,https://raw.githubusercontent.com/mykeels/inec-presidential-elections-2023/master/results/37-zamfara\3874-talata-mafara\26309-shiyar-galadima\polling-units.json
ZAMFARA,TALATA MAFARA,SHIYAR GALADIMA,YALWA II/ BAKIN CIVIL DEFENCE OFFICE,36/12/09/046,,,false,https://raw.githubusercontent.com/mykeels/inec-presidential-elections-2023/master/results/37-zamfara\3874-talata-mafara\26309-shiyar-galadima\polling-units.json
ZAMFARA,TALATA MAFARA,SHIYAR GALADIMA,YALWA III/ YALWA MODEL PRI. SCH,36/12/09/047,,,false,https://raw.githubusercontent.com/mykeels/inec-presidential-elections-2023/master/results/37-zamfara\3874-talata-mafara\26309-shiyar-galadima\polling-units.json
ZAMFARA,TALATA MAFARA,SHIYAR GALADIMA,YALWA IV/ SHARIAH HIGH COURT LOWCOST,36/12/09/048,,,false,https://raw.githubusercontent.com/mykeels/inec-presidential-elections-2023/master/results/37-zamfara\3874-talata-mafara\26309-shiyar-galadima\polling-units.json
ZAMFARA,TALATA MAFARA,SHIYAR KAYAYE/MATUSGI,ASIBITI KARAMA    /   CLINIC,36/12/10/006,https://docs.inecelectionresults.net/elections_prod/1292/state/1/lga/3874/ward/26310/pu/120653/120653-1677679305.pdf,2023-03-01T14:02:00.737Z,false,https://raw.githubusercontent.com/mykeels/inec-presidential-elections-2023/master/results/37-zamfara\3874-talata-mafara\26310-shiyar-kayaye-matusgi\polling-units.json
ZAMFARA,TALATA MAFARA,SHIYAR KAYAYE/MATUSGI,ASIBITI KARAMA II/ FOCAL PRI. SCH,36/12/10/029,https://docs.inecelectionresults.net/elections_prod/1292/state/1/lga/3874/ward/26310/pu/178456/178456-1677685668.pdf,2023-03-01T15:48:00.429Z,false,https://raw.githubusercontent.com/mykeels/inec-presidential-elections-2023/master/results/37-zamfara\3874-talata-mafara\26310-shiyar-kayaye-matusgi\polling-units.json
ZAMFARA,TALATA MAFARA,SHIYAR KAYAYE/MATUSGI,ASIBITI KARAMA III/ Z.A.S.I. E.C,36/12/10/030,https://docs.inecelectionresults.net/elections_prod/1292/state/1/lga/3874/ward/26310/pu/178457/178457-1677685619.pdf,2023-03-01T15:48:01.358Z,true,https://raw.githubusercontent.com/mykeels/inec-presidential-elections-2023/master/results/37-zamfara\3874-talata-mafara\26310-shiyar-kayaye-matusgi\polling-units.json
ZAMFARA,TALATA MAFARA,SHIYAR KAYAYE/MATUSGI,B/KASUWA YAMMA  /  ASIBITIN  DABBOBI,36/12/10/002,https://docs.inecelectionresults.net/elections_prod/1292/state/1/lga/3874/ward/26310/pu/120649/120649-1677677855.pdf,2023-03-01T13:38:00.536Z,false,https://raw.githubusercontent.com/mykeels/inec-presidential-elections-2023/master/results/37-zamfara\3874-talata-mafara\26310-shiyar-kayaye-matusgi\polling-units.json
ZAMFARA,TALATA MAFARA,SHIYAR KAYAYE/MATUSGI,BAKIN BANKI   /   BAYAN BANK  I,36/12/10/007,,,false,https://raw.githubusercontent.com/mykeels/inec-presidential-elections-2023/master/results/37-zamfara\3874-talata-mafara\26310-shiyar-kayaye-matusgi\polling-units.json
ZAMFARA,TALATA MAFARA,SHIYAR KAYAYE/MATUSGI,BAKIN BANKI II/ OLD FIRE SERVICE,36/12/10/031,https://docs.inecelectionresults.net/elections_prod/1292/state/1/lga/3874/ward/26310/pu/178458/178458-1677685932.pdf,2023-03-01T15:53:00.285Z,false,https://raw.githubusercontent.com/mykeels/inec-presidential-elections-2023/master/results/37-zamfara\3874-talata-mafara\26310-shiyar-kayaye-matusgi\polling-units.json
ZAMFARA,TALATA MAFARA,SHIYAR KAYAYE/MATUSGI,BAKIN BANKI III/ TSOHON GIDAN WUTA,36/12/10/032,https://docs.inecelectionresults.net/elections_prod/1292/state/1/lga/3874/ward/26310/pu/178459/178459-1677686240.pdf,2023-03-01T15:58:00.377Z,false,https://raw.githubusercontent.com/mykeels/inec-presidential-elections-2023/master/results/37-zamfara\3874-talata-mafara\26310-shiyar-kayaye-matusgi\polling-units.json
ZAMFARA,TALATA MAFARA,SHIYAR KAYAYE/MATUSGI,BAKIN BANKI IV/ FILIN ASARARA,36/12/10/033,https://docs.inecelectionresults.net/elections_prod/1292/state/1/lga/3874/ward/26310/pu/178460/178460-1677686534.pdf,2023-03-01T16:03:00.286Z,false,https://raw.githubusercontent.com/mykeels/inec-presidential-elections-2023/master/results/37-zamfara\3874-talata-mafara\26310-shiyar-kayaye-matusgi\polling-units.json
ZAMFARA,TALATA MAFARA,SHIYAR KAYAYE/MATUSGI,BAKIN BANKI V/ BELLO WADATA MODEL PRI SCH,36/12/10/034,https://docs.inecelectionresults.net/elections_prod/1292/state/1/lga/3874/ward/26310/pu/178461/178461-1677681673.pdf,2023-03-01T14:42:01.446Z,true,https://raw.githubusercontent.com/mykeels/inec-presidential-elections-2023/master/results/37-zamfara\3874-talata-mafara\26310-shiyar-kayaye-matusgi\polling-units.json
ZAMFARA,TALATA MAFARA,SHIYAR KAYAYE/MATUSGI,BAKIN KASUWA GABAS   /  GARKAR ALIYU,36/12/10/003,https://docs.inecelectionresults.net/elections_prod/1292/state/1/lga/3874/ward/26310/pu/120650/120650-1677678519.pdf,2023-03-01T13:49:01.301Z,false,https://raw.githubusercontent.com/mykeels/inec-presidential-elections-2023/master/results/37-zamfara\3874-talata-mafara\26310-shiyar-kayaye-matusgi\polling-units.json
ZAMFARA,TALATA MAFARA,SHIYAR KAYAYE/MATUSGI,BAKIN KASUWA GABAS II/ KWATA/ MAHAUTA,36/12/10/026,https://docs.inecelectionresults.net/elections_prod/1292/state/1/lga/3874/ward/26310/pu/178453/178453-1677684873.pdf,2023-03-01T15:35:00.547Z,false,https://raw.githubusercontent.com/mykeels/inec-presidential-elections-2023/master/results/37-zamfara\3874-talata-mafara\26310-shiyar-kayaye-matusgi\polling-units.json
ZAMFARA,TALATA MAFARA,SHIYAR KAYAYE/MATUSGI,BAKIN KASUWA GANGARE    /   FILIN YAN BUHUHUWA,36/12/10/014,https://docs.inecelectionresults.net/elections_prod/1292/state/1/lga/3874/ward/26310/pu/120661/120661-1677682218.pdf,2023-03-01T14:51:00.369Z,false,https://raw.githubusercontent.com/mykeels/inec-presidential-elections-2023/master/results/37-zamfara\3874-talata-mafara\26310-shiyar-kayaye-matusgi\polling-units.json
ZAMFARA,TALATA MAFARA,SHIYAR KAYAYE/MATUSGI,BAKIN KASUWA YAMMA II/ MINI MARKET TASHAR HOCE,36/12/10/025,https://docs.inecelectionresults.net/elections_prod/1292/state/1/lga/3874/ward/26310/pu/178452/178452-1677684515.pdf,2023-03-01T15:29:00.489Z,false,https://raw.githubusercontent.com/mykeels/inec-presidential-elections-2023/master/results/37-zamfara\3874-talata-mafara\26310-shiyar-kayaye-matusgi\polling-units.json
ZAMFARA,TALATA MAFARA,SHIYAR KAYAYE/MATUSGI,BAKIN TASHA   /   CO-OPERATIVE,36/12/10/008,https://docs.inecelectionresults.net/elections_prod/1292/state/1/lga/3874/ward/26310/pu/120655/120655-1677679869.pdf,2023-03-01T14:12:00.138Z,false,https://raw.githubusercontent.com/mykeels/inec-presidential-elections-2023/master/results/37-zamfara\3874-talata-mafara\26310-shiyar-kayaye-matusgi\polling-units.json
ZAMFARA,TALATA MAFARA,SHIYAR KAYAYE/MATUSGI,BAKIN ZAZI   /   PRIMARY SCHOOL,36/12/10/011,https://docs.inecelectionresults.net/elections_prod/1292/state/01/lga/12/ward/10/pu/011/011-1677365465.pdf,2023-02-25T22:52:00.868Z,false,https://raw.githubusercontent.com/mykeels/inec-presidential-elections-2023/master/results/37-zamfara\3874-talata-mafara\26310-shiyar-kayaye-matusgi\polling-units.json
ZAMFARA,TALATA MAFARA,SHIYAR KAYAYE/MATUSGI,BAKIN ZAZI II/ KAYATAWA BAKIN RIJIYA,36/12/10/038,https://docs.inecelectionresults.net/elections_prod/1292/state/1/lga/3874/ward/26310/pu/178465/178465-1677683372.pdf,2023-03-01T15:10:00.779Z,false,https://raw.githubusercontent.com/mykeels/inec-presidential-elections-2023/master/results/37-zamfara\3874-talata-mafara\26310-shiyar-kayaye-matusgi\polling-units.json
ZAMFARA,TALATA MAFARA,SHIYAR KAYAYE/MATUSGI,DAN DAUSA  / OFISHIN HAKIMI,36/12/10/022,https://docs.inecelectionresults.net/elections_prod/1292/state/1/lga/3874/ward/26310/pu/120669/120669-1677683864.pdf,2023-03-01T15:18:00.473Z,false,https://raw.githubusercontent.com/mykeels/inec-presidential-elections-2023/master/results/37-zamfara\3874-talata-mafara\26310-shiyar-kayaye-matusgi\polling-units.json
ZAMFARA,TALATA MAFARA,SHIYAR KAYAYE/MATUSGI,DUDUMA     /  PRIMARY SCHOOL,36/12/10/016,https://docs.inecelectionresults.net/elections_prod/1292/state/1/lga/3874/ward/26310/pu/120663/120663-1677682597.pdf,2023-03-01T14:58:00.483Z,false,https://raw.githubusercontent.com/mykeels/inec-presidential-elections-2023/master/results/37-zamfara\3874-talata-mafara\26310-shiyar-kayaye-matusgi\polling-units.json
ZAMFARA,TALATA MAFARA,SHIYAR KAYAYE/MATUSGI,DUDUMA II/ GARBAN  DAJI PRI. SCH,36/12/10/041,https://docs.inecelectionresults.net/elections_prod/1292/state/1/lga/3874/ward/26310/pu/178468/178468-1677684253.pdf,2023-03-01T15:25:01.244Z,true,https://raw.githubusercontent.com/mykeels/inec-presidential-elections-2023/master/results/37-zamfara\3874-talata-mafara\26310-shiyar-kayaye-matusgi\polling-units.json
ZAMFARA,TALATA MAFARA,SHIYAR KAYAYE/MATUSGI,GIDAN MABA GANGA / GARKAR MABA GANGA,36/12/10/018,,,false,https://raw.githubusercontent.com/mykeels/inec-presidential-elections-2023/master/results/37-zamfara\3874-talata-mafara\26310-shiyar-kayaye-matusgi\polling-units.json
ZAMFARA,TALATA MAFARA,SHIYAR KAYAYE/MATUSGI,GIDAN MAI BABA / PRIMARY SCHOOL,36/12/10/021,https://docs.inecelectionresults.net/elections_prod/1292/state/1/lga/3874/ward/26310/pu/120668/120668-1677683686.pdf,2023-03-01T15:15:00.590Z,false,https://raw.githubusercontent.com/mykeels/inec-presidential-elections-2023/master/results/37-zamfara\3874-talata-mafara\26310-shiyar-kayaye-matusgi\polling-units.json
ZAMFARA,TALATA MAFARA,SHIYAR KAYAYE/MATUSGI,GIDAN MAI BABA II/ TUNGAR MIYA PRI SCH,36/12/10/043,https://docs.inecelectionresults.net/elections_prod/1292/state/1/lga/3874/ward/26310/pu/178470/178470-1677684935.pdf,2023-03-01T15:36:00.430Z,false,https://raw.githubusercontent.com/mykeels/inec-presidential-elections-2023/master/results/37-zamfara\3874-talata-mafara\26310-shiyar-kayaye-matusgi\polling-units.json
ZAMFARA,TALATA MAFARA,SHIYAR KAYAYE/MATUSGI,GIDAN S/YAKI  /   PRI. SCH.,36/12/10/010,,,false,https://raw.githubusercontent.com/mykeels/inec-presidential-elections-2023/master/results/37-zamfara\3874-talata-mafara\26310-shiyar-kayaye-matusgi\polling-units.json
ZAMFARA,TALATA MAFARA,SHIYAR KAYAYE/MATUSGI,GIDAN S/YAKI II/ BAKIN ASIBITI/PRI. HEALTH CARE,36/12/10/037,https://docs.inecelectionresults.net/elections_prod/1292/state/1/lga/3874/ward/26310/pu/178464/178464-1677683072.pdf,2023-03-01T15:05:01.037Z,false,https://raw.githubusercontent.com/mykeels/inec-presidential-elections-2023/master/results/37-zamfara\3874-talata-mafara\26310-shiyar-kayaye-matusgi\polling-units.json
ZAMFARA,TALATA MAFARA,SHIYAR KAYAYE/MATUSGI,GIDAN SADAU / GARKAR HAKIMI,36/12/10/023,https://docs.inecelectionresults.net/elections_prod/1292/state/1/lga/3874/ward/26310/pu/120670/120670-1677684081.pdf,2023-03-01T15:22:00.340Z,false,https://raw.githubusercontent.com/mykeels/inec-presidential-elections-2023/master/results/37-zamfara\3874-talata-mafara\26310-shiyar-kayaye-matusgi\polling-units.json
ZAMFARA,TALATA MAFARA,SHIYAR KAYAYE/MATUSGI,GIDAN TUDU/SHIYAR TUDU,36/12/10/019,https://docs.inecelectionresults.net/elections_prod/1292/state/1/lga/3874/ward/26310/pu/120666/120666-1677683148.pdf,2023-03-01T15:06:00.605Z,false,https://raw.githubusercontent.com/mykeels/inec-presidential-elections-2023/master/results/37-zamfara\3874-talata-mafara\26310-shiyar-kayaye-matusgi\polling-units.json
ZAMFARA,TALATA MAFARA,SHIYAR KAYAYE/MATUSGI,GIDAN UBANDAWAKI  / GARKAR U/DAWAKI,36/12/10/020,https://docs.inecelectionresults.net/elections_prod/1292/state/1/lga/3874/ward/26310/pu/120667/120667-1677683434.pdf,2023-03-01T15:11:00.516Z,false,https://raw.githubusercontent.com/mykeels/inec-presidential-elections-2023/master/results/37-zamfara\3874-talata-mafara\26310-shiyar-kayaye-matusgi\polling-units.json
ZAMFARA,TALATA MAFARA,SHIYAR KAYAYE/MATUSGI,SHIYAR KOFA II/ MAKERA FARA TSOHUWAR KANWURI,36/12/10/027,https://docs.inecelectionresults.net/elections_prod/1292/state/1/lga/3874/ward/26310/pu/178454/178454-1677685176.pdf,2023-03-01T15:40:00.240Z,false,https://raw.githubusercontent.com/mykeels/inec-presidential-elections-2023/master/results/37-zamfara\3874-talata-mafara\26310-shiyar-kayaye-matusgi\polling-units.json
ZAMFARA,TALATA MAFARA,SHIYAR KAYAYE/MATUSGI,SHIYAR/KOFA /GARKI ADAMU MAIMANJA,36/12/10/004,https://docs.inecelectionresults.net/elections_prod/1292/state/01/lga/12/ward/10/pu/004/004-1677368832.pdf,2023-02-25T23:48:01.293Z,false,https://raw.githubusercontent.com/mykeels/inec-presidential-elections-2023/master/results/37-zamfara\3874-talata-mafara\26310-shiyar-kayaye-matusgi\polling-units.json
ZAMFARA,TALATA MAFARA,SHIYAR KAYAYE/MATUSGI,TABKIN ASAULA / GARKAR A. KUNGU,36/12/10/001,https://docs.inecelectionresults.net/elections_prod/1292/state/1/lga/3874/ward/26310/pu/120648/120648-1677676382.pdf,2023-03-01T13:14:00.109Z,false,https://raw.githubusercontent.com/mykeels/inec-presidential-elections-2023/master/results/37-zamfara\3874-talata-mafara\26310-shiyar-kayaye-matusgi\polling-units.json
ZAMFARA,TALATA MAFARA,SHIYAR KAYAYE/MATUSGI,TABKIN ASAULA II/ SHIYAR TABAJE BAKIN BOREHOLE,36/12/10/024,https://docs.inecelectionresults.net/elections_prod/1292/state/1/lga/3874/ward/26310/pu/178451/178451-1677684274.pdf,2023-03-01T15:25:00.211Z,false,https://raw.githubusercontent.com/mykeels/inec-presidential-elections-2023/master/results/37-zamfara\3874-talata-mafara\26310-shiyar-kayaye-matusgi\polling-units.json
ZAMFARA,TALATA MAFARA,SHIYAR KAYAYE/MATUSGI,TASHA MOTA II    / BAKIN  TASHA,36/12/10/015,https://docs.inecelectionresults.net/elections_prod/1292/state/1/lga/3874/ward/26310/pu/120662/120662-1677682410.pdf,2023-03-01T14:54:01.003Z,false,https://raw.githubusercontent.com/mykeels/inec-presidential-elections-2023/master/results/37-zamfara\3874-talata-mafara\26310-shiyar-kayaye-matusgi\polling-units.json
ZAMFARA,TALATA MAFARA,SHIYAR KAYAYE/MATUSGI,TASHAR MOTA I  /  G/RUWA (TANKI),36/12/10/009,https://docs.inecelectionresults.net/elections_prod/1292/state/1/lga/3874/ward/26310/pu/120656/120656-1677680189.pdf,2023-03-01T14:17:00.591Z,false,https://raw.githubusercontent.com/mykeels/inec-presidential-elections-2023/master/results/37-zamfara\3874-talata-mafara\26310-shiyar-kayaye-matusgi\polling-units.json
ZAMFARA,TALATA MAFARA,SHIYAR KAYAYE/MATUSGI,TASHAR MOTA IV/ A.G.P. AUDITORIUM HALL,36/12/10/036,https://docs.inecelectionresults.net/elections_prod/1292/state/1/lga/3874/ward/26310/pu/178463/178463-1677682635.pdf,2023-03-01T14:58:00.883Z,false,https://raw.githubusercontent.com/mykeels/inec-presidential-elections-2023/master/results/37-zamfara\3874-talata-mafara\26310-shiyar-kayaye-matusgi\polling-units.json
ZAMFARA,TALATA MAFARA,SHIYAR KAYAYE/MATUSGI,TASHAR MOTA V/ N.U.R.T.W,36/12/10/040,https://docs.inecelectionresults.net/elections_prod/1292/state/1/lga/3874/ward/26310/pu/178467/178467-1677683977.pdf,2023-03-01T15:20:00.393Z,false,https://raw.githubusercontent.com/mykeels/inec-presidential-elections-2023/master/results/37-zamfara\3874-talata-mafara\26310-shiyar-kayaye-matusgi\polling-units.json
ZAMFARA,TALATA MAFARA,SHIYAR KAYAYE/MATUSGI,"TASHAR,MOTA III/ A.G.P. PRI SCH",36/12/10/035,https://docs.inecelectionresults.net/elections_prod/1292/state/1/lga/3874/ward/26310/pu/178462/178462-1677682300.pdf,2023-03-01T14:52:00.588Z,false,https://raw.githubusercontent.com/mykeels/inec-presidential-elections-2023/master/results/37-zamfara\3874-talata-mafara\26310-shiyar-kayaye-matusgi\polling-units.json
ZAMFARA,TALATA MAFARA,SHIYAR KAYAYE/MATUSGI,TUNFAFIYA     /  PRIMARY SCHOOL,36/12/10/012,https://docs.inecelectionresults.net/elections_prod/1292/state/1/lga/3874/ward/26310/pu/120659/120659-1677681689.pdf,2023-03-01T14:42:00.956Z,false,https://raw.githubusercontent.com/mykeels/inec-presidential-elections-2023/master/results/37-zamfara\3874-talata-mafara\26310-shiyar-kayaye-matusgi\polling-units.json
ZAMFARA,TALATA MAFARA,SHIYAR KAYAYE/MATUSGI,TUNFAFIYA II/ MABANGALA PRI. SCH,36/12/10/039,https://docs.inecelectionresults.net/elections_prod/1292/state/1/lga/3874/ward/26310/pu/178466/178466-1677683709.pdf,2023-03-01T15:16:00.113Z,false,https://raw.githubusercontent.com/mykeels/inec-presidential-elections-2023/master/results/37-zamfara\3874-talata-mafara\26310-shiyar-kayaye-matusgi\polling-units.json
ZAMFARA,TALATA MAFARA,SHIYAR KAYAYE/MATUSGI,TUNGAR DANGA   / BAKIN MASALLACI,36/12/10/017,https://docs.inecelectionresults.net/elections_prod/1292/state/1/lga/3874/ward/26310/pu/120664/120664-1677682772.pdf,2023-03-01T15:00:00.170Z,false,https://raw.githubusercontent.com/mykeels/inec-presidential-elections-2023/master/results/37-zamfara\3874-talata-mafara\26310-shiyar-kayaye-matusgi\polling-units.json
ZAMFARA,TALATA MAFARA,SHIYAR KAYAYE/MATUSGI,TUNGAR DANGA II/ SERVICE CENTER,36/12/10/042,https://docs.inecelectionresults.net/elections_prod/1292/state/1/lga/3874/ward/26310/pu/178469/178469-1677684619.pdf,2023-03-01T15:31:00.264Z,false,https://raw.githubusercontent.com/mykeels/inec-presidential-elections-2023/master/results/37-zamfara\3874-talata-mafara\26310-shiyar-kayaye-matusgi\polling-units.json
ZAMFARA,TALATA MAFARA,SHIYAR KAYAYE/MATUSGI,TUNGAR MAGAJI    /  VILLAGE HEAD OFFICE,36/12/10/013,https://docs.inecelectionresults.net/elections_prod/1292/state/1/lga/3874/ward/26310/pu/120660/120660-1677681892.pdf,2023-03-01T14:45:01.225Z,false,https://raw.githubusercontent.com/mykeels/inec-presidential-elections-2023/master/results/37-zamfara\3874-talata-mafara\26310-shiyar-kayaye-matusgi\polling-units.json
ZAMFARA,TALATA MAFARA,SHIYAR KAYAYE/MATUSGI,YANRIHENI   /  DISTRICT HEAD OFFICE,36/12/10/005,https://docs.inecelectionresults.net/elections_prod/1292/state/1/lga/3874/ward/26310/pu/120652/120652-1677679018.pdf,2023-03-01T13:57:00.617Z,false,https://raw.githubusercontent.com/mykeels/inec-presidential-elections-2023/master/results/37-zamfara\3874-talata-mafara\26310-shiyar-kayaye-matusgi\polling-units.json
ZAMFARA,TALATA MAFARA,SHIYAR KAYAYE/MATUSGI,YANRIHENI II/ KWAREN DAMMA  BAKIN MAKABARTA,36/12/10/028,https://docs.inecelectionresults.net/elections_prod/1292/state/1/lga/3874/ward/26310/pu/178455/178455-1677685379.pdf,2023-03-01T15:44:01.247Z,true,https://raw.githubusercontent.com/mykeels/inec-presidential-elections-2023/master/results/37-zamfara\3874-talata-mafara\26310-shiyar-kayaye-matusgi\polling-units.json
ZAMFARA,TALATA MAFARA,TAKE TSABA/MAKERA,DUNDAYE / OFFISHIN HAKIMI,36/12/11/004,,,false,https://raw.githubusercontent.com/mykeels/inec-presidential-elections-2023/master/results/37-zamfara\3874-talata-mafara\26311-take-tsaba-makera\polling-units.json
ZAMFARA,TALATA MAFARA,TAKE TSABA/MAKERA,GARSA  / G/GARSA,36/12/11/012,,,false,https://raw.githubusercontent.com/mykeels/inec-presidential-elections-2023/master/results/37-zamfara\3874-talata-mafara\26311-take-tsaba-makera\polling-units.json
ZAMFARA,TALATA MAFARA,TAKE TSABA/MAKERA,GIDAN BATURE   /   SH/GAJERE,36/12/11/006,,,false,https://raw.githubusercontent.com/mykeels/inec-presidential-elections-2023/master/results/37-zamfara\3874-talata-mafara\26311-take-tsaba-makera\polling-units.json
ZAMFARA,TALATA MAFARA,TAKE TSABA/MAKERA,GIDAN BUGAJE    /  VILL. HEAD OFFICE,36/12/11/007,,,false,https://raw.githubusercontent.com/mykeels/inec-presidential-elections-2023/master/results/37-zamfara\3874-talata-mafara\26311-take-tsaba-makera\polling-units.json
ZAMFARA,TALATA MAFARA,TAKE TSABA/MAKERA,HURA    /  PRIMARY SCHOOL,36/12/11/015,,,false,https://raw.githubusercontent.com/mykeels/inec-presidential-elections-2023/master/results/37-zamfara\3874-talata-mafara\26311-take-tsaba-makera\polling-units.json
ZAMFARA,TALATA MAFARA,TAKE TSABA/MAKERA,INWALA / G/ HAKIMI,36/12/11/008,,,false,https://raw.githubusercontent.com/mykeels/inec-presidential-elections-2023/master/results/37-zamfara\3874-talata-mafara\26311-take-tsaba-makera\polling-units.json
ZAMFARA,TALATA MAFARA,TAKE TSABA/MAKERA,MADAGAWA    /  G/HAKIMI,36/12/11/011,,,false,https://raw.githubusercontent.com/mykeels/inec-presidential-elections-2023/master/results/37-zamfara\3874-talata-mafara\26311-take-tsaba-makera\polling-units.json
ZAMFARA,TALATA MAFARA,TAKE TSABA/MAKERA,MADAGAWA II/ SABON FEGE BAKIN TRANSFORMER,36/12/11/019,,,false,https://raw.githubusercontent.com/mykeels/inec-presidential-elections-2023/master/results/37-zamfara\3874-talata-mafara\26311-take-tsaba-makera\polling-units.json
ZAMFARA,TALATA MAFARA,TAKE TSABA/MAKERA,MARAKKU    /  VILLIAGE HEAD OFFICE,36/12/11/003,,,false,https://raw.githubusercontent.com/mykeels/inec-presidential-elections-2023/master/results/37-zamfara\3874-talata-mafara\26311-take-tsaba-makera\polling-units.json
ZAMFARA,TALATA MAFARA,TAKE TSABA/MAKERA,MARAKKU II/ MAJE BAKIN BOREHOLE,36/12/11/017,,,false,https://raw.githubusercontent.com/mykeels/inec-presidential-elections-2023/master/results/37-zamfara\3874-talata-mafara\26311-take-tsaba-makera\polling-units.json
ZAMFARA,TALATA MAFARA,TAKE TSABA/MAKERA,SH/A./TAKOKI   /  G/HAKIMI,36/12/11/009,,,false,https://raw.githubusercontent.com/mykeels/inec-presidential-elections-2023/master/results/37-zamfara\3874-talata-mafara\26311-take-tsaba-makera\polling-units.json
ZAMFARA,TALATA MAFARA,TAKE TSABA/MAKERA,SH/AJIYA  / VILLAGE HEAD OFFICE,36/12/11/010,,,false,https://raw.githubusercontent.com/mykeels/inec-presidential-elections-2023/master/results/37-zamfara\3874-talata-mafara\26311-take-tsaba-makera\polling-units.json
ZAMFARA,TALATA MAFARA,TAKE TSABA/MAKERA,SH/IYAR LABARA   / PRIMARY SCHOOL,36/12/11/002,,,false,https://raw.githubusercontent.com/mykeels/inec-presidential-elections-2023/master/results/37-zamfara\3874-talata-mafara\26311-take-tsaba-makera\polling-units.json
ZAMFARA,TALATA MAFARA,TAKE TSABA/MAKERA,SH/MARAFA    /  KIKIKA,36/12/11/013,,,false,https://raw.githubusercontent.com/mykeels/inec-presidential-elections-2023/master/results/37-zamfara\3874-talata-mafara\26311-take-tsaba-makera\polling-units.json
ZAMFARA,TALATA MAFARA,TAKE TSABA/MAKERA,SHIYAR AJIYA II/ MAKERA PRI. SCH,36/12/11/018,,,false,https://raw.githubusercontent.com/mykeels/inec-presidential-elections-2023/master/results/37-zamfara\3874-talata-mafara\26311-take-tsaba-makera\polling-units.json
ZAMFARA,TALATA MAFARA,TAKE TSABA/MAKERA,SHIYAR LABARA II/ SHIYAR KWARE BAKIN KWAKWARA,36/12/11/016,,,false,https://raw.githubusercontent.com/mykeels/inec-presidential-elections-2023/master/results/37-zamfara\3874-talata-mafara\26311-take-tsaba-makera\polling-units.json
ZAMFARA,TALATA MAFARA,TAKE TSABA/MAKERA,SHIYAR YELWA    /   PRIMARY SCHOOL,36/12/11/001,,,false,https://raw.githubusercontent.com/mykeels/inec-presidential-elections-2023/master/results/37-zamfara\3874-talata-mafara\26311-take-tsaba-makera\polling-units.json
ZAMFARA,TALATA MAFARA,TAKE TSABA/MAKERA,TAKOKI  /    PRIMARY SCHOOL,36/12/11/005,,,false,https://raw.githubusercontent.com/mykeels/inec-presidential-elections-2023/master/results/37-zamfara\3874-talata-mafara\26311-take-tsaba-makera\polling-units.json
ZAMFARA,TALATA MAFARA,TAKE TSABA/MAKERA,TUNGAR WAJE    /  VILL. HEAD OFFICE,36/12/11/014,,,false,https://raw.githubusercontent.com/mykeels/inec-presidential-elections-2023/master/results/37-zamfara\3874-talata-mafara\26311-take-tsaba-makera\polling-units.json
ZAMFARA,TSAFE,BILBIS,AUTA MAKERI / MAKERA,36/13/11/009,,,false,https://raw.githubusercontent.com/mykeels/inec-presidential-elections-2023/master/results/37-zamfara\3875-tsafe\26322-bilbis\polling-units.json
ZAMFARA,TSAFE,BILBIS,BAICHI / DAN FILIN DUTSI,36/13/11/023,https://docs.inecelectionresults.net/elections_prod/1292/state/1/lga/3875/ward/26322/pu/120884/120884-1677459834.pdf,2023-02-27T01:04:00.319Z,false,https://raw.githubusercontent.com/mykeels/inec-presidential-elections-2023/master/results/37-zamfara\3875-tsafe\26322-bilbis\polling-units.json
ZAMFARA,TSAFE,BILBIS,BAKIN KASUWA CHEDIYA,36/13/11/029,https://docs.inecelectionresults.net/elections_prod/1292/state/01/lga/13/ward/11/pu/029/029-1677411210.pdf,2023-02-26T11:34:01.378Z,false,https://raw.githubusercontent.com/mykeels/inec-presidential-elections-2023/master/results/37-zamfara\3875-tsafe\26322-bilbis\polling-units.json
ZAMFARA,TSAFE,BILBIS,BILBIS PRIM.SCH.DISPENSARY,36/13/11/030,https://docs.inecelectionresults.net/elections_prod/1292/state/1/lga/3875/ward/26322/pu/178568/178568-1677486851.pdf,2023-02-27T08:35:00.942Z,false,https://raw.githubusercontent.com/mykeels/inec-presidential-elections-2023/master/results/37-zamfara\3875-tsafe\26322-bilbis\polling-units.json
ZAMFARA,TSAFE,BILBIS,BUDA   /   PRIMARY SCHOOL,36/13/11/019,https://docs.inecelectionresults.net/elections_prod/1292/state/1/lga/3875/ward/26322/pu/120880/120880-1677505795.pdf,2023-02-27T13:50:00.480Z,false,https://raw.githubusercontent.com/mykeels/inec-presidential-elections-2023/master/results/37-zamfara\3875-tsafe\26322-bilbis\polling-units.json
ZAMFARA,TSAFE,BILBIS,DANKADA  / KADAWA,36/13/11/010,https://docs.inecelectionresults.net/elections_prod/1292/state/1/lga/3875/ward/26322/pu/120871/120871-1677484757.pdf,2023-02-27T08:00:00.189Z,false,https://raw.githubusercontent.com/mykeels/inec-presidential-elections-2023/master/results/37-zamfara\3875-tsafe\26322-bilbis\polling-units.json
ZAMFARA,TSAFE,BILBIS,DORAYI FILIN BEDI,36/13/11/028,https://docs.inecelectionresults.net/elections_prod/1292/state/1/lga/3875/ward/26322/pu/178566/178566-1677479737.pdf,2023-02-27T06:36:00.258Z,false,https://raw.githubusercontent.com/mykeels/inec-presidential-elections-2023/master/results/37-zamfara\3875-tsafe\26322-bilbis\polling-units.json
ZAMFARA,TSAFE,BILBIS,GANDUN SARKI / PRIMARY SCHOOL,36/13/11/006,https://docs.inecelectionresults.net/elections_prod/1292/state/1/lga/3875/ward/26322/pu/120867/120867-1677459525.pdf,2023-02-27T00:59:00.188Z,false,https://raw.githubusercontent.com/mykeels/inec-presidential-elections-2023/master/results/37-zamfara\3875-tsafe\26322-bilbis\polling-units.json
ZAMFARA,TSAFE,BILBIS,GDSS KUCHERI,36/13/11/025,https://docs.inecelectionresults.net/elections_prod/1292/state/1/lga/3875/ward/26322/pu/178563/178563-1677514124.pdf,2023-02-27T16:09:01.233Z,false,https://raw.githubusercontent.com/mykeels/inec-presidential-elections-2023/master/results/37-zamfara\3875-tsafe\26322-bilbis\polling-units.json
ZAMFARA,TSAFE,BILBIS,GULBIN GWARI MAJE,36/13/11/026,https://docs.inecelectionresults.net/elections_prod/1292/state/1/lga/3875/ward/26322/pu/178564/178564-1677481728.pdf,2023-02-27T07:09:00.855Z,false,https://raw.githubusercontent.com/mykeels/inec-presidential-elections-2023/master/results/37-zamfara\3875-tsafe\26322-bilbis\polling-units.json
ZAMFARA,TSAFE,BILBIS,HAYIN SAUKA / DAN FAKO,36/13/11/005,,,false,https://raw.githubusercontent.com/mykeels/inec-presidential-elections-2023/master/results/37-zamfara\3875-tsafe\26322-bilbis\polling-units.json
ZAMFARA,TSAFE,BILBIS,KAJERA TA TSAKIYA,36/13/11/036,https://docs.inecelectionresults.net/elections_prod/1292/state/1/lga/3875/ward/26322/pu/178574/178574-1677610852.pdf,2023-02-28T19:01:00.992Z,false,https://raw.githubusercontent.com/mykeels/inec-presidential-elections-2023/master/results/37-zamfara\3875-tsafe\26322-bilbis\polling-units.json
ZAMFARA,TSAFE,BILBIS,KARDA    /   PRIMARY SCHOOL,36/13/11/017,,,false,https://raw.githubusercontent.com/mykeels/inec-presidential-elections-2023/master/results/37-zamfara\3875-tsafe\26322-bilbis\polling-units.json
ZAMFARA,TSAFE,BILBIS,KATANGA / DAN FILI,36/13/11/014,https://docs.inecelectionresults.net/elections_prod/1292/state/1/lga/3875/ward/26322/pu/120875/120875-1677503986.pdf,2023-02-27T13:20:00.997Z,false,https://raw.githubusercontent.com/mykeels/inec-presidential-elections-2023/master/results/37-zamfara\3875-tsafe\26322-bilbis\polling-units.json
ZAMFARA,TSAFE,BILBIS,KOFAR DAN DUTSI / BAKIN KASUWA,36/13/11/007,https://docs.inecelectionresults.net/elections_prod/1292/state/1/lga/3875/ward/26322/pu/120868/120868-1677579641.pdf,2023-02-28T11:01:13.709Z,true,https://raw.githubusercontent.com/mykeels/inec-presidential-elections-2023/master/results/37-zamfara\3875-tsafe\26322-bilbis\polling-units.json
ZAMFARA,TSAFE,BILBIS,KUCHERI I / PRIMARY SCHOOL,36/13/11/001,https://docs.inecelectionresults.net/elections_prod/1292/state/1/lga/3875/ward/26322/pu/120862/120862-1677459413.pdf,2023-02-27T00:57:00.304Z,false,https://raw.githubusercontent.com/mykeels/inec-presidential-elections-2023/master/results/37-zamfara\3875-tsafe\26322-bilbis\polling-units.json
ZAMFARA,TSAFE,BILBIS,KUKAR SABON GARI,36/13/11/037,https://docs.inecelectionresults.net/elections_prod/1292/state/1/lga/3875/ward/26322/pu/178575/178575-1677484101.pdf,2023-02-27T07:49:00.065Z,false,https://raw.githubusercontent.com/mykeels/inec-presidential-elections-2023/master/results/37-zamfara\3875-tsafe\26322-bilbis\polling-units.json
ZAMFARA,TSAFE,BILBIS,LAYIN GARDAWA RAILWAY,36/13/11/032,https://docs.inecelectionresults.net/elections_prod/1292/state/1/lga/3875/ward/26322/pu/178570/178570-1677487713.pdf,2023-02-27T08:49:00.164Z,false,https://raw.githubusercontent.com/mykeels/inec-presidential-elections-2023/master/results/37-zamfara\3875-tsafe\26322-bilbis\polling-units.json
ZAMFARA,TSAFE,BILBIS,LIBRARY,36/13/11/035,,,false,https://raw.githubusercontent.com/mykeels/inec-presidential-elections-2023/master/results/37-zamfara\3875-tsafe\26322-bilbis\polling-units.json
ZAMFARA,TSAFE,BILBIS,MACHIYA    /  PRIMARY SCHOOL,36/13/11/021,https://docs.inecelectionresults.net/elections_prod/1292/state/1/lga/3875/ward/26322/pu/120882/120882-1677513479.pdf,2023-02-27T15:58:59.847Z,false,https://raw.githubusercontent.com/mykeels/inec-presidential-elections-2023/master/results/37-zamfara\3875-tsafe\26322-bilbis\polling-units.json
ZAMFARA,TSAFE,BILBIS,MADAWAKI KUCHERI   /   BAKIN RIJIYA,36/13/11/011,,,false,https://raw.githubusercontent.com/mykeels/inec-presidential-elections-2023/master/results/37-zamfara\3875-tsafe\26322-bilbis\polling-units.json
ZAMFARA,TSAFE,BILBIS,MAGAZAWA / PRIMARY SCHOOL,36/13/11/016,https://docs.inecelectionresults.net/elections_prod/1292/state/1/lga/3875/ward/26322/pu/120877/120877-1677515893.pdf,2023-02-27T17:13:06.646Z,false,https://raw.githubusercontent.com/mykeels/inec-presidential-elections-2023/master/results/37-zamfara\3875-tsafe\26322-bilbis\polling-units.json
ZAMFARA,TSAFE,BILBIS,MAGAZU I    /    PRIMARY SCHOOL,36/13/11/012,https://docs.inecelectionresults.net/elections_prod/1292/state/1/lga/3875/ward/26322/pu/120873/120873-1677512515.pdf,2023-02-27T15:42:01.045Z,false,https://raw.githubusercontent.com/mykeels/inec-presidential-elections-2023/master/results/37-zamfara\3875-tsafe\26322-bilbis\polling-units.json
ZAMFARA,TSAFE,BILBIS,MAGAZU II / DANFILIN,36/13/11/022,https://docs.inecelectionresults.net/elections_prod/1292/state/1/lga/3875/ward/26322/pu/120883/120883-1677480656.pdf,2023-02-27T06:51:00.487Z,false,https://raw.githubusercontent.com/mykeels/inec-presidential-elections-2023/master/results/37-zamfara\3875-tsafe\26322-bilbis\polling-units.json
ZAMFARA,TSAFE,BILBIS,MAGAZU III / SABON GARI,36/13/11/024,https://docs.inecelectionresults.net/elections_prod/1292/state/01/lga/13/ward/11/pu/024/024-1677411127.pdf,2023-02-26T11:33:01.046Z,false,https://raw.githubusercontent.com/mykeels/inec-presidential-elections-2023/master/results/37-zamfara\3875-tsafe\26322-bilbis\polling-units.json
ZAMFARA,TSAFE,BILBIS,NASARAWA    /   PRIMARY SCHOOL,36/13/11/020,https://docs.inecelectionresults.net/elections_prod/1292/state/1/lga/3875/ward/26322/pu/120881/120881-1677593070.pdf,2023-02-28T14:13:30.271Z,true,https://raw.githubusercontent.com/mykeels/inec-presidential-elections-2023/master/results/37-zamfara\3875-tsafe\26322-bilbis\polling-units.json
ZAMFARA,TSAFE,BILBIS,RUWA KUSA / FILIN INJIN,36/13/11/004,,,false,https://raw.githubusercontent.com/mykeels/inec-presidential-elections-2023/master/results/37-zamfara\3875-tsafe\26322-bilbis\polling-units.json
ZAMFARA,TSAFE,BILBIS,SABON GARI BAKIN GADA,36/13/11/034,https://docs.inecelectionresults.net/elections_prod/1292/state/1/lga/3875/ward/26322/pu/178572/178572-1677489403.pdf,2023-02-27T09:17:00.734Z,false,https://raw.githubusercontent.com/mykeels/inec-presidential-elections-2023/master/results/37-zamfara\3875-tsafe\26322-bilbis\polling-units.json
ZAMFARA,TSAFE,BILBIS,TANKIN RUWA,36/13/11/033,,,false,https://raw.githubusercontent.com/mykeels/inec-presidential-elections-2023/master/results/37-zamfara\3875-tsafe\26322-bilbis\polling-units.json
ZAMFARA,TSAFE,BILBIS,UNG. CHIDA / PRIMARY SCHOOL,36/13/11/008,https://docs.inecelectionresults.net/elections_prod/1292/state/1/lga/3875/ward/26322/pu/120869/120869-1677488781.pdf,2023-02-27T09:07:00.277Z,false,https://raw.githubusercontent.com/mykeels/inec-presidential-elections-2023/master/results/37-zamfara\3875-tsafe\26322-bilbis\polling-units.json
ZAMFARA,TSAFE,BILBIS,UNG. DAN HALIMA  /   PRIMARY SCHOOL,36/13/11/018,https://docs.inecelectionresults.net/elections_prod/1292/state/1/lga/3875/ward/26322/pu/120879/120879-1677583389.pdf,2023-02-28T11:24:00.053Z,false,https://raw.githubusercontent.com/mykeels/inec-presidential-elections-2023/master/results/37-zamfara\3875-tsafe\26322-bilbis\polling-units.json
ZAMFARA,TSAFE,BILBIS,UNG. ROGO / FILIN SAMARI,36/13/11/015,https://docs.inecelectionresults.net/elections_prod/1292/state/1/lga/3875/ward/26322/pu/120876/120876-1677517729.pdf,2023-02-27T17:13:54.394Z,false,https://raw.githubusercontent.com/mykeels/inec-presidential-elections-2023/master/results/37-zamfara\3875-tsafe\26322-bilbis\polling-units.json
ZAMFARA,TSAFE,BILBIS,UNG. SAYE / DANDALI,36/13/11/013,https://docs.inecelectionresults.net/elections_prod/1292/state/1/lga/3875/ward/26322/pu/120874/120874-1677593951.pdf,2023-02-28T14:20:01.414Z,true,https://raw.githubusercontent.com/mykeels/inec-presidential-elections-2023/master/results/37-zamfara\3875-tsafe\26322-bilbis\polling-units.json
ZAMFARA,TSAFE,BILBIS,UNG.M/KARA PRI. SCHOOL,36/13/11/031,https://docs.inecelectionresults.net/elections_prod/1292/state/1/lga/3875/ward/26322/pu/178569/178569-1677515204.pdf,2023-02-27T16:30:27.477Z,false,https://raw.githubusercontent.com/mykeels/inec-presidential-elections-2023/master/results/37-zamfara\3875-tsafe\26322-bilbis\polling-units.json
ZAMFARA,TSAFE,BILBIS,WANZAMAI  I / PRIMARY SCHOOL,36/13/11/002,,,false,https://raw.githubusercontent.com/mykeels/inec-presidential-elections-2023/master/results/37-zamfara\3875-tsafe\26322-bilbis\polling-units.json
ZAMFARA,TSAFE,BILBIS,WANZAMAI  II / DAN FILI,36/13/11/003,https://docs.inecelectionresults.net/elections_prod/1292/state/1/lga/3875/ward/26322/pu/120864/120864-1677485883.pdf,2023-02-27T08:18:59.900Z,false,https://raw.githubusercontent.com/mykeels/inec-presidential-elections-2023/master/results/37-zamfara\3875-tsafe\26322-bilbis\polling-units.json
ZAMFARA,TSAFE,BILBIS,WANZAMAI III/D/FILI,36/13/11/027,,,false,https://raw.githubusercontent.com/mykeels/inec-presidential-elections-2023/master/results/37-zamfara\3875-tsafe\26322-bilbis\polling-units.json
ZAMFARA,TSAFE,CHEDIYA,AGAMA LAFIYA / KOFAR DA,36/13/09/006,https://docs.inecelectionresults.net/elections_prod/1292/state/1/lga/3875/ward/26320/pu/120832/120832-1677529847.pdf,2023-02-27T20:31:00.078Z,false,https://raw.githubusercontent.com/mykeels/inec-presidential-elections-2023/master/results/37-zamfara\3875-tsafe\26320-chediya\polling-units.json
ZAMFARA,TSAFE,CHEDIYA,AWALA / KOFAR MAI UNGUWA,36/13/09/003,https://docs.inecelectionresults.net/elections_prod/1292/state/1/lga/3875/ward/26320/pu/120829/120829-1677525823.pdf,2023-02-27T19:24:00.268Z,false,https://raw.githubusercontent.com/mykeels/inec-presidential-elections-2023/master/results/37-zamfara\3875-tsafe\26320-chediya\polling-units.json
ZAMFARA,TSAFE,CHEDIYA,BAKIN MANYA / PRIMARY SCHOOL,36/13/09/016,https://docs.inecelectionresults.net/elections_prod/1292/state/1/lga/3875/ward/26320/pu/120842/120842-1677503812.pdf,2023-02-27T13:17:01.138Z,false,https://raw.githubusercontent.com/mykeels/inec-presidential-elections-2023/master/results/37-zamfara\3875-tsafe\26320-chediya\polling-units.json
ZAMFARA,TSAFE,CHEDIYA,BAKIN MANYA DISPENSARY,36/13/09/021,https://docs.inecelectionresults.net/elections_prod/1292/state/1/lga/3875/ward/26320/pu/178556/178556-1677489378.pdf,2023-02-27T09:17:00.976Z,false,https://raw.githubusercontent.com/mykeels/inec-presidential-elections-2023/master/results/37-zamfara\3875-tsafe\26320-chediya\polling-units.json
ZAMFARA,TSAFE,CHEDIYA,BAMAMU / GIDAN BEDI,36/13/09/015,https://docs.inecelectionresults.net/elections_prod/1292/state/1/lga/3875/ward/26320/pu/120841/120841-1677509637.pdf,2023-02-27T14:55:07.838Z,false,https://raw.githubusercontent.com/mykeels/inec-presidential-elections-2023/master/results/37-zamfara\3875-tsafe\26320-chediya\polling-units.json
ZAMFARA,TSAFE,CHEDIYA,BANMA / DAN FILIN MA,36/13/09/005,https://docs.inecelectionresults.net/elections_prod/1292/state/1/lga/3875/ward/26320/pu/120831/120831-1677528304.pdf,2023-02-27T20:05:59.896Z,false,https://raw.githubusercontent.com/mykeels/inec-presidential-elections-2023/master/results/37-zamfara\3875-tsafe\26320-chediya\polling-units.json
ZAMFARA,TSAFE,CHEDIYA,CHEDIYA / BAKIN KASUWA,36/13/09/007,https://docs.inecelectionresults.net/elections_prod/1292/state/1/lga/3875/ward/26320/pu/120833/120833-1677530270.pdf,2023-02-27T20:38:00.390Z,false,https://raw.githubusercontent.com/mykeels/inec-presidential-elections-2023/master/results/37-zamfara\3875-tsafe\26320-chediya\polling-units.json
ZAMFARA,TSAFE,CHEDIYA,DANMALE   /   PRIMARY SCHOOL,36/13/09/008,https://docs.inecelectionresults.net/elections_prod/1292/state/1/lga/3875/ward/26320/pu/120834/120834-1677530725.pdf,2023-02-27T20:46:00.252Z,false,https://raw.githubusercontent.com/mykeels/inec-presidential-elections-2023/master/results/37-zamfara\3875-tsafe\26320-chediya\polling-units.json
ZAMFARA,TSAFE,CHEDIYA,DOKA  / PRIMARY SCHOOL,36/13/09/009,https://docs.inecelectionresults.net/elections_prod/1292/state/1/lga/3875/ward/26320/pu/120835/120835-1677452178.pdf,2023-02-26T22:56:59.869Z,false,https://raw.githubusercontent.com/mykeels/inec-presidential-elections-2023/master/results/37-zamfara\3875-tsafe\26320-chediya\polling-units.json
ZAMFARA,TSAFE,CHEDIYA,FAKON HIRA / BAKIN KASUWA,36/13/09/002,https://docs.inecelectionresults.net/elections_prod/1292/state/1/lga/3875/ward/26320/pu/120828/120828-1677526494.pdf,2023-02-27T19:35:00.134Z,false,https://raw.githubusercontent.com/mykeels/inec-presidential-elections-2023/master/results/37-zamfara\3875-tsafe\26320-chediya\polling-units.json
ZAMFARA,TSAFE,CHEDIYA,FILIN BURTSATSE,36/13/09/019,https://docs.inecelectionresults.net/elections_prod/1292/state/1/lga/3875/ward/26320/pu/178554/178554-1677488727.pdf,2023-02-27T09:06:00.066Z,false,https://raw.githubusercontent.com/mykeels/inec-presidential-elections-2023/master/results/37-zamfara\3875-tsafe\26320-chediya\polling-units.json
ZAMFARA,TSAFE,CHEDIYA,KULLUTU / DAN FAKO,36/13/09/010,https://docs.inecelectionresults.net/elections_prod/1292/state/1/lga/3875/ward/26320/pu/120836/120836-1677511348.pdf,2023-02-27T15:23:15.656Z,false,https://raw.githubusercontent.com/mykeels/inec-presidential-elections-2023/master/results/37-zamfara\3875-tsafe\26320-chediya\polling-units.json
ZAMFARA,TSAFE,CHEDIYA,KWARE KWABRI / DAN FILI,36/13/09/011,https://docs.inecelectionresults.net/elections_prod/1292/state/1/lga/3875/ward/26320/pu/120837/120837-1677510818.pdf,2023-02-27T15:15:02.343Z,false,https://raw.githubusercontent.com/mykeels/inec-presidential-elections-2023/master/results/37-zamfara\3875-tsafe\26320-chediya\polling-units.json
ZAMFARA,TSAFE,CHEDIYA,RIMAYEN/FANFO,36/13/09/018,https://docs.inecelectionresults.net/elections_prod/1292/state/1/lga/3875/ward/26320/pu/178553/178553-1677487420.pdf,2023-02-27T08:44:00.105Z,false,https://raw.githubusercontent.com/mykeels/inec-presidential-elections-2023/master/results/37-zamfara\3875-tsafe\26320-chediya\polling-units.json
ZAMFARA,TSAFE,CHEDIYA,SAKKIYA / PRIMARY SCHOOL,36/13/09/014,https://docs.inecelectionresults.net/elections_prod/1292/state/1/lga/3875/ward/26320/pu/120840/120840-1677510056.pdf,2023-02-27T15:01:01.987Z,false,https://raw.githubusercontent.com/mykeels/inec-presidential-elections-2023/master/results/37-zamfara\3875-tsafe\26320-chediya\polling-units.json
ZAMFARA,TSAFE,CHEDIYA,UNG. FADA    /   PRIMARY SCHOOL,36/13/09/001,https://docs.inecelectionresults.net/elections_prod/1292/state/1/lga/3875/ward/26320/pu/120827/120827-1677525261.pdf,2023-02-27T19:15:00.076Z,false,https://raw.githubusercontent.com/mykeels/inec-presidential-elections-2023/master/results/37-zamfara\3875-tsafe\26320-chediya\polling-units.json
ZAMFARA,TSAFE,CHEDIYA,UNG. SARKIN FAWA / DAN FAKO,36/13/09/004,https://docs.inecelectionresults.net/elections_prod/1292/state/1/lga/3875/ward/26320/pu/120830/120830-1677527236.pdf,2023-02-27T19:48:00.207Z,false,https://raw.githubusercontent.com/mykeels/inec-presidential-elections-2023/master/results/37-zamfara\3875-tsafe\26320-chediya\polling-units.json
ZAMFARA,TSAFE,CHEDIYA,UNG.D/GARA FILIN BUR,36/13/09/020,https://docs.inecelectionresults.net/elections_prod/1292/state/1/lga/3875/ward/26320/pu/178555/178555-1677489046.pdf,2023-02-27T09:11:00.283Z,false,https://raw.githubusercontent.com/mykeels/inec-presidential-elections-2023/master/results/37-zamfara\3875-tsafe\26320-chediya\polling-units.json
ZAMFARA,TSAFE,CHEDIYA,UNGUWAR  FADA/PRI.SCH,36/13/09/017,https://docs.inecelectionresults.net/elections_prod/1292/state/1/lga/3875/ward/26320/pu/178552/178552-1677453652.pdf,2023-02-26T23:21:00.150Z,false,https://raw.githubusercontent.com/mykeels/inec-presidential-elections-2023/master/results/37-zamfara\3875-tsafe\26320-chediya\polling-units.json
ZAMFARA,TSAFE,CHEDIYA,UNGUWAR TOFA / DANTEMA,36/13/09/012,https://docs.inecelectionresults.net/elections_prod/1292/state/1/lga/3875/ward/26320/pu/120838/120838-1677508509.pdf,2023-02-27T14:36:01.137Z,false,https://raw.githubusercontent.com/mykeels/inec-presidential-elections-2023/master/results/37-zamfara\3875-tsafe\26320-chediya\polling-units.json
ZAMFARA,TSAFE,CHEDIYA,UNGUWAR UMMARU / MAKARANTAR FULANI,36/13/09/013,https://docs.inecelectionresults.net/elections_prod/1292/state/1/lga/3875/ward/26320/pu/120839/120839-1677509064.pdf,2023-02-27T14:45:01.911Z,false,https://raw.githubusercontent.com/mykeels/inec-presidential-elections-2023/master/results/37-zamfara\3875-tsafe\26320-chediya\polling-units.json
ZAMFARA,TSAFE,DANJIBGA/KUNCHIN - KALGO,ALKALAWA Y/YARA,36/13/05/023,https://docs.inecelectionresults.net/elections_prod/1292/state/1/lga/3875/ward/26316/pu/178506/178506-1677517451.pdf,2023-02-27T17:13:47.098Z,false,https://raw.githubusercontent.com/mykeels/inec-presidential-elections-2023/master/results/37-zamfara\3875-tsafe\26316-danjibga-kunchin-kalgo\polling-units.json
ZAMFARA,TSAFE,DANJIBGA/KUNCHIN - KALGO,BARE-BARI / KOFAR BARNO,36/13/05/013,https://docs.inecelectionresults.net/elections_prod/1292/state/1/lga/3875/ward/26316/pu/120760/120760-1677512591.pdf,2023-02-27T15:44:01.172Z,false,https://raw.githubusercontent.com/mykeels/inec-presidential-elections-2023/master/results/37-zamfara\3875-tsafe\26316-danjibga-kunchin-kalgo\polling-units.json
ZAMFARA,TSAFE,DANJIBGA/KUNCHIN - KALGO,BIYA / DAN FILI,36/13/05/012,https://docs.inecelectionresults.net/elections_prod/1292/state/1/lga/3875/ward/26316/pu/120759/120759-1677509781.pdf,2023-02-27T14:57:01.740Z,false,https://raw.githubusercontent.com/mykeels/inec-presidential-elections-2023/master/results/37-zamfara\3875-tsafe\26316-danjibga-kunchin-kalgo\polling-units.json
ZAMFARA,TSAFE,DANJIBGA/KUNCHIN - KALGO,DAN JIBGA /AREA COURT,36/13/05/022,https://docs.inecelectionresults.net/elections_prod/1292/state/1/lga/3875/ward/26316/pu/178505/178505-1677507746.pdf,2023-02-27T14:23:01.430Z,false,https://raw.githubusercontent.com/mykeels/inec-presidential-elections-2023/master/results/37-zamfara\3875-tsafe\26316-danjibga-kunchin-kalgo\polling-units.json
ZAMFARA,TSAFE,DANJIBGA/KUNCHIN - KALGO,DANJIBGA I / ASIBITI,36/13/05/001,https://docs.inecelectionresults.net/elections_prod/1292/state/1/lga/3875/ward/26316/pu/120748/120748-1677519397.pdf,2023-02-27T17:37:00.736Z,false,https://raw.githubusercontent.com/mykeels/inec-presidential-elections-2023/master/results/37-zamfara\3875-tsafe\26316-danjibga-kunchin-kalgo\polling-units.json
ZAMFARA,TSAFE,DANJIBGA/KUNCHIN - KALGO,DANJIBGA II / MAKARANTA,36/13/05/002,https://docs.inecelectionresults.net/elections_prod/1292/state/1/lga/3875/ward/26316/pu/120749/120749-1677510914.pdf,2023-02-27T15:23:01.532Z,false,https://raw.githubusercontent.com/mykeels/inec-presidential-elections-2023/master/results/37-zamfara\3875-tsafe\26316-danjibga-kunchin-kalgo\polling-units.json
ZAMFARA,TSAFE,DANJIBGA/KUNCHIN - KALGO,DANJIBGA III / DANFAKO,36/13/05/003,https://docs.inecelectionresults.net/elections_prod/1292/state/1/lga/3875/ward/26316/pu/120750/120750-1677516598.pdf,2023-02-27T17:13:23.660Z,false,https://raw.githubusercontent.com/mykeels/inec-presidential-elections-2023/master/results/37-zamfara\3875-tsafe\26316-danjibga-kunchin-kalgo\polling-units.json
ZAMFARA,TSAFE,DANJIBGA/KUNCHIN - KALGO,DANJIBGA IV/ BAKIN MASA,36/13/05/004,https://docs.inecelectionresults.net/elections_prod/1292/state/1/lga/3875/ward/26316/pu/120751/120751-1677505705.pdf,2023-02-27T13:49:00.223Z,false,https://raw.githubusercontent.com/mykeels/inec-presidential-elections-2023/master/results/37-zamfara\3875-tsafe\26316-danjibga-kunchin-kalgo\polling-units.json
ZAMFARA,TSAFE,DANJIBGA/KUNCHIN - KALGO,DANJIBGA V / DAN DURMI,36/13/05/009,https://docs.inecelectionresults.net/elections_prod/1292/state/1/lga/3875/ward/26316/pu/120756/120756-1677513249.pdf,2023-02-27T15:56:03.903Z,false,https://raw.githubusercontent.com/mykeels/inec-presidential-elections-2023/master/results/37-zamfara\3875-tsafe\26316-danjibga-kunchin-kalgo\polling-units.json
ZAMFARA,TSAFE,DANJIBGA/KUNCHIN - KALGO,DANJIBGA/ G D S S,36/13/05/017,,,false,https://raw.githubusercontent.com/mykeels/inec-presidential-elections-2023/master/results/37-zamfara\3875-tsafe\26316-danjibga-kunchin-kalgo\polling-units.json
ZAMFARA,TSAFE,DANJIBGA/KUNCHIN - KALGO,DANJIBGA/D/FAKO,36/13/05/019,https://docs.inecelectionresults.net/elections_prod/1292/state/1/lga/3875/ward/26316/pu/178502/178502-1677507025.pdf,2023-02-27T14:11:01.407Z,false,https://raw.githubusercontent.com/mykeels/inec-presidential-elections-2023/master/results/37-zamfara\3875-tsafe\26316-danjibga-kunchin-kalgo\polling-units.json
ZAMFARA,TSAFE,DANJIBGA/KUNCHIN - KALGO,KAL FADA II/ MAKARANTA,36/13/05/018,,,false,https://raw.githubusercontent.com/mykeels/inec-presidential-elections-2023/master/results/37-zamfara\3875-tsafe\26316-danjibga-kunchin-kalgo\polling-units.json
ZAMFARA,TSAFE,DANJIBGA/KUNCHIN - KALGO,KAL FADA III/ MAKARANTA,36/13/05/025,https://docs.inecelectionresults.net/elections_prod/1292/state/1/lga/3875/ward/26316/pu/178508/178508-1677504762.pdf,2023-02-27T13:44:01.913Z,false,https://raw.githubusercontent.com/mykeels/inec-presidential-elections-2023/master/results/37-zamfara\3875-tsafe\26316-danjibga-kunchin-kalgo\polling-units.json
ZAMFARA,TSAFE,DANJIBGA/KUNCHIN - KALGO,KALFADA PRI.SCH CH/DANFILI,36/13/05/027,https://docs.inecelectionresults.net/elections_prod/1292/state/1/lga/3875/ward/26316/pu/178510/178510-1677517029.pdf,2023-02-27T17:13:36.166Z,false,https://raw.githubusercontent.com/mykeels/inec-presidential-elections-2023/master/results/37-zamfara\3875-tsafe\26316-danjibga-kunchin-kalgo\polling-units.json
ZAMFARA,TSAFE,DANJIBGA/KUNCHIN - KALGO,KAURA ZOMO /  BAKIN MASA,36/13/05/015,https://docs.inecelectionresults.net/elections_prod/1292/state/1/lga/3875/ward/26316/pu/120762/120762-1677513780.pdf,2023-02-27T16:04:59.971Z,false,https://raw.githubusercontent.com/mykeels/inec-presidential-elections-2023/master/results/37-zamfara\3875-tsafe\26316-danjibga-kunchin-kalgo\polling-units.json
ZAMFARA,TSAFE,DANJIBGA/KUNCHIN - KALGO,KAWASARI / DAN FILI,36/13/05/008,https://docs.inecelectionresults.net/elections_prod/1292/state/1/lga/3875/ward/26316/pu/120755/120755-1677509134.pdf,2023-02-27T14:47:01.912Z,false,https://raw.githubusercontent.com/mykeels/inec-presidential-elections-2023/master/results/37-zamfara\3875-tsafe\26316-danjibga-kunchin-kalgo\polling-units.json
ZAMFARA,TSAFE,DANJIBGA/KUNCHIN - KALGO,KOLFADA / KOFAR FADA,36/13/05/014,https://docs.inecelectionresults.net/elections_prod/1292/state/1/lga/3875/ward/26316/pu/120761/120761-1677514627.pdf,2023-02-27T16:30:10.178Z,false,https://raw.githubusercontent.com/mykeels/inec-presidential-elections-2023/master/results/37-zamfara\3875-tsafe\26316-danjibga-kunchin-kalgo\polling-units.json
ZAMFARA,TSAFE,DANJIBGA/KUNCHIN - KALGO,KUKA/DANDALIN MATASA,36/13/05/026,https://docs.inecelectionresults.net/elections_prod/1292/state/1/lga/3875/ward/26316/pu/178509/178509-1677518489.pdf,2023-02-27T17:22:00.855Z,false,https://raw.githubusercontent.com/mykeels/inec-presidential-elections-2023/master/results/37-zamfara\3875-tsafe\26316-danjibga-kunchin-kalgo\polling-units.json
ZAMFARA,TSAFE,DANJIBGA/KUNCHIN - KALGO,KUNCHIN KALGO I /  MAKARANTA,36/13/05/010,https://docs.inecelectionresults.net/elections_prod/1292/state/1/lga/3875/ward/26316/pu/120757/120757-1677518028.pdf,2023-02-27T17:14:01.320Z,false,https://raw.githubusercontent.com/mykeels/inec-presidential-elections-2023/master/results/37-zamfara\3875-tsafe\26316-danjibga-kunchin-kalgo\polling-units.json
ZAMFARA,TSAFE,DANJIBGA/KUNCHIN - KALGO,KUNCHIN KALGO II / DAN FILI,36/13/05/011,https://docs.inecelectionresults.net/elections_prod/1292/state/1/lga/3875/ward/26316/pu/120758/120758-1677508548.pdf,2023-02-27T14:36:01.654Z,false,https://raw.githubusercontent.com/mykeels/inec-presidential-elections-2023/master/results/37-zamfara\3875-tsafe\26316-danjibga-kunchin-kalgo\polling-units.json
ZAMFARA,TSAFE,DANJIBGA/KUNCHIN - KALGO,KUNCIN KALGO IV/BAKIN KASUWA,36/13/05/024,https://docs.inecelectionresults.net/elections_prod/1292/state/1/lga/3875/ward/26316/pu/178507/178507-1677511373.pdf,2023-02-27T15:23:16.303Z,false,https://raw.githubusercontent.com/mykeels/inec-presidential-elections-2023/master/results/37-zamfara\3875-tsafe\26316-danjibga-kunchin-kalgo\polling-units.json
ZAMFARA,TSAFE,DANJIBGA/KUNCHIN - KALGO,MAKAHO /  KAFIN MAKAFI,36/13/05/016,https://docs.inecelectionresults.net/elections_prod/1292/state/1/lga/3875/ward/26316/pu/120763/120763-1677511961.pdf,2023-02-27T15:33:01.072Z,false,https://raw.githubusercontent.com/mykeels/inec-presidential-elections-2023/master/results/37-zamfara\3875-tsafe\26316-danjibga-kunchin-kalgo\polling-units.json
ZAMFARA,TSAFE,DANJIBGA/KUNCHIN - KALGO,MUNHAYE / GINDIN DUNYA,36/13/05/005,https://docs.inecelectionresults.net/elections_prod/1292/state/1/lga/3875/ward/26316/pu/120752/120752-1677518906.pdf,2023-02-27T17:29:00.440Z,false,https://raw.githubusercontent.com/mykeels/inec-presidential-elections-2023/master/results/37-zamfara\3875-tsafe\26316-danjibga-kunchin-kalgo\polling-units.json
ZAMFARA,TSAFE,DANJIBGA/KUNCHIN - KALGO,MUNHAYE PRI. SCH II,36/13/05/020,https://docs.inecelectionresults.net/elections_prod/1292/state/1/lga/3875/ward/26316/pu/178503/178503-1677515473.pdf,2023-02-27T16:32:01.289Z,false,https://raw.githubusercontent.com/mykeels/inec-presidential-elections-2023/master/results/37-zamfara\3875-tsafe\26316-danjibga-kunchin-kalgo\polling-units.json
ZAMFARA,TSAFE,DANJIBGA/KUNCHIN - KALGO,MUNHAYE PRI.SCH. I,36/13/05/021,https://docs.inecelectionresults.net/elections_prod/1292/state/1/lga/3875/ward/26316/pu/178504/178504-1677510442.pdf,2023-02-27T15:08:03.077Z,false,https://raw.githubusercontent.com/mykeels/inec-presidential-elections-2023/master/results/37-zamfara\3875-tsafe\26316-danjibga-kunchin-kalgo\polling-units.json
ZAMFARA,TSAFE,DANJIBGA/KUNCHIN - KALGO,SABON BIRIN / GINDIN CHEDIYA,36/13/05/006,,,false,https://raw.githubusercontent.com/mykeels/inec-presidential-elections-2023/master/results/37-zamfara\3875-tsafe\26316-danjibga-kunchin-kalgo\polling-units.json
ZAMFARA,TSAFE,DANJIBGA/KUNCHIN - KALGO,UNG. MARAFA / KOFAR MARAFA,36/13/05/007,https://docs.inecelectionresults.net/elections_prod/1292/state/1/lga/3875/ward/26316/pu/120754/120754-1677515061.pdf,2023-02-27T16:30:23.201Z,false,https://raw.githubusercontent.com/mykeels/inec-presidential-elections-2023/master/results/37-zamfara\3875-tsafe\26316-danjibga-kunchin-kalgo\polling-units.json
ZAMFARA,TSAFE,DAUKI,BEDI  /  PRI. SCH.,36/13/06/003,https://docs.inecelectionresults.net/elections_prod/1292/state/1/lga/3875/ward/26317/pu/120766/120766-1677453189.pdf,2023-02-26T23:13:59.798Z,false,https://raw.githubusercontent.com/mykeels/inec-presidential-elections-2023/master/results/37-zamfara\3875-tsafe\26317-dauki\polling-units.json
ZAMFARA,TSAFE,DAUKI,DAUKI GARI I / BAKIN KASUWA,36/13/06/011,https://docs.inecelectionresults.net/elections_prod/1292/state/1/lga/3875/ward/26317/pu/120774/120774-1677456739.pdf,2023-02-27T00:12:59.786Z,false,https://raw.githubusercontent.com/mykeels/inec-presidential-elections-2023/master/results/37-zamfara\3875-tsafe\26317-dauki\polling-units.json
ZAMFARA,TSAFE,DAUKI,DAUKI GARI II / SABON GARI,36/13/06/012,https://docs.inecelectionresults.net/elections_prod/1292/state/1/lga/3875/ward/26317/pu/120775/120775-1677457272.pdf,2023-02-27T00:21:59.925Z,false,https://raw.githubusercontent.com/mykeels/inec-presidential-elections-2023/master/results/37-zamfara\3875-tsafe\26317-dauki\polling-units.json
ZAMFARA,TSAFE,DAUKI,DAUKI GARI III / SABON GARI,36/13/06/014,https://docs.inecelectionresults.net/elections_prod/1292/state/1/lga/3875/ward/26317/pu/178511/178511-1677458103.pdf,2023-02-27T00:35:59.761Z,false,https://raw.githubusercontent.com/mykeels/inec-presidential-elections-2023/master/results/37-zamfara\3875-tsafe\26317-dauki\polling-units.json
ZAMFARA,TSAFE,DAUKI,DAUKI KANGO / BAKIN GULBI,36/13/06/002,https://docs.inecelectionresults.net/elections_prod/1292/state/1/lga/3875/ward/26317/pu/120765/120765-1677452232.pdf,2023-02-26T22:57:59.959Z,false,https://raw.githubusercontent.com/mykeels/inec-presidential-elections-2023/master/results/37-zamfara\3875-tsafe\26317-dauki\polling-units.json
ZAMFARA,TSAFE,DAUKI,GANGAMAI / FADA,36/13/06/007,https://docs.inecelectionresults.net/elections_prod/1292/state/1/lga/3875/ward/26317/pu/120770/120770-1677454939.pdf,2023-02-26T23:42:59.978Z,false,https://raw.githubusercontent.com/mykeels/inec-presidential-elections-2023/master/results/37-zamfara\3875-tsafe\26317-dauki\polling-units.json
ZAMFARA,TSAFE,DAUKI,GANGARA / KOFAR FADA,36/13/06/006,https://docs.inecelectionresults.net/elections_prod/1292/state/1/lga/3875/ward/26317/pu/120769/120769-1677454449.pdf,2023-02-26T23:34:59.885Z,false,https://raw.githubusercontent.com/mykeels/inec-presidential-elections-2023/master/results/37-zamfara\3875-tsafe\26317-dauki\polling-units.json
ZAMFARA,TSAFE,DAUKI,SHEME / SHEMAWA,36/13/06/004,https://docs.inecelectionresults.net/elections_prod/1292/state/1/lga/3875/ward/26317/pu/120767/120767-1677453682.pdf,2023-02-26T23:22:00.103Z,false,https://raw.githubusercontent.com/mykeels/inec-presidential-elections-2023/master/results/37-zamfara\3875-tsafe\26317-dauki\polling-units.json
ZAMFARA,TSAFE,DAUKI,UNG. BATURE II / TURBI,36/13/06/010,https://docs.inecelectionresults.net/elections_prod/1292/state/1/lga/3875/ward/26317/pu/120773/120773-1677456436.pdf,2023-02-27T00:07:59.976Z,false,https://raw.githubusercontent.com/mykeels/inec-presidential-elections-2023/master/results/37-zamfara\3875-tsafe\26317-dauki\polling-units.json
ZAMFARA,TSAFE,DAUKI,UNG. BAYAJIDA / DANDALI,36/13/06/008,https://docs.inecelectionresults.net/elections_prod/1292/state/1/lga/3875/ward/26317/pu/120771/120771-1677455744.pdf,2023-02-26T23:56:00.160Z,false,https://raw.githubusercontent.com/mykeels/inec-presidential-elections-2023/master/results/37-zamfara\3875-tsafe\26317-dauki\polling-units.json
ZAMFARA,TSAFE,DAUKI,UNG. MAI SAJE /  DANFAKO,36/13/06/001,https://docs.inecelectionresults.net/elections/1292/1677450957-120764.pdf,2023-02-26T22:36:59.761Z,false,https://raw.githubusercontent.com/mykeels/inec-presidential-elections-2023/master/results/37-zamfara\3875-tsafe\26317-dauki\polling-units.json
ZAMFARA,TSAFE,DAUKI,UNG. NAFI'U / DAN FILI,36/13/06/013,https://docs.inecelectionresults.net/elections_prod/1292/state/1/lga/3875/ward/26317/pu/120776/120776-1677457767.pdf,2023-02-27T00:30:00.113Z,false,https://raw.githubusercontent.com/mykeels/inec-presidential-elections-2023/master/results/37-zamfara\3875-tsafe\26317-dauki\polling-units.json
ZAMFARA,TSAFE,DAUKI,UNG. YAKUBU / DAN FILI,36/13/06/005,https://docs.inecelectionresults.net/elections_prod/1292/state/1/lga/3875/ward/26317/pu/120768/120768-1677454113.pdf,2023-02-26T23:29:00.401Z,false,https://raw.githubusercontent.com/mykeels/inec-presidential-elections-2023/master/results/37-zamfara\3875-tsafe\26317-dauki\polling-units.json
ZAMFARA,TSAFE,DAUKI,UNGUWAR BATURE I /  YARYARA,36/13/06/009,https://docs.inecelectionresults.net/elections_prod/1292/state/1/lga/3875/ward/26317/pu/120772/120772-1677456062.pdf,2023-02-27T00:01:59.825Z,false,https://raw.githubusercontent.com/mykeels/inec-presidential-elections-2023/master/results/37-zamfara\3875-tsafe\26317-dauki\polling-units.json
ZAMFARA,TSAFE,KETA/KIZARA,CHIKURAYE / FADAR KURA,36/13/07/006,https://docs.inecelectionresults.net/elections_prod/1292/state/1/lga/3875/ward/26318/pu/120782/120782-1677606667.pdf,2023-02-28T18:02:53.321Z,true,https://raw.githubusercontent.com/mykeels/inec-presidential-elections-2023/master/results/37-zamfara\3875-tsafe\26318-keta-kizara\polling-units.json
ZAMFARA,TSAFE,KETA/KIZARA,DUSTIN KURA  /  PRIMARY SCHOOL,36/13/07/013,https://docs.inecelectionresults.net/elections_prod/1292/state/1/lga/3875/ward/26318/pu/120789/120789-1677601471.pdf,2023-02-28T16:25:02.001Z,true,https://raw.githubusercontent.com/mykeels/inec-presidential-elections-2023/master/results/37-zamfara\3875-tsafe\26318-keta-kizara\polling-units.json
ZAMFARA,TSAFE,KETA/KIZARA,FADAMA  /  KOFAR DAMA,36/13/07/011,https://docs.inecelectionresults.net/elections_prod/1292/state/1/lga/3875/ward/26318/pu/120787/120787-1677602797.pdf,2023-02-28T16:47:01.142Z,false,https://raw.githubusercontent.com/mykeels/inec-presidential-elections-2023/master/results/37-zamfara\3875-tsafe\26318-keta-kizara\polling-units.json
ZAMFARA,TSAFE,KETA/KIZARA,FILIN RABE,36/13/07/020,https://docs.inecelectionresults.net/elections_prod/1292/state/1/lga/3875/ward/26318/pu/178513/178513-1677597920.pdf,2023-02-28T15:26:01.590Z,true,https://raw.githubusercontent.com/mykeels/inec-presidential-elections-2023/master/results/37-zamfara\3875-tsafe\26318-keta-kizara\polling-units.json
ZAMFARA,TSAFE,KETA/KIZARA,HAYIN MARU /PRIMARY SCHOOL,36/13/07/004,https://docs.inecelectionresults.net/elections_prod/1292/state/1/lga/3875/ward/26318/pu/120780/120780-1677603308.pdf,2023-02-28T16:56:01.548Z,true,https://raw.githubusercontent.com/mykeels/inec-presidential-elections-2023/master/results/37-zamfara\3875-tsafe\26318-keta-kizara\polling-units.json
ZAMFARA,TSAFE,KETA/KIZARA,KEKAWA / DANKAWO,36/13/07/016,https://docs.inecelectionresults.net/elections_prod/1292/state/1/lga/3875/ward/26318/pu/120792/120792-1677599096.pdf,2023-02-28T15:45:01.571Z,false,https://raw.githubusercontent.com/mykeels/inec-presidential-elections-2023/master/results/37-zamfara\3875-tsafe\26318-keta-kizara\polling-units.json
ZAMFARA,TSAFE,KETA/KIZARA,KETA I / MAKARANTA,36/13/07/001,https://docs.inecelectionresults.net/elections_prod/1292/state/1/lga/3875/ward/26318/pu/120777/120777-1677594961.pdf,2023-02-28T14:38:06.911Z,true,https://raw.githubusercontent.com/mykeels/inec-presidential-elections-2023/master/results/37-zamfara\3875-tsafe\26318-keta-kizara\polling-units.json
ZAMFARA,TSAFE,KETA/KIZARA,KETA II / ASIBITI,36/13/07/002,https://docs.inecelectionresults.net/elections_prod/1292/state/1/lga/3875/ward/26318/pu/120778/120778-1677595671.pdf,2023-02-28T14:48:00.908Z,false,https://raw.githubusercontent.com/mykeels/inec-presidential-elections-2023/master/results/37-zamfara\3875-tsafe\26318-keta-kizara\polling-units.json
ZAMFARA,TSAFE,KETA/KIZARA,KETA III / BAKIN KASUWA,36/13/07/003,https://docs.inecelectionresults.net/elections_prod/1292/state/1/lga/3875/ward/26318/pu/120779/120779-1677601040.pdf,2023-02-28T16:18:00.365Z,false,https://raw.githubusercontent.com/mykeels/inec-presidential-elections-2023/master/results/37-zamfara\3875-tsafe\26318-keta-kizara\polling-units.json
ZAMFARA,TSAFE,KETA/KIZARA,KETA IV/ ASIBITI,36/13/07/025,https://docs.inecelectionresults.net/elections_prod/1292/state/1/lga/3875/ward/26318/pu/178518/178518-1677675689.pdf,2023-03-01T13:02:00.227Z,false,https://raw.githubusercontent.com/mykeels/inec-presidential-elections-2023/master/results/37-zamfara\3875-tsafe\26318-keta-kizara\polling-units.json
ZAMFARA,TSAFE,KETA/KIZARA,KETA V/ GDSS,36/13/07/019,https://docs.inecelectionresults.net/elections_prod/1292/state/1/lga/3875/ward/26318/pu/178512/178512-1677598356.pdf,2023-02-28T15:33:00.745Z,false,https://raw.githubusercontent.com/mykeels/inec-presidential-elections-2023/master/results/37-zamfara\3875-tsafe\26318-keta-kizara\polling-units.json
ZAMFARA,TSAFE,KETA/KIZARA,KIZARA / DISPENSARY,36/13/07/010,,,false,https://raw.githubusercontent.com/mykeels/inec-presidential-elections-2023/master/results/37-zamfara\3875-tsafe\26318-keta-kizara\polling-units.json
ZAMFARA,TSAFE,KETA/KIZARA,KIZARA II/ PRIMARY SCH,36/13/07/021,https://docs.inecelectionresults.net/elections_prod/1292/state/1/lga/3875/ward/26318/pu/178514/178514-1677597310.pdf,2023-02-28T15:16:01.402Z,true,https://raw.githubusercontent.com/mykeels/inec-presidential-elections-2023/master/results/37-zamfara\3875-tsafe\26318-keta-kizara\polling-units.json
ZAMFARA,TSAFE,KETA/KIZARA,KIZARA III/  PRIMARY,36/13/07/024,https://docs.inecelectionresults.net/elections_prod/1292/state/1/lga/3875/ward/26318/pu/178517/178517-1677600579.pdf,2023-02-28T16:10:01.767Z,true,https://raw.githubusercontent.com/mykeels/inec-presidential-elections-2023/master/results/37-zamfara\3875-tsafe\26318-keta-kizara\polling-units.json
ZAMFARA,TSAFE,KETA/KIZARA,KUNUKU / DANDALIN KUNU,36/13/07/017,https://docs.inecelectionresults.net/elections_prod/1292/state/1/lga/3875/ward/26318/pu/120793/120793-1677598693.pdf,2023-02-28T15:39:00.280Z,false,https://raw.githubusercontent.com/mykeels/inec-presidential-elections-2023/master/results/37-zamfara\3875-tsafe\26318-keta-kizara\polling-units.json
ZAMFARA,TSAFE,KETA/KIZARA,MAI DAGALO / FADAR HAKIMI,36/13/07/005,https://docs.inecelectionresults.net/elections_prod/1292/state/1/lga/3875/ward/26318/pu/120781/120781-1677606204.pdf,2023-02-28T18:02:43.694Z,true,https://raw.githubusercontent.com/mykeels/inec-presidential-elections-2023/master/results/37-zamfara\3875-tsafe\26318-keta-kizara\polling-units.json
ZAMFARA,TSAFE,KETA/KIZARA,MAI TAUSHI / FILIN DAMMA,36/13/07/018,https://docs.inecelectionresults.net/elections_prod/1292/state/1/lga/3875/ward/26318/pu/120794/120794-1677588901.pdf,2023-02-28T12:56:00.974Z,true,https://raw.githubusercontent.com/mykeels/inec-presidential-elections-2023/master/results/37-zamfara\3875-tsafe\26318-keta-kizara\polling-units.json
ZAMFARA,TSAFE,KETA/KIZARA,NASARAWA  / OFISHIN NASARAWA,36/13/07/007,,,false,https://raw.githubusercontent.com/mykeels/inec-presidential-elections-2023/master/results/37-zamfara\3875-tsafe\26318-keta-kizara\polling-units.json
ZAMFARA,TSAFE,KETA/KIZARA,SABON GARI / FILIN GARI,36/13/07/014,https://docs.inecelectionresults.net/elections_prod/1292/state/1/lga/3875/ward/26318/pu/120790/120790-1677599466.pdf,2023-02-28T15:52:00.080Z,false,https://raw.githubusercontent.com/mykeels/inec-presidential-elections-2023/master/results/37-zamfara\3875-tsafe\26318-keta-kizara\polling-units.json
ZAMFARA,TSAFE,KETA/KIZARA,UNG. GYAURO  /  PRIMARY SCHOOL,36/13/07/012,https://docs.inecelectionresults.net/elections_prod/1292/state/1/lga/3875/ward/26318/pu/120788/120788-1677600452.pdf,2023-02-28T16:08:00.871Z,false,https://raw.githubusercontent.com/mykeels/inec-presidential-elections-2023/master/results/37-zamfara\3875-tsafe\26318-keta-kizara\polling-units.json
ZAMFARA,TSAFE,KETA/KIZARA,UNG.GYAMRO DISPENSARY,36/13/07/022,https://docs.inecelectionresults.net/elections_prod/1292/state/1/lga/3875/ward/26318/pu/178515/178515-1677597514.pdf,2023-02-28T15:19:00.552Z,false,https://raw.githubusercontent.com/mykeels/inec-presidential-elections-2023/master/results/37-zamfara\3875-tsafe\26318-keta-kizara\polling-units.json
ZAMFARA,TSAFE,KETA/KIZARA,YAR ZAIGA  /  PRIMARY SCHOOL,36/13/07/015,https://docs.inecelectionresults.net/elections_prod/1292/state/1/lga/3875/ward/26318/pu/120791/120791-1677603678.pdf,2023-02-28T17:02:00.361Z,false,https://raw.githubusercontent.com/mykeels/inec-presidential-elections-2023/master/results/37-zamfara\3875-tsafe\26318-keta-kizara\polling-units.json
ZAMFARA,TSAFE,KETA/KIZARA,YARTSAKUWA / FILIN DIYA,36/13/07/008,,,false,https://raw.githubusercontent.com/mykeels/inec-presidential-elections-2023/master/results/37-zamfara\3875-tsafe\26318-keta-kizara\polling-units.json
ZAMFARA,TSAFE,KETA/KIZARA,YARZAMGA II PRI.SCH.,36/13/07/023,https://docs.inecelectionresults.net/elections_prod/1292/state/1/lga/3875/ward/26318/pu/178516/178516-1677596510.pdf,2023-02-28T15:02:01.208Z,false,https://raw.githubusercontent.com/mykeels/inec-presidential-elections-2023/master/results/37-zamfara\3875-tsafe\26318-keta-kizara\polling-units.json
ZAMFARA,TSAFE,KETA/KIZARA,ZAMFARAWA / DANFAKO,36/13/07/009,,,false,https://raw.githubusercontent.com/mykeels/inec-presidential-elections-2023/master/results/37-zamfara\3875-tsafe\26318-keta-kizara\polling-units.json
ZAMFARA,TSAFE,KWAREN GANUWA,BAWA GANGA I  /  PRIMARY SCHOOL,36/13/01/011,,,false,https://raw.githubusercontent.com/mykeels/inec-presidential-elections-2023/master/results/37-zamfara\3875-tsafe\26312-kwaren-ganuwa\polling-units.json
ZAMFARA,TSAFE,KWAREN GANUWA,BAWA GANGA II / DAN FILI,36/13/01/012,,,false,https://raw.githubusercontent.com/mykeels/inec-presidential-elections-2023/master/results/37-zamfara\3875-tsafe\26312-kwaren-ganuwa\polling-units.json
ZAMFARA,TSAFE,KWAREN GANUWA,BAWA GANGA/ BAKIN KASUWA,36/13/01/025,https://docs.inecelectionresults.net/elections_prod/1292/state/01/lga/13/ward/01/pu/025/025-1677397507.pdf,2023-02-26T07:46:02.038Z,false,https://raw.githubusercontent.com/mykeels/inec-presidential-elections-2023/master/results/37-zamfara\3875-tsafe\26312-kwaren-ganuwa\polling-units.json
ZAMFARA,TSAFE,KWAREN GANUWA,DAN GULBI / GULBARE,36/13/01/005,,,false,https://raw.githubusercontent.com/mykeels/inec-presidential-elections-2023/master/results/37-zamfara\3875-tsafe\26312-kwaren-ganuwa\polling-units.json
ZAMFARA,TSAFE,KWAREN GANUWA,FILIN YAN HAYA,36/13/01/022,https://docs.inecelectionresults.net/elections_prod/1292/state/1/lga/3875/ward/26312/pu/178479/178479-1677476821.pdf,2023-02-27T05:47:59.827Z,false,https://raw.githubusercontent.com/mykeels/inec-presidential-elections-2023/master/results/37-zamfara\3875-tsafe\26312-kwaren-ganuwa\polling-units.json
ZAMFARA,TSAFE,KWAREN GANUWA,GWANJA / DAN FILI,36/13/01/003,,,false,https://raw.githubusercontent.com/mykeels/inec-presidential-elections-2023/master/results/37-zamfara\3875-tsafe\26312-kwaren-ganuwa\polling-units.json
ZAMFARA,TSAFE,KWAREN GANUWA,GWANJA B/KASUWA,36/13/01/019,https://docs.inecelectionresults.net/elections_prod/1292/state/1/lga/3875/ward/26312/pu/178476/178476-1677475647.pdf,2023-02-27T05:27:59.949Z,false,https://raw.githubusercontent.com/mykeels/inec-presidential-elections-2023/master/results/37-zamfara\3875-tsafe\26312-kwaren-ganuwa\polling-units.json
ZAMFARA,TSAFE,KWAREN GANUWA,KANWURI TSAMIYA,36/13/01/024,https://docs.inecelectionresults.net/elections_prod/1292/state/1/lga/3875/ward/26312/pu/178481/178481-1677477963.pdf,2023-02-27T06:06:59.773Z,false,https://raw.githubusercontent.com/mykeels/inec-presidential-elections-2023/master/results/37-zamfara\3875-tsafe\26312-kwaren-ganuwa\polling-units.json
ZAMFARA,TSAFE,KWAREN GANUWA,KASUWAR DAJI,36/13/01/023,https://docs.inecelectionresults.net/elections_prod/1292/state/1/lga/3875/ward/26312/pu/178480/178480-1677605912.pdf,2023-02-28T18:02:36.443Z,true,https://raw.githubusercontent.com/mykeels/inec-presidential-elections-2023/master/results/37-zamfara\3875-tsafe\26312-kwaren-ganuwa\polling-units.json
ZAMFARA,TSAFE,KWAREN GANUWA,KAUYEN JATAU / FILIN JATAU,36/13/01/004,https://docs.inecelectionresults.net/elections_prod/1292/state/01/lga/13/ward/01/pu/004/004-1677428765.pdf,2023-02-26T16:26:59.881Z,false,https://raw.githubusercontent.com/mykeels/inec-presidential-elections-2023/master/results/37-zamfara\3875-tsafe\26312-kwaren-ganuwa\polling-units.json
ZAMFARA,TSAFE,KWAREN GANUWA,KWAREN GANUWA III/ BAKIN KASUWA,36/13/01/018,https://docs.inecelectionresults.net/elections_prod/1292/state/1/lga/3875/ward/26312/pu/178475/178475-1677463372.pdf,2023-02-27T02:03:00.298Z,false,https://raw.githubusercontent.com/mykeels/inec-presidential-elections-2023/master/results/37-zamfara\3875-tsafe\26312-kwaren-ganuwa\polling-units.json
ZAMFARA,TSAFE,KWAREN GANUWA,KWARIN GANUWA   II  /  PRIMARY SCHOOL,36/13/01/008,,,false,https://raw.githubusercontent.com/mykeels/inec-presidential-elections-2023/master/results/37-zamfara\3875-tsafe\26312-kwaren-ganuwa\polling-units.json
ZAMFARA,TSAFE,KWAREN GANUWA,KWARIN GANUWA I / SHIYAR MARAFA,36/13/01/007,https://docs.inecelectionresults.net/elections_prod/1292/state/01/lga/13/ward/01/pu/007/007-1677405927.pdf,2023-02-26T10:06:03.108Z,false,https://raw.githubusercontent.com/mykeels/inec-presidential-elections-2023/master/results/37-zamfara\3875-tsafe\26312-kwaren-ganuwa\polling-units.json
ZAMFARA,TSAFE,KWAREN GANUWA,MAI RAI-RAI  /  FILIN RAYRAI,36/13/01/014,https://docs.inecelectionresults.net/elections_prod/1292/state/1/lga/3875/ward/26312/pu/120699/120699-1677461977.pdf,2023-02-27T01:55:03.918Z,false,https://raw.githubusercontent.com/mykeels/inec-presidential-elections-2023/master/results/37-zamfara\3875-tsafe\26312-kwaren-ganuwa\polling-units.json
ZAMFARA,TSAFE,KWAREN GANUWA,MAI RAIRAI PRI. SCH,36/13/01/027,https://docs.inecelectionresults.net/elections_prod/1292/state/1/lga/3875/ward/26312/pu/178484/178484-1677479539.pdf,2023-02-27T06:33:00.288Z,false,https://raw.githubusercontent.com/mykeels/inec-presidential-elections-2023/master/results/37-zamfara\3875-tsafe\26312-kwaren-ganuwa\polling-units.json
ZAMFARA,TSAFE,KWAREN GANUWA,MARBE GANYAYE / GANYE,36/13/01/016,https://docs.inecelectionresults.net/elections_prod/1292/state/1/lga/3875/ward/26312/pu/120701/120701-1677481439.pdf,2023-02-27T07:04:59.880Z,false,https://raw.githubusercontent.com/mykeels/inec-presidential-elections-2023/master/results/37-zamfara\3875-tsafe\26312-kwaren-ganuwa\polling-units.json
ZAMFARA,TSAFE,KWAREN GANUWA,MARBE KAZAMA / DAN FILI,36/13/01/017,https://docs.inecelectionresults.net/elections_prod/1292/state/1/lga/3875/ward/26312/pu/120702/120702-1677464241.pdf,2023-02-27T02:17:59.841Z,false,https://raw.githubusercontent.com/mykeels/inec-presidential-elections-2023/master/results/37-zamfara\3875-tsafe\26312-kwaren-ganuwa\polling-units.json
ZAMFARA,TSAFE,KWAREN GANUWA,MARBE/ PRI. SCHOOL,36/13/01/028,https://docs.inecelectionresults.net/elections_prod/1292/state/1/lga/3875/ward/26312/pu/178485/178485-1677479971.pdf,2023-02-27T06:40:00.356Z,false,https://raw.githubusercontent.com/mykeels/inec-presidential-elections-2023/master/results/37-zamfara\3875-tsafe\26312-kwaren-ganuwa\polling-units.json
ZAMFARA,TSAFE,KWAREN GANUWA,MATSAERI    /   DANFILIN SAMARI,36/13/01/001,https://docs.inecelectionresults.net/elections_prod/1292/state/1/lga/3875/ward/26312/pu/120686/120686-1677455829.pdf,2023-02-26T23:58:00.072Z,false,https://raw.githubusercontent.com/mykeels/inec-presidential-elections-2023/master/results/37-zamfara\3875-tsafe\26312-kwaren-ganuwa\polling-units.json
ZAMFARA,TSAFE,KWAREN GANUWA,MAYANA ALI / DANDALIN SAMARI,36/13/01/010,https://docs.inecelectionresults.net/elections_prod/1292/state/1/lga/3875/ward/26312/pu/120695/120695-1677462371.pdf,2023-02-27T01:55:06.605Z,false,https://raw.githubusercontent.com/mykeels/inec-presidential-elections-2023/master/results/37-zamfara\3875-tsafe\26312-kwaren-ganuwa\polling-units.json
ZAMFARA,TSAFE,KWAREN GANUWA,MUSAWA    /   DAN KALGO,36/13/01/006,https://docs.inecelectionresults.net/elections_prod/1292/state/1/lga/3875/ward/26312/pu/120691/120691-1677454006.pdf,2023-02-26T23:27:00.187Z,false,https://raw.githubusercontent.com/mykeels/inec-presidential-elections-2023/master/results/37-zamfara\3875-tsafe\26312-kwaren-ganuwa\polling-units.json
ZAMFARA,TSAFE,KWAREN GANUWA,RUGUZA / RUGUZAWA,36/13/01/015,https://docs.inecelectionresults.net/elections_prod/1292/state/1/lga/3875/ward/26312/pu/120700/120700-1677605676.pdf,2023-02-28T18:02:29.460Z,true,https://raw.githubusercontent.com/mykeels/inec-presidential-elections-2023/master/results/37-zamfara\3875-tsafe\26312-kwaren-ganuwa\polling-units.json
ZAMFARA,TSAFE,KWAREN GANUWA,SABON GARI    /   DAN FILI,36/13/01/013,,,false,https://raw.githubusercontent.com/mykeels/inec-presidential-elections-2023/master/results/37-zamfara\3875-tsafe\26312-kwaren-ganuwa\polling-units.json
ZAMFARA,TSAFE,KWAREN GANUWA,SABON GARI MAKARANTA,36/13/01/026,https://docs.inecelectionresults.net/elections_prod/1292/state/1/lga/3875/ward/26312/pu/178483/178483-1677478962.pdf,2023-02-27T06:23:00.622Z,false,https://raw.githubusercontent.com/mykeels/inec-presidential-elections-2023/master/results/37-zamfara\3875-tsafe\26312-kwaren-ganuwa\polling-units.json
ZAMFARA,TSAFE,KWAREN GANUWA,SHIYAR MAGAJI K/G / DANDALI KWARINGANUWA,36/13/01/009,https://docs.inecelectionresults.net/elections_prod/1292/state/1/lga/3875/ward/26312/pu/120694/120694-1677456067.pdf,2023-02-27T00:01:59.865Z,false,https://raw.githubusercontent.com/mykeels/inec-presidential-elections-2023/master/results/37-zamfara\3875-tsafe\26312-kwaren-ganuwa\polling-units.json
ZAMFARA,TSAFE,KWAREN GANUWA,SHIYAR MARAFA/ DISPENSARY,36/13/01/020,https://docs.inecelectionresults.net/elections_prod/1292/state/1/lga/3875/ward/26312/pu/178477/178477-1677476185.pdf,2023-02-27T05:37:00.045Z,false,https://raw.githubusercontent.com/mykeels/inec-presidential-elections-2023/master/results/37-zamfara\3875-tsafe\26312-kwaren-ganuwa\polling-units.json
ZAMFARA,TSAFE,KWAREN GANUWA,SHIYAR MAYANA    /   OFFISHIN MAYANA,36/13/01/002,https://docs.inecelectionresults.net/elections_prod/1292/state/01/lga/13/ward/01/pu/002/002-1677407520.pdf,2023-02-26T10:33:01.488Z,false,https://raw.githubusercontent.com/mykeels/inec-presidential-elections-2023/master/results/37-zamfara\3875-tsafe\26312-kwaren-ganuwa\polling-units.json
ZAMFARA,TSAFE,KWAREN GANUWA,TSAMIYAR ALASAN,36/13/01/021,https://docs.inecelectionresults.net/elections_prod/1292/state/1/lga/3875/ward/26312/pu/178478/178478-1677460791.pdf,2023-02-27T01:20:00.110Z,false,https://raw.githubusercontent.com/mykeels/inec-presidential-elections-2023/master/results/37-zamfara\3875-tsafe\26312-kwaren-ganuwa\polling-units.json
ZAMFARA,TSAFE,TSAFE,ASIBITI BABBA / BAKIN DUSTI,36/13/08/017,https://docs.inecelectionresults.net/elections_prod/1292/state/1/lga/3875/ward/26319/pu/120811/120811-1677673785.pdf,2023-03-01T12:31:00.602Z,false,https://raw.githubusercontent.com/mykeels/inec-presidential-elections-2023/master/results/37-zamfara\3875-tsafe\26319-tsafe\polling-units.json
ZAMFARA,TSAFE,TSAFE,ASIBITI BABBA/ JUNIOR SEC.SCH. I,36/13/08/045,,,false,https://raw.githubusercontent.com/mykeels/inec-presidential-elections-2023/master/results/37-zamfara\3875-tsafe\26319-tsafe\polling-units.json
ZAMFARA,TSAFE,TSAFE,ASIBITI BABBA/ JUNIOR SEC.SCH. II,36/13/08/061,https://docs.inecelectionresults.net/elections_prod/1292/state/1/lga/3875/ward/26319/pu/178547/178547-1677675463.pdf,2023-03-01T12:58:00.575Z,false,https://raw.githubusercontent.com/mykeels/inec-presidential-elections-2023/master/results/37-zamfara\3875-tsafe\26319-tsafe\polling-units.json
ZAMFARA,TSAFE,TSAFE,AUDU  NABABA / DANFAKON BABBA,36/13/08/005,https://docs.inecelectionresults.net/elections_prod/1292/state/1/lga/3875/ward/26319/pu/120799/120799-1677476443.pdf,2023-02-27T05:41:00.165Z,false,https://raw.githubusercontent.com/mykeels/inec-presidential-elections-2023/master/results/37-zamfara\3875-tsafe\26319-tsafe\polling-units.json
ZAMFARA,TSAFE,TSAFE,BABBAN KAUYE  /  PRIMARY SCHOOL,36/13/08/015,,,false,https://raw.githubusercontent.com/mykeels/inec-presidential-elections-2023/master/results/37-zamfara\3875-tsafe\26319-tsafe\polling-units.json
ZAMFARA,TSAFE,TSAFE,BABBAN KAUYE HOSPITAL,36/13/08/043,https://docs.inecelectionresults.net/elections_prod/1292/state/1/lga/3875/ward/26319/pu/178529/178529-1677675011.pdf,2023-03-01T12:51:00.152Z,false,https://raw.githubusercontent.com/mykeels/inec-presidential-elections-2023/master/results/37-zamfara\3875-tsafe\26319-tsafe\polling-units.json
ZAMFARA,TSAFE,TSAFE,BAKIN GULBI / DANFAKO,36/13/08/012,https://docs.inecelectionresults.net/elections_prod/1292/state/1/lga/3875/ward/26319/pu/120806/120806-1677455340.pdf,2023-02-26T23:49:59.774Z,false,https://raw.githubusercontent.com/mykeels/inec-presidential-elections-2023/master/results/37-zamfara\3875-tsafe\26319-tsafe\polling-units.json
ZAMFARA,TSAFE,TSAFE,BEDIN ALASAN,36/13/08/034,https://docs.inecelectionresults.net/elections_prod/1292/state/1/lga/3875/ward/26319/pu/178520/178520-1677481634.pdf,2023-02-27T07:07:59.897Z,false,https://raw.githubusercontent.com/mykeels/inec-presidential-elections-2023/master/results/37-zamfara\3875-tsafe\26319-tsafe\polling-units.json
ZAMFARA,TSAFE,TSAFE,DAN SHEME/ G D S S FOCAL,36/13/08/039,https://docs.inecelectionresults.net/elections_prod/1292/state/1/lga/3875/ward/26319/pu/178525/178525-1677674487.pdf,2023-03-01T12:42:00.482Z,false,https://raw.githubusercontent.com/mykeels/inec-presidential-elections-2023/master/results/37-zamfara\3875-tsafe\26319-tsafe\polling-units.json
ZAMFARA,TSAFE,TSAFE,DAN SHEME/ G D S S FOCAL II,36/13/08/065,https://docs.inecelectionresults.net/elections_prod/1292/state/1/lga/3875/ward/26319/pu/178551/178551-1677473600.pdf,2023-02-27T04:53:59.829Z,false,https://raw.githubusercontent.com/mykeels/inec-presidential-elections-2023/master/results/37-zamfara\3875-tsafe\26319-tsafe\polling-units.json
ZAMFARA,TSAFE,TSAFE,DAN UMMA / FILIN SARAKI,36/13/08/004,https://docs.inecelectionresults.net/elections_prod/1292/state/1/lga/3875/ward/26319/pu/120798/120798-1677680097.pdf,2023-03-01T14:15:00.764Z,false,https://raw.githubusercontent.com/mykeels/inec-presidential-elections-2023/master/results/37-zamfara\3875-tsafe\26319-tsafe\polling-units.json
ZAMFARA,TSAFE,TSAFE,DAN UMMA/FILIN SARAKI,36/13/08/058,,,false,https://raw.githubusercontent.com/mykeels/inec-presidential-elections-2023/master/results/37-zamfara\3875-tsafe\26319-tsafe\polling-units.json
ZAMFARA,TSAFE,TSAFE,DANSHEME / POST OFFICE,36/13/08/007,https://docs.inecelectionresults.net/elections_prod/1292/state/1/lga/3875/ward/26319/pu/120801/120801-1677671920.pdf,2023-03-01T11:59:00.259Z,false,https://raw.githubusercontent.com/mykeels/inec-presidential-elections-2023/master/results/37-zamfara\3875-tsafe\26319-tsafe\polling-units.json
ZAMFARA,TSAFE,TSAFE,DISPENSARY / ASIBITIN KUTARE,36/13/08/011,https://docs.inecelectionresults.net/elections_prod/1292/state/1/lga/3875/ward/26319/pu/120805/120805-1677513722.pdf,2023-02-27T16:02:59.913Z,false,https://raw.githubusercontent.com/mykeels/inec-presidential-elections-2023/master/results/37-zamfara\3875-tsafe\26319-tsafe\polling-units.json
ZAMFARA,TSAFE,TSAFE,FILIN ALKALI,36/13/08/049,https://docs.inecelectionresults.net/elections_prod/1292/state/1/lga/3875/ward/26319/pu/178535/178535-1677678664.pdf,2023-03-01T13:52:00.213Z,false,https://raw.githubusercontent.com/mykeels/inec-presidential-elections-2023/master/results/37-zamfara\3875-tsafe\26319-tsafe\polling-units.json
ZAMFARA,TSAFE,TSAFE,FILIN BURTSATSE,36/13/08/037,https://docs.inecelectionresults.net/elections_prod/1292/state/1/lga/3875/ward/26319/pu/178523/178523-1677509798.pdf,2023-02-27T14:57:01.397Z,false,https://raw.githubusercontent.com/mykeels/inec-presidential-elections-2023/master/results/37-zamfara\3875-tsafe\26319-tsafe\polling-units.json
ZAMFARA,TSAFE,TSAFE,GAJIN ZAMA  /  PRIMARY SCHOOL,36/13/08/014,https://docs.inecelectionresults.net/elections_prod/1292/state/1/lga/3875/ward/26319/pu/120808/120808-1677677457.pdf,2023-03-01T13:32:01.219Z,true,https://raw.githubusercontent.com/mykeels/inec-presidential-elections-2023/master/results/37-zamfara\3875-tsafe\26319-tsafe\polling-units.json
ZAMFARA,TSAFE,TSAFE,GANGARA / ASIBITI,36/13/08/026,https://docs.inecelectionresults.net/elections_prod/1292/state/1/lga/3875/ward/26319/pu/120820/120820-1677477280.pdf,2023-02-27T05:55:00.340Z,false,https://raw.githubusercontent.com/mykeels/inec-presidential-elections-2023/master/results/37-zamfara\3875-tsafe\26319-tsafe\polling-units.json
ZAMFARA,TSAFE,TSAFE,GANGARE/TRANSFOMER,36/13/08/053,https://docs.inecelectionresults.net/elections_prod/1292/state/1/lga/3875/ward/26319/pu/178539/178539-1677511092.pdf,2023-02-27T15:23:07.080Z,false,https://raw.githubusercontent.com/mykeels/inec-presidential-elections-2023/master/results/37-zamfara\3875-tsafe\26319-tsafe\polling-units.json
ZAMFARA,TSAFE,TSAFE,GIDAN ANNE / YANKARA,36/13/08/032,https://docs.inecelectionresults.net/elections_prod/1292/state/1/lga/3875/ward/26319/pu/120826/120826-1677676375.pdf,2023-03-01T13:13:01.129Z,false,https://raw.githubusercontent.com/mykeels/inec-presidential-elections-2023/master/results/37-zamfara\3875-tsafe\26319-tsafe\polling-units.json
ZAMFARA,TSAFE,TSAFE,HADEJAWA,36/13/08/040,https://docs.inecelectionresults.net/elections_prod/1292/state/1/lga/3875/ward/26319/pu/178526/178526-1677677975.pdf,2023-03-01T13:40:00.444Z,false,https://raw.githubusercontent.com/mykeels/inec-presidential-elections-2023/master/results/37-zamfara\3875-tsafe\26319-tsafe\polling-units.json
ZAMFARA,TSAFE,TSAFE,HAMISU DIREBA / DANDURUMI,36/13/08/003,https://docs.inecelectionresults.net/elections_prod/1292/state/1/lga/3875/ward/26319/pu/120797/120797-1677673805.pdf,2023-03-01T12:31:01.031Z,false,https://raw.githubusercontent.com/mykeels/inec-presidential-elections-2023/master/results/37-zamfara\3875-tsafe\26319-tsafe\polling-units.json
ZAMFARA,TSAFE,TSAFE,HAMISU DIREBA/ TASHAR MOTA I,36/13/08/035,,,false,https://raw.githubusercontent.com/mykeels/inec-presidential-elections-2023/master/results/37-zamfara\3875-tsafe\26319-tsafe\polling-units.json
ZAMFARA,TSAFE,TSAFE,HAMISU DIREBA/ TASHAR MOTA II,36/13/08/064,https://docs.inecelectionresults.net/elections_prod/1292/state/1/lga/3875/ward/26319/pu/178550/178550-1677508108.pdf,2023-02-27T14:29:02.289Z,false,https://raw.githubusercontent.com/mykeels/inec-presidential-elections-2023/master/results/37-zamfara\3875-tsafe\26319-tsafe\polling-units.json
ZAMFARA,TSAFE,TSAFE,HARUNA GOGA / DAN FILIN GOGA,36/13/08/002,https://docs.inecelectionresults.net/elections_prod/1292/state/1/lga/3875/ward/26319/pu/120796/120796-1677670351.pdf,2023-03-01T11:33:00.268Z,false,https://raw.githubusercontent.com/mykeels/inec-presidential-elections-2023/master/results/37-zamfara\3875-tsafe\26319-tsafe\polling-units.json
ZAMFARA,TSAFE,TSAFE,HAYIN TANBAI F/BURTSATSE,36/13/08/041,https://docs.inecelectionresults.net/elections_prod/1292/state/1/lga/3875/ward/26319/pu/178527/178527-1677671830.pdf,2023-03-01T11:58:00.085Z,false,https://raw.githubusercontent.com/mykeels/inec-presidential-elections-2023/master/results/37-zamfara\3875-tsafe\26319-tsafe\polling-units.json
ZAMFARA,TSAFE,TSAFE,HAYIN TANBAI F/BURTSATSE,36/13/08/059,https://docs.inecelectionresults.net/elections_prod/1292/state/1/lga/3875/ward/26319/pu/178545/178545-1677475106.pdf,2023-02-27T05:19:00.904Z,false,https://raw.githubusercontent.com/mykeels/inec-presidential-elections-2023/master/results/37-zamfara\3875-tsafe\26319-tsafe\polling-units.json
ZAMFARA,TSAFE,TSAFE,KARA ZUBE/ MAHAUTA,36/13/08/038,https://docs.inecelectionresults.net/elections_prod/1292/state/1/lga/3875/ward/26319/pu/178524/178524-1677485096.pdf,2023-02-27T08:05:00.807Z,false,https://raw.githubusercontent.com/mykeels/inec-presidential-elections-2023/master/results/37-zamfara\3875-tsafe\26319-tsafe\polling-units.json
ZAMFARA,TSAFE,TSAFE,KARAZUBE / BACETO,36/13/08/006,,,false,https://raw.githubusercontent.com/mykeels/inec-presidential-elections-2023/master/results/37-zamfara\3875-tsafe\26319-tsafe\polling-units.json
ZAMFARA,TSAFE,TSAFE,KATANGA / LIZZAMIYA PRIMARY SCHOOL,36/13/08/016,https://docs.inecelectionresults.net/elections_prod/1292/state/1/lga/3875/ward/26319/pu/120810/120810-1677674899.pdf,2023-03-01T12:49:00.513Z,false,https://raw.githubusercontent.com/mykeels/inec-presidential-elections-2023/master/results/37-zamfara\3875-tsafe\26319-tsafe\polling-units.json
ZAMFARA,TSAFE,TSAFE,KATANGA/HOSPITAL,36/13/08/036,https://docs.inecelectionresults.net/elections_prod/1292/state/1/lga/3875/ward/26319/pu/178522/178522-1677480829.pdf,2023-02-27T06:54:00.156Z,false,https://raw.githubusercontent.com/mykeels/inec-presidential-elections-2023/master/results/37-zamfara\3875-tsafe\26319-tsafe\polling-units.json
ZAMFARA,TSAFE,TSAFE,KAUYEN KANE /  DAN FILI,36/13/08/013,https://docs.inecelectionresults.net/elections_prod/1292/state/1/lga/3875/ward/26319/pu/120807/120807-1677678641.pdf,2023-03-01T13:51:00.855Z,false,https://raw.githubusercontent.com/mykeels/inec-presidential-elections-2023/master/results/37-zamfara\3875-tsafe\26319-tsafe\polling-units.json
ZAMFARA,TSAFE,TSAFE,KWAKWARE / GINDIN KESIYA,36/13/08/008,https://docs.inecelectionresults.net/elections_prod/1292/state/1/lga/3875/ward/26319/pu/120802/120802-1677475494.pdf,2023-02-27T05:25:00.200Z,false,https://raw.githubusercontent.com/mykeels/inec-presidential-elections-2023/master/results/37-zamfara\3875-tsafe\26319-tsafe\polling-units.json
ZAMFARA,TSAFE,TSAFE,KWAKWAREN M/YUSUF,36/13/08/051,,,false,https://raw.githubusercontent.com/mykeels/inec-presidential-elections-2023/master/results/37-zamfara\3875-tsafe\26319-tsafe\polling-units.json
ZAMFARA,TSAFE,TSAFE,LAYIN MALAMAI,36/13/08/048,https://docs.inecelectionresults.net/elections_prod/1292/state/1/lga/3875/ward/26319/pu/178534/178534-1677676416.pdf,2023-03-01T13:14:00.362Z,false,https://raw.githubusercontent.com/mykeels/inec-presidential-elections-2023/master/results/37-zamfara\3875-tsafe\26319-tsafe\polling-units.json
ZAMFARA,TSAFE,TSAFE,LIMAN DAN BAWA / MAKARANTA,36/13/08/022,https://docs.inecelectionresults.net/elections_prod/1292/state/1/lga/3875/ward/26319/pu/120816/120816-1677513141.pdf,2023-02-27T15:53:01.760Z,false,https://raw.githubusercontent.com/mykeels/inec-presidential-elections-2023/master/results/37-zamfara\3875-tsafe\26319-tsafe\polling-units.json
ZAMFARA,TSAFE,TSAFE,MAKERA / PRIMARY SCHOOL,36/13/08/028,https://docs.inecelectionresults.net/elections_prod/1292/state/1/lga/3875/ward/26319/pu/120822/120822-1677487689.pdf,2023-02-27T08:48:59.825Z,false,https://raw.githubusercontent.com/mykeels/inec-presidential-elections-2023/master/results/37-zamfara\3875-tsafe\26319-tsafe\polling-units.json
ZAMFARA,TSAFE,TSAFE,MANGAWA / PRIMARY SCHOOL,36/13/08/030,,,false,https://raw.githubusercontent.com/mykeels/inec-presidential-elections-2023/master/results/37-zamfara\3875-tsafe\26319-tsafe\polling-units.json
ZAMFARA,TSAFE,TSAFE,MAZAWAJE / PRIMARY SCHOOL,36/13/08/021,https://docs.inecelectionresults.net/elections_prod/1292/state/1/lga/3875/ward/26319/pu/120815/120815-1677675154.pdf,2023-03-01T12:53:00.501Z,false,https://raw.githubusercontent.com/mykeels/inec-presidential-elections-2023/master/results/37-zamfara\3875-tsafe\26319-tsafe\polling-units.json
ZAMFARA,TSAFE,TSAFE,NASARAWA / PRIMARY SCHOOL,36/13/08/024,https://docs.inecelectionresults.net/elections_prod/1292/state/1/lga/3875/ward/26319/pu/120818/120818-1677673949.pdf,2023-03-01T12:33:00.322Z,false,https://raw.githubusercontent.com/mykeels/inec-presidential-elections-2023/master/results/37-zamfara\3875-tsafe\26319-tsafe\polling-units.json
ZAMFARA,TSAFE,TSAFE,NASARAWA I/ HOSPITAL,36/13/08/052,,,false,https://raw.githubusercontent.com/mykeels/inec-presidential-elections-2023/master/results/37-zamfara\3875-tsafe\26319-tsafe\polling-units.json
ZAMFARA,TSAFE,TSAFE,NASARAWA II/ HOSPITAL,36/13/08/057,https://docs.inecelectionresults.net/elections_prod/1292/state/1/lga/3875/ward/26319/pu/178543/178543-1677669916.pdf,2023-03-01T11:26:00.647Z,false,https://raw.githubusercontent.com/mykeels/inec-presidential-elections-2023/master/results/37-zamfara\3875-tsafe\26319-tsafe\polling-units.json
ZAMFARA,TSAFE,TSAFE,RAKYABU / PRIMARY SCHOOL,36/13/08/031,https://docs.inecelectionresults.net/elections_prod/1292/state/1/lga/3875/ward/26319/pu/120825/120825-1677478940.pdf,2023-02-27T06:23:00.240Z,false,https://raw.githubusercontent.com/mykeels/inec-presidential-elections-2023/master/results/37-zamfara\3875-tsafe\26319-tsafe\polling-units.json
ZAMFARA,TSAFE,TSAFE,RAKYABU HOSPITAL,36/13/08/055,https://docs.inecelectionresults.net/elections_prod/1292/state/1/lga/3875/ward/26319/pu/178541/178541-1677669880.pdf,2023-03-01T11:25:00.871Z,false,https://raw.githubusercontent.com/mykeels/inec-presidential-elections-2023/master/results/37-zamfara\3875-tsafe\26319-tsafe\polling-units.json
ZAMFARA,TSAFE,TSAFE,RIMIN ALKALI / READER ROOM,36/13/08/023,https://docs.inecelectionresults.net/elections_prod/1292/state/1/lga/3875/ward/26319/pu/120817/120817-1677510784.pdf,2023-02-27T15:15:01.334Z,false,https://raw.githubusercontent.com/mykeels/inec-presidential-elections-2023/master/results/37-zamfara\3875-tsafe\26319-tsafe\polling-units.json
ZAMFARA,TSAFE,TSAFE,RUGGAR  NA ALI / PRIMARY SCHOOL,36/13/08/027,https://docs.inecelectionresults.net/elections_prod/1292/state/1/lga/3875/ward/26319/pu/120821/120821-1677487049.pdf,2023-02-27T08:38:00.942Z,false,https://raw.githubusercontent.com/mykeels/inec-presidential-elections-2023/master/results/37-zamfara\3875-tsafe\26319-tsafe\polling-units.json
ZAMFARA,TSAFE,TSAFE,RUWA KUSA / BUHARI BUGASHI,36/13/08/009,https://docs.inecelectionresults.net/elections_prod/1292/state/1/lga/3875/ward/26319/pu/120803/120803-1677488760.pdf,2023-02-27T09:06:59.968Z,false,https://raw.githubusercontent.com/mykeels/inec-presidential-elections-2023/master/results/37-zamfara\3875-tsafe\26319-tsafe\polling-units.json
ZAMFARA,TSAFE,TSAFE,SABON FEGI / FILIN DAN MAZA,36/13/08/010,https://docs.inecelectionresults.net/elections_prod/1292/state/1/lga/3875/ward/26319/pu/120804/120804-1677518616.pdf,2023-02-27T17:24:00.754Z,false,https://raw.githubusercontent.com/mykeels/inec-presidential-elections-2023/master/results/37-zamfara\3875-tsafe\26319-tsafe\polling-units.json
ZAMFARA,TSAFE,TSAFE,SABUWAR KUKA KATANGA,36/13/08/044,https://docs.inecelectionresults.net/elections_prod/1292/state/1/lga/3875/ward/26319/pu/178530/178530-1677518101.pdf,2023-02-27T17:16:01.057Z,false,https://raw.githubusercontent.com/mykeels/inec-presidential-elections-2023/master/results/37-zamfara\3875-tsafe\26319-tsafe\polling-units.json
ZAMFARA,TSAFE,TSAFE,SABUWAR KUKA KATANGA,36/13/08/060,,,false,https://raw.githubusercontent.com/mykeels/inec-presidential-elections-2023/master/results/37-zamfara\3875-tsafe\26319-tsafe\polling-units.json
ZAMFARA,TSAFE,TSAFE,SAURI / KOFAR BALBELU,36/13/08/020,https://docs.inecelectionresults.net/elections_prod/1292/state/1/lga/3875/ward/26319/pu/120814/120814-1677484206.pdf,2023-02-27T07:51:01.015Z,false,https://raw.githubusercontent.com/mykeels/inec-presidential-elections-2023/master/results/37-zamfara\3875-tsafe\26319-tsafe\polling-units.json
ZAMFARA,TSAFE,TSAFE,SH/YANDOTO / RIJIYAR FADA,36/13/08/019,https://docs.inecelectionresults.net/elections_prod/1292/state/1/lga/3875/ward/26319/pu/120813/120813-1677672940.pdf,2023-03-01T12:16:00.385Z,false,https://raw.githubusercontent.com/mykeels/inec-presidential-elections-2023/master/results/37-zamfara\3875-tsafe\26319-tsafe\polling-units.json
ZAMFARA,TSAFE,TSAFE,SHANTALI / RIJIYA,36/13/08/018,https://docs.inecelectionresults.net/elections_prod/1292/state/1/lga/3875/ward/26319/pu/120812/120812-1677674517.pdf,2023-03-01T12:42:01.050Z,false,https://raw.githubusercontent.com/mykeels/inec-presidential-elections-2023/master/results/37-zamfara\3875-tsafe\26319-tsafe\polling-units.json
ZAMFARA,TSAFE,TSAFE,SHANTALI II/ TASHAR JAWARAWA,36/13/08/046,https://docs.inecelectionresults.net/elections_prod/1292/state/1/lga/3875/ward/26319/pu/178532/178532-1677676612.pdf,2023-03-01T13:17:01.314Z,false,https://raw.githubusercontent.com/mykeels/inec-presidential-elections-2023/master/results/37-zamfara\3875-tsafe\26319-tsafe\polling-units.json
ZAMFARA,TSAFE,TSAFE,SHANTALI III/ TASHAR JAWARAWA,36/13/08/062,https://docs.inecelectionresults.net/elections_prod/1292/state/1/lga/3875/ward/26319/pu/178548/178548-1677474723.pdf,2023-02-27T05:12:59.847Z,false,https://raw.githubusercontent.com/mykeels/inec-presidential-elections-2023/master/results/37-zamfara\3875-tsafe\26319-tsafe\polling-units.json
ZAMFARA,TSAFE,TSAFE,SHANTALI IV/ TASHAR JAWARAWA,36/13/08/063,https://docs.inecelectionresults.net/elections_prod/1292/state/1/lga/3875/ward/26319/pu/178549/178549-1677479460.pdf,2023-02-27T06:31:59.781Z,false,https://raw.githubusercontent.com/mykeels/inec-presidential-elections-2023/master/results/37-zamfara\3875-tsafe\26319-tsafe\polling-units.json
ZAMFARA,TSAFE,TSAFE,TSAGERU / PRIMARY SCHOOL,36/13/08/029,https://docs.inecelectionresults.net/elections_prod/1292/state/1/lga/3875/ward/26319/pu/120823/120823-1677512170.pdf,2023-02-27T15:37:01.618Z,false,https://raw.githubusercontent.com/mykeels/inec-presidential-elections-2023/master/results/37-zamfara\3875-tsafe\26319-tsafe\polling-units.json
ZAMFARA,TSAFE,TSAFE,TUDUN WADA  / PRIMARY SCHOOL,36/13/08/025,,,false,https://raw.githubusercontent.com/mykeels/inec-presidential-elections-2023/master/results/37-zamfara\3875-tsafe\26319-tsafe\polling-units.json
ZAMFARA,TSAFE,TSAFE,UNGUWAR SARKIN KOFA,36/13/08/047,https://docs.inecelectionresults.net/elections_prod/1292/state/1/lga/3875/ward/26319/pu/178533/178533-1677676293.pdf,2023-03-01T13:12:00.374Z,false,https://raw.githubusercontent.com/mykeels/inec-presidential-elections-2023/master/results/37-zamfara\3875-tsafe\26319-tsafe\polling-units.json
ZAMFARA,TSAFE,TSAFE,YALWA PRI. SCH.,36/13/08/054,https://docs.inecelectionresults.net/elections_prod/1292/state/1/lga/3875/ward/26319/pu/178540/178540-1677669302.pdf,2023-03-01T11:17:00.051Z,true,https://raw.githubusercontent.com/mykeels/inec-presidential-elections-2023/master/results/37-zamfara\3875-tsafe\26319-tsafe\polling-units.json
ZAMFARA,TSAFE,TSAFE,YANDOTO ALIYU M.P.SCH.,36/13/08/042,https://docs.inecelectionresults.net/elections_prod/1292/state/1/lga/3875/ward/26319/pu/178528/178528-1677759206.pdf,2023-03-02T12:14:00.569Z,false,https://raw.githubusercontent.com/mykeels/inec-presidential-elections-2023/master/results/37-zamfara\3875-tsafe\26319-tsafe\polling-units.json
ZAMFARA,TSAFE,TSAFE,YARYARA SOLAR,36/13/08/050,https://docs.inecelectionresults.net/elections_prod/1292/state/1/lga/3875/ward/26319/pu/178536/178536-1677758767.pdf,2023-03-02T12:07:00.215Z,false,https://raw.githubusercontent.com/mykeels/inec-presidential-elections-2023/master/results/37-zamfara\3875-tsafe\26319-tsafe\polling-units.json
ZAMFARA,TSAFE,TSAFE,ZANGA ALI AKILU  / PRI. SCH.,36/13/08/001,https://docs.inecelectionresults.net/elections_prod/1292/state/1/lga/3875/ward/26319/pu/120795/120795-1677672547.pdf,2023-03-01T12:10:00.097Z,false,https://raw.githubusercontent.com/mykeels/inec-presidential-elections-2023/master/results/37-zamfara\3875-tsafe\26319-tsafe\polling-units.json
ZAMFARA,TSAFE,TSAFE,ZANGON ALI AKILU,36/13/08/033,https://docs.inecelectionresults.net/elections_prod/1292/state/1/lga/3875/ward/26319/pu/178519/178519-1677672115.pdf,2023-03-01T12:02:00.539Z,false,https://raw.githubusercontent.com/mykeels/inec-presidential-elections-2023/master/results/37-zamfara\3875-tsafe\26319-tsafe\polling-units.json
ZAMFARA,TSAFE,TSAFE,ZANGON ALI AKILU,36/13/08/056,https://docs.inecelectionresults.net/elections_prod/1292/state/1/lga/3875/ward/26319/pu/178542/178542-1677679849.pdf,2023-03-01T14:11:00.831Z,false,https://raw.githubusercontent.com/mykeels/inec-presidential-elections-2023/master/results/37-zamfara\3875-tsafe\26319-tsafe\polling-units.json
ZAMFARA,TSAFE,"YAN KUZO ""B""",BUKE - BUKE I / PRIMARY SCHOOL,36/13/02/001,https://docs.inecelectionresults.net/elections_prod/1292/state/1/lga/3875/ward/26313/pu/120703/120703-1677772478.pdf,2023-03-02T15:55:01.303Z,true,https://raw.githubusercontent.com/mykeels/inec-presidential-elections-2023/master/results/37-zamfara\3875-tsafe\26313-yan-kuzo-b\polling-units.json
ZAMFARA,TSAFE,"YAN KUZO ""B""",BUKE BUKE II / FILIN JOBO,36/13/02/007,https://docs.inecelectionresults.net/elections_prod/1292/state/1/lga/3875/ward/26313/pu/120709/120709-1677773559.pdf,2023-03-02T16:13:00.263Z,false,https://raw.githubusercontent.com/mykeels/inec-presidential-elections-2023/master/results/37-zamfara\3875-tsafe\26313-yan-kuzo-b\polling-units.json
ZAMFARA,TSAFE,"YAN KUZO ""B""",GIDAN DURUMI,36/13/02/016,,,false,https://raw.githubusercontent.com/mykeels/inec-presidential-elections-2023/master/results/37-zamfara\3875-tsafe\26313-yan-kuzo-b\polling-units.json
ZAMFARA,TSAFE,"YAN KUZO ""B""",GURBI I   /  PRI. SCH.,36/13/02/013,,,false,https://raw.githubusercontent.com/mykeels/inec-presidential-elections-2023/master/results/37-zamfara\3875-tsafe\26313-yan-kuzo-b\polling-units.json
ZAMFARA,TSAFE,"YAN KUZO ""B""",GURBI II / BAKIN KASUWA,36/13/02/014,https://docs.inecelectionresults.net/elections_prod/1292/state/1/lga/3875/ward/26313/pu/120716/120716-1677772919.pdf,2023-03-02T16:03:01.317Z,true,https://raw.githubusercontent.com/mykeels/inec-presidential-elections-2023/master/results/37-zamfara\3875-tsafe\26313-yan-kuzo-b\polling-units.json
ZAMFARA,TSAFE,"YAN KUZO ""B""",HAYIN ALH. I /  KOFAR NASARAWA,36/13/02/008,,,false,https://raw.githubusercontent.com/mykeels/inec-presidential-elections-2023/master/results/37-zamfara\3875-tsafe\26313-yan-kuzo-b\polling-units.json
ZAMFARA,TSAFE,"YAN KUZO ""B""",HAYIN ALH. II / PRI.  SCH.,36/13/02/009,https://docs.inecelectionresults.net/elections_prod/1292/state/1/lga/3875/ward/26313/pu/120711/120711-1677769182.pdf,2023-03-02T15:00:00.594Z,true,https://raw.githubusercontent.com/mykeels/inec-presidential-elections-2023/master/results/37-zamfara\3875-tsafe\26313-yan-kuzo-b\polling-units.json
ZAMFARA,TSAFE,"YAN KUZO ""B""",HAYIN ALH. III / SABON GARI,36/13/02/010,,,false,https://raw.githubusercontent.com/mykeels/inec-presidential-elections-2023/master/results/37-zamfara\3875-tsafe\26313-yan-kuzo-b\polling-units.json
ZAMFARA,TSAFE,"YAN KUZO ""B""",HAYIN ALH. IV / KOFAR A. SADA,36/13/02/011,https://docs.inecelectionresults.net/elections_prod/1292/state/1/lga/3875/ward/26313/pu/120713/120713-1677771388.pdf,2023-03-02T15:37:00.476Z,false,https://raw.githubusercontent.com/mykeels/inec-presidential-elections-2023/master/results/37-zamfara\3875-tsafe\26313-yan-kuzo-b\polling-units.json
ZAMFARA,TSAFE,"YAN KUZO ""B""",HAYIN ALH. V /  MAKARANTA,36/13/02/012,,,false,https://raw.githubusercontent.com/mykeels/inec-presidential-elections-2023/master/results/37-zamfara\3875-tsafe\26313-yan-kuzo-b\polling-units.json
ZAMFARA,TSAFE,"YAN KUZO ""B""",INKWANTA  / PRIMARY SCHOOL,36/13/02/005,https://docs.inecelectionresults.net/elections_prod/1292/state/1/lga/3875/ward/26313/pu/120707/120707-1677770943.pdf,2023-03-02T15:30:01.313Z,true,https://raw.githubusercontent.com/mykeels/inec-presidential-elections-2023/master/results/37-zamfara\3875-tsafe\26313-yan-kuzo-b\polling-units.json
ZAMFARA,TSAFE,"YAN KUZO ""B""",SANTSEYA / PRIMARY SCHOOL,36/13/02/004,,,false,https://raw.githubusercontent.com/mykeels/inec-presidential-elections-2023/master/results/37-zamfara\3875-tsafe\26313-yan-kuzo-b\polling-units.json
ZAMFARA,TSAFE,"YAN KUZO ""B""",UNGUWAN NA ADDA / KOFAR A. HARU,36/13/02/003,https://docs.inecelectionresults.net/elections_prod/1292/state/1/lga/3875/ward/26313/pu/120705/120705-1677771933.pdf,2023-03-02T15:46:00.380Z,false,https://raw.githubusercontent.com/mykeels/inec-presidential-elections-2023/master/results/37-zamfara\3875-tsafe\26313-yan-kuzo-b\polling-units.json
ZAMFARA,TSAFE,"YAN KUZO ""B""",WAILARE I / PRIMARY SCHOOL,36/13/02/002,https://docs.inecelectionresults.net/elections_prod/1292/state/1/lga/3875/ward/26313/pu/120704/120704-1677770185.pdf,2023-03-02T15:18:01.315Z,true,https://raw.githubusercontent.com/mykeels/inec-presidential-elections-2023/master/results/37-zamfara\3875-tsafe\26313-yan-kuzo-b\polling-units.json
ZAMFARA,TSAFE,"YAN KUZO ""B""",WAKARE II / FILINJIBO /BA,36/13/02/006,,,false,https://raw.githubusercontent.com/mykeels/inec-presidential-elections-2023/master/results/37-zamfara\3875-tsafe\26313-yan-kuzo-b\polling-units.json
ZAMFARA,TSAFE,"YAN KUZO ""B""",YAR BURUTU BAKIN BEDI,36/13/02/015,,,false,https://raw.githubusercontent.com/mykeels/inec-presidential-elections-2023/master/results/37-zamfara\3875-tsafe\26313-yan-kuzo-b\polling-units.json
ZAMFARA,TSAFE,YAN WAREN DAJI,ASAULA / GARKAR  MAI GARI,36/13/10/014,https://docs.inecelectionresults.net/elections_prod/1292/state/1/lga/3875/ward/26321/pu/120856/120856-1677460205.pdf,2023-02-27T01:10:59.828Z,false,https://raw.githubusercontent.com/mykeels/inec-presidential-elections-2023/master/results/37-zamfara\3875-tsafe\26321-yan-waren-daji\polling-units.json
ZAMFARA,TSAFE,YAN WAREN DAJI,BODO / PRIMARY SCHOOL,36/13/10/018,https://docs.inecelectionresults.net/elections_prod/1292/state/1/lga/3875/ward/26321/pu/120860/120860-1677654687.pdf,2023-03-01T07:12:01.759Z,true,https://raw.githubusercontent.com/mykeels/inec-presidential-elections-2023/master/results/37-zamfara\3875-tsafe\26321-yan-waren-daji\polling-units.json
ZAMFARA,TSAFE,YAN WAREN DAJI,DAN A/GALADIMA/PRI.SCH,36/13/10/025,https://docs.inecelectionresults.net/elections_prod/1292/state/1/lga/3875/ward/26321/pu/178562/178562-1677460508.pdf,2023-02-27T01:15:59.928Z,false,https://raw.githubusercontent.com/mykeels/inec-presidential-elections-2023/master/results/37-zamfara\3875-tsafe\26321-yan-waren-daji\polling-units.json
ZAMFARA,TSAFE,YAN WAREN DAJI,DAN AMANAR GALADIMA / PRIMARY SCHOOL,36/13/10/012,https://docs.inecelectionresults.net/elections_prod/1292/state/1/lga/3875/ward/26321/pu/120854/120854-1677460875.pdf,2023-02-27T01:22:00.044Z,false,https://raw.githubusercontent.com/mykeels/inec-presidential-elections-2023/master/results/37-zamfara\3875-tsafe\26321-yan-waren-daji\polling-units.json
ZAMFARA,TSAFE,YAN WAREN DAJI,DAN' AMANAR DUTSI  / KOFAR HAKIMI,36/13/10/016,https://docs.inecelectionresults.net/elections_prod/1292/state/1/lga/3875/ward/26321/pu/120858/120858-1677652577.pdf,2023-03-01T06:37:00.744Z,false,https://raw.githubusercontent.com/mykeels/inec-presidential-elections-2023/master/results/37-zamfara\3875-tsafe\26321-yan-waren-daji\polling-units.json
ZAMFARA,TSAFE,YAN WAREN DAJI,DAN' AMANAR SARKI  / DAN FILIN SAMARI,36/13/10/015,https://docs.inecelectionresults.net/elections_prod/1292/state/1/lga/3875/ward/26321/pu/120857/120857-1677652749.pdf,2023-03-01T06:40:01.450Z,true,https://raw.githubusercontent.com/mykeels/inec-presidential-elections-2023/master/results/37-zamfara\3875-tsafe\26321-yan-waren-daji\polling-units.json
ZAMFARA,TSAFE,YAN WAREN DAJI,DOGON KAWO   /   PRIMARY SCHOOL,36/13/10/011,https://docs.inecelectionresults.net/elections_prod/1292/state/1/lga/3875/ward/26321/pu/120853/120853-1677463827.pdf,2023-02-27T02:10:59.965Z,false,https://raw.githubusercontent.com/mykeels/inec-presidential-elections-2023/master/results/37-zamfara\3875-tsafe\26321-yan-waren-daji\polling-units.json
ZAMFARA,TSAFE,YAN WAREN DAJI,GDSS YANWAREN DAJI,36/13/10/020,https://docs.inecelectionresults.net/elections_prod/1292/state/1/lga/3875/ward/26321/pu/178557/178557-1677652401.pdf,2023-03-01T06:34:00.799Z,false,https://raw.githubusercontent.com/mykeels/inec-presidential-elections-2023/master/results/37-zamfara\3875-tsafe\26321-yan-waren-daji\polling-units.json
ZAMFARA,TSAFE,YAN WAREN DAJI,GIDAN DANKAKA / DAN FILI,36/13/10/017,https://docs.inecelectionresults.net/elections_prod/1292/state/1/lga/3875/ward/26321/pu/120859/120859-1677652937.pdf,2023-03-01T06:43:00.961Z,false,https://raw.githubusercontent.com/mykeels/inec-presidential-elections-2023/master/results/37-zamfara\3875-tsafe\26321-yan-waren-daji\polling-units.json
ZAMFARA,TSAFE,YAN WAREN DAJI,MANDABA / PRIMARY SCHOOL,36/13/10/013,https://docs.inecelectionresults.net/elections_prod/1292/state/1/lga/3875/ward/26321/pu/120855/120855-1677463084.pdf,2023-02-27T01:58:59.908Z,false,https://raw.githubusercontent.com/mykeels/inec-presidential-elections-2023/master/results/37-zamfara\3875-tsafe\26321-yan-waren-daji\polling-units.json
ZAMFARA,TSAFE,YAN WAREN DAJI,MARKE    /  PRIMARY SCHOOL,36/13/10/009,https://docs.inecelectionresults.net/elections_prod/1292/state/1/lga/3875/ward/26321/pu/120851/120851-1677510164.pdf,2023-02-27T15:03:01.511Z,false,https://raw.githubusercontent.com/mykeels/inec-presidential-elections-2023/master/results/37-zamfara\3875-tsafe\26321-yan-waren-daji\polling-units.json
ZAMFARA,TSAFE,YAN WAREN DAJI,MARKEN GABAS/TASHA,36/13/10/024,https://docs.inecelectionresults.net/elections_prod/1292/state/1/lga/3875/ward/26321/pu/178561/178561-1677651807.pdf,2023-03-01T06:24:01.170Z,true,https://raw.githubusercontent.com/mykeels/inec-presidential-elections-2023/master/results/37-zamfara\3875-tsafe\26321-yan-waren-daji\polling-units.json
ZAMFARA,TSAFE,YAN WAREN DAJI,NASARAWA KAYA    /   PRIMARY SCHOOL,36/13/10/007,https://docs.inecelectionresults.net/elections_prod/1292/state/1/lga/3875/ward/26321/pu/120849/120849-1677462638.pdf,2023-02-27T01:55:08.195Z,false,https://raw.githubusercontent.com/mykeels/inec-presidential-elections-2023/master/results/37-zamfara\3875-tsafe\26321-yan-waren-daji\polling-units.json
ZAMFARA,TSAFE,YAN WAREN DAJI,NASARAWA KAYA DISPENSARY,36/13/10/023,https://docs.inecelectionresults.net/elections_prod/1292/state/1/lga/3875/ward/26321/pu/178560/178560-1677651624.pdf,2023-03-01T06:21:01.282Z,true,https://raw.githubusercontent.com/mykeels/inec-presidential-elections-2023/master/results/37-zamfara\3875-tsafe\26321-yan-waren-daji\polling-units.json
ZAMFARA,TSAFE,YAN WAREN DAJI,RUGUMAWA   /   PRIMARY SCHOOL,36/13/10/010,https://docs.inecelectionresults.net/elections_prod/1292/state/1/lga/3875/ward/26321/pu/120852/120852-1677459796.pdf,2023-02-27T01:03:59.958Z,false,https://raw.githubusercontent.com/mykeels/inec-presidential-elections-2023/master/results/37-zamfara\3875-tsafe\26321-yan-waren-daji\polling-units.json
ZAMFARA,TSAFE,YAN WAREN DAJI,SUDDU / DAN FILI,36/13/10/008,https://docs.inecelectionresults.net/elections_prod/1292/state/1/lga/3875/ward/26321/pu/120850/120850-1677461283.pdf,2023-02-27T01:28:59.910Z,false,https://raw.githubusercontent.com/mykeels/inec-presidential-elections-2023/master/results/37-zamfara\3875-tsafe\26321-yan-waren-daji\polling-units.json
ZAMFARA,TSAFE,YAN WAREN DAJI,TABKIN KAZAI I / PRIMARY SCHOOL,36/13/10/004,https://docs.inecelectionresults.net/elections_prod/1292/state/1/lga/3875/ward/26321/pu/120846/120846-1677463425.pdf,2023-02-27T02:04:00.467Z,false,https://raw.githubusercontent.com/mykeels/inec-presidential-elections-2023/master/results/37-zamfara\3875-tsafe\26321-yan-waren-daji\polling-units.json
ZAMFARA,TSAFE,YAN WAREN DAJI,TABKIN KAZAI II / PRIMARY SCHOOL,36/13/10/005,https://docs.inecelectionresults.net/elections_prod/1292/state/1/lga/3875/ward/26321/pu/120847/120847-1677461860.pdf,2023-02-27T01:55:02.768Z,false,https://raw.githubusercontent.com/mykeels/inec-presidential-elections-2023/master/results/37-zamfara\3875-tsafe\26321-yan-waren-daji\polling-units.json
ZAMFARA,TSAFE,YAN WAREN DAJI,TABKIN KAZAI III /  PRIMARY SCHOOL,36/13/10/006,https://docs.inecelectionresults.net/elections_prod/1292/state/1/lga/3875/ward/26321/pu/120848/120848-1677653094.pdf,2023-03-01T06:45:01.356Z,false,https://raw.githubusercontent.com/mykeels/inec-presidential-elections-2023/master/results/37-zamfara\3875-tsafe\26321-yan-waren-daji\polling-units.json
ZAMFARA,TSAFE,YAN WAREN DAJI,YANWAREN DAJI D/ KASHESHE,36/13/10/022,https://docs.inecelectionresults.net/elections_prod/1292/state/1/lga/3875/ward/26321/pu/178559/178559-1677465572.pdf,2023-02-27T02:39:59.908Z,false,https://raw.githubusercontent.com/mykeels/inec-presidential-elections-2023/master/results/37-zamfara\3875-tsafe\26321-yan-waren-daji\polling-units.json
ZAMFARA,TSAFE,YAN WAREN DAJI,YANWAREN DAJI G/KASUWA,36/13/10/021,https://docs.inecelectionresults.net/elections_prod/1292/state/1/lga/3875/ward/26321/pu/178558/178558-1677653734.pdf,2023-03-01T06:56:01.017Z,false,https://raw.githubusercontent.com/mykeels/inec-presidential-elections-2023/master/results/37-zamfara\3875-tsafe\26321-yan-waren-daji\polling-units.json
ZAMFARA,TSAFE,YAN WAREN DAJI,YANWARIN DAJI   II / SHIYAR BUHARI,36/13/10/002,https://docs.inecelectionresults.net/elections_prod/1292/state/1/lga/3875/ward/26321/pu/120844/120844-1677652028.pdf,2023-03-01T06:28:01.153Z,true,https://raw.githubusercontent.com/mykeels/inec-presidential-elections-2023/master/results/37-zamfara\3875-tsafe\26321-yan-waren-daji\polling-units.json
ZAMFARA,TSAFE,YAN WAREN DAJI,YANWARIN DAJI   III /  DAN KASHESHE,36/13/10/003,https://docs.inecelectionresults.net/elections_prod/1292/state/1/lga/3875/ward/26321/pu/120845/120845-1677464808.pdf,2023-02-27T02:27:00.200Z,false,https://raw.githubusercontent.com/mykeels/inec-presidential-elections-2023/master/results/37-zamfara\3875-tsafe\26321-yan-waren-daji\polling-units.json
ZAMFARA,TSAFE,YAN WAREN DAJI,YANWARIN DAJI I  / PRIMARY SCHOOL,36/13/10/001,https://docs.inecelectionresults.net/elections_prod/1292/state/1/lga/3875/ward/26321/pu/120843/120843-1677650320.pdf,2023-03-01T05:59:00.053Z,false,https://raw.githubusercontent.com/mykeels/inec-presidential-elections-2023/master/results/37-zamfara\3875-tsafe\26321-yan-waren-daji\polling-units.json
ZAMFARA,TSAFE,YAN WAREN DAJI,YANZA / PRIMARY SCHOOL,36/13/10/019,https://docs.inecelectionresults.net/elections_prod/1292/state/1/lga/3875/ward/26321/pu/120861/120861-1677652235.pdf,2023-03-01T06:31:00.896Z,false,https://raw.githubusercontent.com/mykeels/inec-presidential-elections-2023/master/results/37-zamfara\3875-tsafe\26321-yan-waren-daji\polling-units.json
ZAMFARA,TSAFE,YANDOTON DAJI,AWALA   /   PRIMARY SCHOOL,36/13/03/004,https://docs.inecelectionresults.net/elections_prod/1292/state/1/lga/3875/ward/26314/pu/120720/120720-1677588689.pdf,2023-02-28T12:52:39.040Z,false,https://raw.githubusercontent.com/mykeels/inec-presidential-elections-2023/master/results/37-zamfara\3875-tsafe\26314-yandoton-daji\polling-units.json
ZAMFARA,TSAFE,YANDOTON DAJI,BAYAN BANKI / KOFAR MAI UNGUWA,36/13/03/011,https://docs.inecelectionresults.net/elections_prod/1292/state/1/lga/3875/ward/26314/pu/120727/120727-1677597566.pdf,2023-02-28T15:20:00.762Z,false,https://raw.githubusercontent.com/mykeels/inec-presidential-elections-2023/master/results/37-zamfara\3875-tsafe\26314-yandoton-daji\polling-units.json
ZAMFARA,TSAFE,YANDOTON DAJI,BIYA /  BIKI / PRIMARY SCHOOL,36/13/03/009,https://docs.inecelectionresults.net/elections_prod/1292/state/1/lga/3875/ward/26314/pu/120725/120725-1677598268.pdf,2023-02-28T15:32:00.067Z,false,https://raw.githubusercontent.com/mykeels/inec-presidential-elections-2023/master/results/37-zamfara\3875-tsafe\26314-yandoton-daji\polling-units.json
ZAMFARA,TSAFE,YANDOTON DAJI,D/KASHESHE G/GONA,36/13/03/019,https://docs.inecelectionresults.net/elections_prod/1292/state/1/lga/3875/ward/26314/pu/178490/178490-1677606564.pdf,2023-02-28T18:02:51.289Z,true,https://raw.githubusercontent.com/mykeels/inec-presidential-elections-2023/master/results/37-zamfara\3875-tsafe\26314-yandoton-daji\polling-units.json
ZAMFARA,TSAFE,YANDOTON DAJI,DOGON MAJE / KOFAR MAJEMA,36/13/03/007,https://docs.inecelectionresults.net/elections_prod/1292/state/1/lga/3875/ward/26314/pu/120723/120723-1677583178.pdf,2023-02-28T11:20:00.448Z,false,https://raw.githubusercontent.com/mykeels/inec-presidential-elections-2023/master/results/37-zamfara\3875-tsafe\26314-yandoton-daji\polling-units.json
ZAMFARA,TSAFE,YANDOTON DAJI,G/DAWA DISPENSARY I,36/13/03/023,https://docs.inecelectionresults.net/elections_prod/1292/state/1/lga/3875/ward/26314/pu/178494/178494-1677599962.pdf,2023-02-28T16:00:00.836Z,false,https://raw.githubusercontent.com/mykeels/inec-presidential-elections-2023/master/results/37-zamfara\3875-tsafe\26314-yandoton-daji\polling-units.json
ZAMFARA,TSAFE,YANDOTON DAJI,G/DAWA DISPENSARY II,36/13/03/024,https://docs.inecelectionresults.net/elections_prod/1292/state/1/lga/3875/ward/26314/pu/178495/178495-1677596069.pdf,2023-02-28T14:55:00.258Z,false,https://raw.githubusercontent.com/mykeels/inec-presidential-elections-2023/master/results/37-zamfara\3875-tsafe\26314-yandoton-daji\polling-units.json
ZAMFARA,TSAFE,YANDOTON DAJI,GDSS YANDOTON DAJI,36/13/03/017,https://docs.inecelectionresults.net/elections_prod/1292/state/1/lga/3875/ward/26314/pu/178488/178488-1677585949.pdf,2023-02-28T12:06:00.434Z,false,https://raw.githubusercontent.com/mykeels/inec-presidential-elections-2023/master/results/37-zamfara\3875-tsafe\26314-yandoton-daji\polling-units.json
ZAMFARA,TSAFE,YANDOTON DAJI,GIDAN GADO /  PRIMARY SCHOOL,36/13/03/015,https://docs.inecelectionresults.net/elections_prod/1292/state/1/lga/3875/ward/26314/pu/120731/120731-1677588075.pdf,2023-02-28T12:52:28.692Z,true,https://raw.githubusercontent.com/mykeels/inec-presidential-elections-2023/master/results/37-zamfara\3875-tsafe\26314-yandoton-daji\polling-units.json
ZAMFARA,TSAFE,YANDOTON DAJI,GOBIRAWA I / GARKAR MAI GARI,36/13/03/010,https://docs.inecelectionresults.net/elections_prod/1292/state/1/lga/3875/ward/26314/pu/120726/120726-1677592618.pdf,2023-02-28T14:13:08.869Z,true,https://raw.githubusercontent.com/mykeels/inec-presidential-elections-2023/master/results/37-zamfara\3875-tsafe\26314-yandoton-daji\polling-units.json
ZAMFARA,TSAFE,YANDOTON DAJI,GOBIRAWA II / KOFAR FADA,36/13/03/016,https://docs.inecelectionresults.net/elections_prod/1292/state/1/lga/3875/ward/26314/pu/120732/120732-1677584007.pdf,2023-02-28T11:34:00.216Z,false,https://raw.githubusercontent.com/mykeels/inec-presidential-elections-2023/master/results/37-zamfara\3875-tsafe\26314-yandoton-daji\polling-units.json
ZAMFARA,TSAFE,YANDOTON DAJI,LANGALANGA / PRIMARY SCHOOL,36/13/03/014,https://docs.inecelectionresults.net/elections_prod/1292/state/1/lga/3875/ward/26314/pu/120730/120730-1677587398.pdf,2023-02-28T12:52:16.005Z,true,https://raw.githubusercontent.com/mykeels/inec-presidential-elections-2023/master/results/37-zamfara\3875-tsafe\26314-yandoton-daji\polling-units.json
ZAMFARA,TSAFE,YANDOTON DAJI,MAI SHUWAKU / KOFAR FADA,36/13/03/013,https://docs.inecelectionresults.net/elections_prod/1292/state/1/lga/3875/ward/26314/pu/120729/120729-1677590645.pdf,2023-02-28T13:28:50.304Z,true,https://raw.githubusercontent.com/mykeels/inec-presidential-elections-2023/master/results/37-zamfara\3875-tsafe\26314-yandoton-daji\polling-units.json
ZAMFARA,TSAFE,YANDOTON DAJI,MARKE  /   PRIMARY SCHOOL,36/13/03/005,https://docs.inecelectionresults.net/elections_prod/1292/state/1/lga/3875/ward/26314/pu/120721/120721-1677596935.pdf,2023-02-28T15:12:06.411Z,true,https://raw.githubusercontent.com/mykeels/inec-presidential-elections-2023/master/results/37-zamfara\3875-tsafe\26314-yandoton-daji\polling-units.json
ZAMFARA,TSAFE,YANDOTON DAJI,MARKE DISPENSARY,36/13/03/020,https://docs.inecelectionresults.net/elections_prod/1292/state/1/lga/3875/ward/26314/pu/178491/178491-1677598114.pdf,2023-02-28T15:29:00.394Z,false,https://raw.githubusercontent.com/mykeels/inec-presidential-elections-2023/master/results/37-zamfara\3875-tsafe\26314-yandoton-daji\polling-units.json
ZAMFARA,TSAFE,YANDOTON DAJI,NASARAWA / DAN FILI,36/13/03/012,https://docs.inecelectionresults.net/elections_prod/1292/state/1/lga/3875/ward/26314/pu/120728/120728-1677591442.pdf,2023-02-28T13:38:02.000Z,true,https://raw.githubusercontent.com/mykeels/inec-presidential-elections-2023/master/results/37-zamfara\3875-tsafe\26314-yandoton-daji\polling-units.json
ZAMFARA,TSAFE,YANDOTON DAJI,TASHAR DANGOJE  / MAKARANTA,36/13/03/006,https://docs.inecelectionresults.net/elections_prod/1292/state/1/lga/3875/ward/26314/pu/120722/120722-1677581071.pdf,2023-02-28T11:01:47.762Z,true,https://raw.githubusercontent.com/mykeels/inec-presidential-elections-2023/master/results/37-zamfara\3875-tsafe\26314-yandoton-daji\polling-units.json
ZAMFARA,TSAFE,YANDOTON DAJI,TASHAR DANGOJE PRI.SCH,36/13/03/021,https://docs.inecelectionresults.net/elections_prod/1292/state/1/lga/3875/ward/26314/pu/178492/178492-1677596520.pdf,2023-02-28T15:02:59.961Z,false,https://raw.githubusercontent.com/mykeels/inec-presidential-elections-2023/master/results/37-zamfara\3875-tsafe\26314-yandoton-daji\polling-units.json
ZAMFARA,TSAFE,YANDOTON DAJI,TSAUNIN TAURA / DAN FILI,36/13/03/008,https://docs.inecelectionresults.net/elections_prod/1292/state/1/lga/3875/ward/26314/pu/120724/120724-1677460473.pdf,2023-02-27T01:15:00.050Z,false,https://raw.githubusercontent.com/mykeels/inec-presidential-elections-2023/master/results/37-zamfara\3875-tsafe\26314-yandoton-daji\polling-units.json
ZAMFARA,TSAFE,YANDOTON DAJI,TSAUNIN TAURA II/ PRI SCH,36/13/03/018,https://docs.inecelectionresults.net/elections_prod/1292/state/1/lga/3875/ward/26314/pu/178489/178489-1677586711.pdf,2023-02-28T12:52:04.681Z,true,https://raw.githubusercontent.com/mykeels/inec-presidential-elections-2023/master/results/37-zamfara\3875-tsafe\26314-yandoton-daji\polling-units.json
ZAMFARA,TSAFE,YANDOTON DAJI,TSAUNIN/TAURA III/  PRI. SH.,36/13/03/022,https://docs.inecelectionresults.net/elections_prod/1292/state/1/lga/3875/ward/26314/pu/178493/178493-1677589385.pdf,2023-02-28T13:28:06.665Z,true,https://raw.githubusercontent.com/mykeels/inec-presidential-elections-2023/master/results/37-zamfara\3875-tsafe\26314-yandoton-daji\polling-units.json
ZAMFARA,TSAFE,YANDOTON DAJI,YANDOTON DAJI   II / SHIYAR BUHARI,36/13/03/002,https://docs.inecelectionresults.net/elections_prod/1292/state/1/lga/3875/ward/26314/pu/120718/120718-1677558835.pdf,2023-02-28T05:06:07.363Z,true,https://raw.githubusercontent.com/mykeels/inec-presidential-elections-2023/master/results/37-zamfara\3875-tsafe\26314-yandoton-daji\polling-units.json
ZAMFARA,TSAFE,YANDOTON DAJI,YANDOTON DAJI  III / DAN KASHESHE,36/13/03/003,https://docs.inecelectionresults.net/elections_prod/1292/state/1/lga/3875/ward/26314/pu/120719/120719-1677525295.pdf,2023-02-27T19:15:00.305Z,false,https://raw.githubusercontent.com/mykeels/inec-presidential-elections-2023/master/results/37-zamfara\3875-tsafe\26314-yandoton-daji\polling-units.json
ZAMFARA,TSAFE,YANDOTON DAJI,YANDOTON DAJI I / PRIMARY SCHOOL,36/13/03/001,https://docs.inecelectionresults.net/elections_prod/1292/state/1/lga/3875/ward/26314/pu/120717/120717-1677529084.pdf,2023-02-27T20:18:59.894Z,false,https://raw.githubusercontent.com/mykeels/inec-presidential-elections-2023/master/results/37-zamfara\3875-tsafe\26314-yandoton-daji\polling-units.json
ZAMFARA,TSAFE,"YANKUZO ""A""",DANKO / KOFAR MAI GARI,36/13/04/010,https://docs.inecelectionresults.net/elections_prod/1292/state/1/lga/3875/ward/26315/pu/120742/120742-1677605516.pdf,2023-02-28T18:02:25.578Z,true,https://raw.githubusercontent.com/mykeels/inec-presidential-elections-2023/master/results/37-zamfara\3875-tsafe\26315-yankuzo-a\polling-units.json
ZAMFARA,TSAFE,"YANKUZO ""A""",DUTSIN BIKA / KOFAR MAIGARI,36/13/04/009,https://docs.inecelectionresults.net/elections_prod/1292/state/1/lga/3875/ward/26315/pu/120741/120741-1677611565.pdf,2023-02-28T19:13:01.039Z,false,https://raw.githubusercontent.com/mykeels/inec-presidential-elections-2023/master/results/37-zamfara\3875-tsafe\26315-yankuzo-a\polling-units.json
ZAMFARA,TSAFE,"YANKUZO ""A""",GOVT.SEC. SCHOOL /YAN KUZO B,36/13/04/018,https://docs.inecelectionresults.net/elections_prod/1292/state/1/lga/3875/ward/26315/pu/178498/178498-1677604752.pdf,2023-02-28T18:02:05.018Z,true,https://raw.githubusercontent.com/mykeels/inec-presidential-elections-2023/master/results/37-zamfara\3875-tsafe\26315-yankuzo-a\polling-units.json
ZAMFARA,TSAFE,"YANKUZO ""A""",KOLI KOLI  /  PRIMARY SCHOOL,36/13/04/014,https://docs.inecelectionresults.net/elections_prod/1292/state/1/lga/3875/ward/26315/pu/120746/120746-1677601814.pdf,2023-02-28T16:31:01.578Z,true,https://raw.githubusercontent.com/mykeels/inec-presidential-elections-2023/master/results/37-zamfara\3875-tsafe\26315-yankuzo-a\polling-units.json
ZAMFARA,TSAFE,"YANKUZO ""A""",MALLAMAWA I   /  PRIMARY SCHOOL,36/13/04/012,https://docs.inecelectionresults.net/elections_prod/1292/state/1/lga/3875/ward/26315/pu/120744/120744-1677604387.pdf,2023-02-28T17:14:01.563Z,true,https://raw.githubusercontent.com/mykeels/inec-presidential-elections-2023/master/results/37-zamfara\3875-tsafe\26315-yankuzo-a\polling-units.json
ZAMFARA,TSAFE,"YANKUZO ""A""",MALLAMAWA II  / KOFAR GADO,36/13/04/013,,,false,https://raw.githubusercontent.com/mykeels/inec-presidential-elections-2023/master/results/37-zamfara\3875-tsafe\26315-yankuzo-a\polling-units.json
ZAMFARA,TSAFE,"YANKUZO ""A""",SHIYAR KOGO / KOFAR MARAFA,36/13/04/001,https://docs.inecelectionresults.net/elections_prod/1292/state/1/lga/3875/ward/26315/pu/120733/120733-1677511560.pdf,2023-02-27T15:26:59.849Z,false,https://raw.githubusercontent.com/mykeels/inec-presidential-elections-2023/master/results/37-zamfara\3875-tsafe\26315-yankuzo-a\polling-units.json
ZAMFARA,TSAFE,"YANKUZO ""A""",SHIYAR S.  AIKI / KOFAR YUGUDA,36/13/04/002,https://docs.inecelectionresults.net/elections_prod/1292/state/1/lga/3875/ward/26315/pu/120734/120734-1677594255.pdf,2023-02-28T14:25:02.007Z,true,https://raw.githubusercontent.com/mykeels/inec-presidential-elections-2023/master/results/37-zamfara\3875-tsafe\26315-yankuzo-a\polling-units.json
ZAMFARA,TSAFE,"YANKUZO ""A""",SHIYAR ZANGO/ YAR SANTA,36/13/04/003,https://docs.inecelectionresults.net/elections_prod/1292/state/1/lga/3875/ward/26315/pu/120735/120735-1677613654.pdf,2023-02-28T19:48:00.329Z,true,https://raw.githubusercontent.com/mykeels/inec-presidential-elections-2023/master/results/37-zamfara\3875-tsafe\26315-yankuzo-a\polling-units.json
ZAMFARA,TSAFE,"YANKUZO ""A""",TAKULAWA    /  PRIMARY SCHOOL,36/13/04/005,https://docs.inecelectionresults.net/elections_prod/1292/state/1/lga/3875/ward/26315/pu/120737/120737-1677593206.pdf,2023-02-28T14:13:36.871Z,true,https://raw.githubusercontent.com/mykeels/inec-presidential-elections-2023/master/results/37-zamfara\3875-tsafe\26315-yankuzo-a\polling-units.json
ZAMFARA,TSAFE,"YANKUZO ""A""",TAKULAWA KAYA,36/13/04/019,https://docs.inecelectionresults.net/elections_prod/1292/state/1/lga/3875/ward/26315/pu/178499/178499-1677593853.pdf,2023-02-28T14:18:02.280Z,true,https://raw.githubusercontent.com/mykeels/inec-presidential-elections-2023/master/results/37-zamfara\3875-tsafe\26315-yankuzo-a\polling-units.json
ZAMFARA,TSAFE,"YANKUZO ""A""",UNG. ALHAZA / FILIN SANUSI,36/13/04/015,https://docs.inecelectionresults.net/elections_prod/1292/state/1/lga/3875/ward/26315/pu/120747/120747-1677591432.pdf,2023-02-28T13:38:01.589Z,true,https://raw.githubusercontent.com/mykeels/inec-presidential-elections-2023/master/results/37-zamfara\3875-tsafe\26315-yankuzo-a\polling-units.json
ZAMFARA,TSAFE,"YANKUZO ""A""",UNG. DODO    /   KOFAR ISAH,36/13/04/007,,,false,https://raw.githubusercontent.com/mykeels/inec-presidential-elections-2023/master/results/37-zamfara\3875-tsafe\26315-yankuzo-a\polling-units.json
ZAMFARA,TSAFE,"YANKUZO ""A""",UNGUWAN MANDE    /  FALANIN DODO,36/13/04/011,https://docs.inecelectionresults.net/elections_prod/1292/state/1/lga/3875/ward/26315/pu/120743/120743-1677601463.pdf,2023-02-28T16:25:01.828Z,true,https://raw.githubusercontent.com/mykeels/inec-presidential-elections-2023/master/results/37-zamfara\3875-tsafe\26315-yankuzo-a\polling-units.json
ZAMFARA,TSAFE,"YANKUZO ""A""",YANKUZO I   /   PRIMARY SCHOOL,36/13/04/004,https://docs.inecelectionresults.net/elections_prod/1292/state/1/lga/3875/ward/26315/pu/120736/120736-1677601691.pdf,2023-02-28T16:29:01.601Z,true,https://raw.githubusercontent.com/mykeels/inec-presidential-elections-2023/master/results/37-zamfara\3875-tsafe\26315-yankuzo-a\polling-units.json
ZAMFARA,TSAFE,"YANKUZO ""A""",YANKUZO II  /  UNGUWAR JOJI,36/13/04/006,https://inec-cvr-cache.s3.eu-west-1.amazonaws.com/cached/results/119638/result_67663_1677589835_thumb.jpg,2023-02-28T14:02:27.087Z,false,https://raw.githubusercontent.com/mykeels/inec-presidential-elections-2023/master/results/37-zamfara\3875-tsafe\26315-yankuzo-a\polling-units.json
ZAMFARA,TSAFE,"YANKUZO ""A""",YANKUZO III / TSAUNIN MAKERA,36/13/04/008,https://inec-cvr-cache.s3.eu-west-1.amazonaws.com/cached/results/119640/result_67665_1677582540_thumb.jpg,2023-02-28T14:01:35.924Z,false,https://raw.githubusercontent.com/mykeels/inec-presidential-elections-2023/master/results/37-zamfara\3875-tsafe\26315-yankuzo-a\polling-units.json
ZAMFARA,TSAFE,"YANKUZO ""A""",YARYARA MAHAUTA,36/13/04/017,https://inec-cvr-cache.s3.eu-west-1.amazonaws.com/cached/results/674616/result_67674_1677588382_thumb.jpg,2023-02-28T14:01:29.012Z,false,https://raw.githubusercontent.com/mykeels/inec-presidential-elections-2023/master/results/37-zamfara\3875-tsafe\26315-yankuzo-a\polling-units.json
ZAMFARA,TSAFE,"YANKUZO ""A""",ZAMFARAWA D/GABAS,36/13/04/016,https://docs.inecelectionresults.net/elections_prod/1292/state/1/lga/3875/ward/26315/pu/178496/178496-1677604744.pdf,2023-02-28T18:02:04.620Z,true,https://raw.githubusercontent.com/mykeels/inec-presidential-elections-2023/master/results/37-zamfara\3875-tsafe\26315-yankuzo-a\polling-units.json
ZAMFARA,ZURMI,BOKO,BAICE /  BACIRAWA,36/14/01/016,https://docs.inecelectionresults.net/elections_prod/1292/state/1/lga/3876/ward/26323/pu/120901/120901-1677590961.pdf,2023-02-28T13:30:00.821Z,false,https://raw.githubusercontent.com/mykeels/inec-presidential-elections-2023/master/results/37-zamfara\3876-zurmi\26323-boko\polling-units.json
ZAMFARA,ZURMI,BOKO,DAN GEBE  /  PRIMARY SCHOOL,36/14/01/003,https://docs.inecelectionresults.net/elections_prod/1292/state/1/lga/3876/ward/26323/pu/120888/120888-1677589727.pdf,2023-02-28T13:28:16.841Z,true,https://raw.githubusercontent.com/mykeels/inec-presidential-elections-2023/master/results/37-zamfara\3876-zurmi\26323-boko\polling-units.json
ZAMFARA,ZURMI,BOKO,DAN MAGAJI  /  GARKAR LIMAN,36/14/01/009,https://docs.inecelectionresults.net/elections_prod/1292/state/1/lga/3876/ward/26323/pu/120894/120894-1677593039.pdf,2023-02-28T14:13:28.754Z,true,https://raw.githubusercontent.com/mykeels/inec-presidential-elections-2023/master/results/37-zamfara\3876-zurmi\26323-boko\polling-units.json
ZAMFARA,ZURMI,BOKO,DUNFAWA  /  M. P. SCHOOL,36/14/01/008,https://docs.inecelectionresults.net/elections_prod/1292/state/1/lga/3876/ward/26323/pu/120893/120893-1677591013.pdf,2023-02-28T13:31:00.318Z,false,https://raw.githubusercontent.com/mykeels/inec-presidential-elections-2023/master/results/37-zamfara\3876-zurmi\26323-boko\polling-units.json
ZAMFARA,ZURMI,BOKO,DUNFAWA II/ASIBITI DUNFAWA,36/14/01/017,https://docs.inecelectionresults.net/elections_prod/1292/state/1/lga/3876/ward/26323/pu/178576/178576-1677752438.pdf,2023-03-02T10:21:00.285Z,false,https://raw.githubusercontent.com/mykeels/inec-presidential-elections-2023/master/results/37-zamfara\3876-zurmi\26323-boko\polling-units.json
ZAMFARA,ZURMI,BOKO,DUSTI DUMAMA  /  ADULT EDUCATION CLASS,36/14/01/004,https://docs.inecelectionresults.net/elections_prod/1292/state/01/lga/14/ward/01/pu/004/004-1677394750.pdf,2023-02-26T07:00:02.307Z,false,https://raw.githubusercontent.com/mykeels/inec-presidential-elections-2023/master/results/37-zamfara\3876-zurmi\26323-boko\polling-units.json
ZAMFARA,ZURMI,BOKO,FAGOJI  /  PRIMARY SCHOOL,36/14/01/005,https://docs.inecelectionresults.net/elections_prod/1292/state/01/lga/14/ward/01/pu/005/005-1677400777.pdf,2023-02-26T08:40:02.830Z,false,https://raw.githubusercontent.com/mykeels/inec-presidential-elections-2023/master/results/37-zamfara\3876-zurmi\26323-boko\polling-units.json
ZAMFARA,ZURMI,BOKO,FALLAU TOWN  /  PRIMARY SCHOOL,36/14/01/002,https://docs.inecelectionresults.net/elections_prod/1292/state/01/lga/14/ward/01/pu/002/002-1677399405.pdf,2023-02-26T08:17:02.312Z,false,https://raw.githubusercontent.com/mykeels/inec-presidential-elections-2023/master/results/37-zamfara\3876-zurmi\26323-boko\polling-units.json
ZAMFARA,ZURMI,BOKO,GABAS GABOKO / M.P.S. BOKO,36/14/01/011,https://docs.inecelectionresults.net/elections_prod/1292/state/1/lga/3876/ward/26323/pu/120896/120896-1677590085.pdf,2023-02-28T13:28:28.950Z,true,https://raw.githubusercontent.com/mykeels/inec-presidential-elections-2023/master/results/37-zamfara\3876-zurmi\26323-boko\polling-units.json
ZAMFARA,ZURMI,BOKO,GIDAN DUWA/ BAKIN KASUWA,36/14/01/023,https://docs.inecelectionresults.net/elections_prod/1292/state/1/lga/3876/ward/26323/pu/178582/178582-1677594808.pdf,2023-02-28T14:38:05.159Z,true,https://raw.githubusercontent.com/mykeels/inec-presidential-elections-2023/master/results/37-zamfara\3876-zurmi\26323-boko\polling-units.json
ZAMFARA,ZURMI,BOKO,JAYA /  DAN FILI,36/14/01/007,https://docs.inecelectionresults.net/elections_prod/1292/state/1/lga/3876/ward/26323/pu/120892/120892-1677591829.pdf,2023-02-28T13:44:01.757Z,false,https://raw.githubusercontent.com/mykeels/inec-presidential-elections-2023/master/results/37-zamfara\3876-zurmi\26323-boko\polling-units.json
ZAMFARA,ZURMI,BOKO,JAYA II/ASIBITI JAYA,36/14/01/018,https://docs.inecelectionresults.net/elections_prod/1292/state/1/lga/3876/ward/26323/pu/178577/178577-1677592637.pdf,2023-02-28T14:13:09.342Z,true,https://raw.githubusercontent.com/mykeels/inec-presidential-elections-2023/master/results/37-zamfara\3876-zurmi\26323-boko\polling-units.json
ZAMFARA,ZURMI,BOKO,KADAWA  /  PRIMARY SCHOOL,36/14/01/013,https://docs.inecelectionresults.net/elections_prod/1292/state/1/lga/3876/ward/26323/pu/120898/120898-1677591593.pdf,2023-02-28T13:40:00.925Z,false,https://raw.githubusercontent.com/mykeels/inec-presidential-elections-2023/master/results/37-zamfara\3876-zurmi\26323-boko\polling-units.json
ZAMFARA,ZURMI,BOKO,KADAWA II /KASUWA,36/14/01/021,https://docs.inecelectionresults.net/elections_prod/1292/state/1/lga/3876/ward/26323/pu/178580/178580-1677592641.pdf,2023-02-28T14:13:09.756Z,true,https://raw.githubusercontent.com/mykeels/inec-presidential-elections-2023/master/results/37-zamfara\3876-zurmi\26323-boko\polling-units.json
ZAMFARA,ZURMI,BOKO,KANAMMAZAWA  /  YAR YARA,36/14/01/015,https://docs.inecelectionresults.net/elections_prod/1292/state/1/lga/3876/ward/26323/pu/120900/120900-1677590435.pdf,2023-02-28T13:28:41.721Z,true,https://raw.githubusercontent.com/mykeels/inec-presidential-elections-2023/master/results/37-zamfara\3876-zurmi\26323-boko\polling-units.json
ZAMFARA,ZURMI,BOKO,RUGUJI /  ADULT EDUCATION CLASS,36/14/01/010,https://docs.inecelectionresults.net/elections/1292/1677444226-120895.pdf,2023-02-26T20:44:00.337Z,false,https://raw.githubusercontent.com/mykeels/inec-presidential-elections-2023/master/results/37-zamfara\3876-zurmi\26323-boko\polling-units.json
ZAMFARA,ZURMI,BOKO,SAGI  /  ADULT EDUCATION CLASS,36/14/01/014,https://docs.inecelectionresults.net/elections_prod/1292/state/1/lga/3876/ward/26323/pu/120899/120899-1677593152.pdf,2023-02-28T14:13:35.095Z,true,https://raw.githubusercontent.com/mykeels/inec-presidential-elections-2023/master/results/37-zamfara\3876-zurmi\26323-boko\polling-units.json
ZAMFARA,ZURMI,BOKO,SO'DINGO II/BAKIN KASUWA,36/14/01/022,https://docs.inecelectionresults.net/elections/1292/1677438807-178581.pdf,2023-02-26T19:14:01.632Z,false,https://raw.githubusercontent.com/mykeels/inec-presidential-elections-2023/master/results/37-zamfara\3876-zurmi\26323-boko\polling-units.json
ZAMFARA,ZURMI,BOKO,SODINGO /  B/KASUWA.,36/14/01/006,https://docs.inecelectionresults.net/elections_prod/1292/state/1/lga/3876/ward/26323/pu/120891/120891-1677753190.pdf,2023-03-02T10:34:01.277Z,true,https://raw.githubusercontent.com/mykeels/inec-presidential-elections-2023/master/results/37-zamfara\3876-zurmi\26323-boko\polling-units.json
ZAMFARA,ZURMI,BOKO,T/MADO /  PRIMARY SCHOOL,36/14/01/001,https://docs.inecelectionresults.net/elections_prod/1292/state/1/lga/3876/ward/26323/pu/120886/120886-1677752641.pdf,2023-03-02T10:25:01.089Z,true,https://raw.githubusercontent.com/mykeels/inec-presidential-elections-2023/master/results/37-zamfara\3876-zurmi\26323-boko\polling-units.json
ZAMFARA,ZURMI,BOKO,TUNGAR MADO II/ASIBITI,36/14/01/020,https://docs.inecelectionresults.net/elections_prod/1292/state/1/lga/3876/ward/26323/pu/178579/178579-1677592391.pdf,2023-02-28T13:54:01.228Z,true,https://raw.githubusercontent.com/mykeels/inec-presidential-elections-2023/master/results/37-zamfara\3876-zurmi\26323-boko\polling-units.json
ZAMFARA,ZURMI,BOKO,U/KOFA / KOFAR HALI,36/14/01/012,https://docs.inecelectionresults.net/elections_prod/1292/state/1/lga/3876/ward/26323/pu/120897/120897-1677590624.pdf,2023-02-28T13:28:49.391Z,true,https://raw.githubusercontent.com/mykeels/inec-presidential-elections-2023/master/results/37-zamfara\3876-zurmi\26323-boko\polling-units.json
ZAMFARA,ZURMI,BOKO,YALUWA/KWANA HUDU,36/14/01/019,https://docs.inecelectionresults.net/elections_prod/1292/state/1/lga/3876/ward/26323/pu/178578/178578-1677592808.pdf,2023-02-28T14:13:17.720Z,true,https://raw.githubusercontent.com/mykeels/inec-presidential-elections-2023/master/results/37-zamfara\3876-zurmi\26323-boko\polling-units.json
ZAMFARA,ZURMI,DAURAN / BIRNIN-TSABA,AJIYAWA / BAKIN KASUWA,36/14/02/012,,,false,https://raw.githubusercontent.com/mykeels/inec-presidential-elections-2023/master/results/37-zamfara\3876-zurmi\26324-dauran-birnin-tsaba\polling-units.json
ZAMFARA,ZURMI,DAURAN / BIRNIN-TSABA,AKUTAWA / GARKAR MAI GARI,36/14/02/020,https://docs.inecelectionresults.net/elections_prod/1292/state/1/lga/3876/ward/26324/pu/120921/120921-1677455820.pdf,2023-02-26T23:57:59.758Z,false,https://raw.githubusercontent.com/mykeels/inec-presidential-elections-2023/master/results/37-zamfara\3876-zurmi\26324-dauran-birnin-tsaba\polling-units.json
ZAMFARA,ZURMI,DAURAN / BIRNIN-TSABA,DORAYI II/DISPENSARY,36/14/02/034,,,false,https://raw.githubusercontent.com/mykeels/inec-presidential-elections-2023/master/results/37-zamfara\3876-zurmi\26324-dauran-birnin-tsaba\polling-units.json
ZAMFARA,ZURMI,DAURAN / BIRNIN-TSABA,DOROYI / DISPENSARY,36/14/02/008,https://docs.inecelectionresults.net/elections_prod/1292/state/1/lga/3876/ward/26324/pu/120909/120909-1677455308.pdf,2023-02-26T23:48:59.883Z,false,https://raw.githubusercontent.com/mykeels/inec-presidential-elections-2023/master/results/37-zamfara\3876-zurmi\26324-dauran-birnin-tsaba\polling-units.json
ZAMFARA,ZURMI,DAURAN / BIRNIN-TSABA,GORGOYO / PRIMARY SCHOOL,36/14/02/018,https://docs.inecelectionresults.net/elections_prod/1292/state/1/lga/3876/ward/26324/pu/120919/120919-1677457085.pdf,2023-02-27T00:18:59.840Z,false,https://raw.githubusercontent.com/mykeels/inec-presidential-elections-2023/master/results/37-zamfara\3876-zurmi\26324-dauran-birnin-tsaba\polling-units.json
ZAMFARA,ZURMI,DAURAN / BIRNIN-TSABA,GORGOYO II/PRI. SCH.,36/14/02/037,https://docs.inecelectionresults.net/elections_prod/1292/state/1/lga/3876/ward/26324/pu/178596/178596-1677457667.pdf,2023-02-27T00:28:00.915Z,false,https://raw.githubusercontent.com/mykeels/inec-presidential-elections-2023/master/results/37-zamfara\3876-zurmi\26324-dauran-birnin-tsaba\polling-units.json
ZAMFARA,ZURMI,DAURAN / BIRNIN-TSABA,KABAKA / DAN FILI,36/14/02/007,,,false,https://raw.githubusercontent.com/mykeels/inec-presidential-elections-2023/master/results/37-zamfara\3876-zurmi\26324-dauran-birnin-tsaba\polling-units.json
ZAMFARA,ZURMI,DAURAN / BIRNIN-TSABA,KABAKA II/DANFILI,36/14/02/033,,,false,https://raw.githubusercontent.com/mykeels/inec-presidential-elections-2023/master/results/37-zamfara\3876-zurmi\26324-dauran-birnin-tsaba\polling-units.json
ZAMFARA,ZURMI,DAURAN / BIRNIN-TSABA,KADANYA / TOWN PRIMARY SCHOOL,36/14/02/009,,,false,https://raw.githubusercontent.com/mykeels/inec-presidential-elections-2023/master/results/37-zamfara\3876-zurmi\26324-dauran-birnin-tsaba\polling-units.json
ZAMFARA,ZURMI,DAURAN / BIRNIN-TSABA,KADANYA II/TOWN PRI. SCH.,36/14/02/035,,,false,https://raw.githubusercontent.com/mykeels/inec-presidential-elections-2023/master/results/37-zamfara\3876-zurmi\26324-dauran-birnin-tsaba\polling-units.json
ZAMFARA,ZURMI,DAURAN / BIRNIN-TSABA,MAGANAWA / TSAKAR GARI,36/14/02/017,https://docs.inecelectionresults.net/elections_prod/1292/state/1/lga/3876/ward/26324/pu/120918/120918-1677455124.pdf,2023-02-26T23:46:00.088Z,false,https://raw.githubusercontent.com/mykeels/inec-presidential-elections-2023/master/results/37-zamfara\3876-zurmi\26324-dauran-birnin-tsaba\polling-units.json
ZAMFARA,ZURMI,DAURAN / BIRNIN-TSABA,MAITSABA  II/'YAR KASUWA,36/14/02/030,https://docs.inecelectionresults.net/elections_prod/1292/state/1/lga/3876/ward/26324/pu/178589/178589-1677457973.pdf,2023-02-27T00:33:00.236Z,false,https://raw.githubusercontent.com/mykeels/inec-presidential-elections-2023/master/results/37-zamfara\3876-zurmi\26324-dauran-birnin-tsaba\polling-units.json
ZAMFARA,ZURMI,DAURAN / BIRNIN-TSABA,MAITSABA / YAR YARA,36/14/02/001,https://docs.inecelectionresults.net/elections_prod/1292/state/1/lga/3876/ward/26324/pu/120902/120902-1677460084.pdf,2023-02-27T01:09:00.903Z,false,https://raw.githubusercontent.com/mykeels/inec-presidential-elections-2023/master/results/37-zamfara\3876-zurmi\26324-dauran-birnin-tsaba\polling-units.json
ZAMFARA,ZURMI,DAURAN / BIRNIN-TSABA,MARAKAKKAI I / TOWN PRIMARY SCHOOL,36/14/02/005,https://docs.inecelectionresults.net/elections_prod/1292/state/1/lga/3876/ward/26324/pu/120906/120906-1677454837.pdf,2023-02-26T23:41:00.225Z,false,https://raw.githubusercontent.com/mykeels/inec-presidential-elections-2023/master/results/37-zamfara\3876-zurmi\26324-dauran-birnin-tsaba\polling-units.json
ZAMFARA,ZURMI,DAURAN / BIRNIN-TSABA,MARAKAKKAI II / BAKIN KASUWA,36/14/02/006,https://docs.inecelectionresults.net/elections_prod/1292/state/1/lga/3876/ward/26324/pu/120907/120907-1677458423.pdf,2023-02-27T00:41:00.893Z,false,https://raw.githubusercontent.com/mykeels/inec-presidential-elections-2023/master/results/37-zamfara\3876-zurmi\26324-dauran-birnin-tsaba\polling-units.json
ZAMFARA,ZURMI,DAURAN / BIRNIN-TSABA,MINDAUKA / MARARRABA,36/14/02/022,,,false,https://raw.githubusercontent.com/mykeels/inec-presidential-elections-2023/master/results/37-zamfara\3876-zurmi\26324-dauran-birnin-tsaba\polling-units.json
ZAMFARA,ZURMI,DAURAN / BIRNIN-TSABA,NAGI / BAKIN KASUWA,36/14/02/021,https://docs.inecelectionresults.net/elections_prod/1292/state/1/lga/3876/ward/26324/pu/120922/120922-1677458082.pdf,2023-02-27T00:35:00.229Z,false,https://raw.githubusercontent.com/mykeels/inec-presidential-elections-2023/master/results/37-zamfara\3876-zurmi\26324-dauran-birnin-tsaba\polling-units.json
ZAMFARA,ZURMI,DAURAN / BIRNIN-TSABA,RIYOJI / PRIMARY SCHOOL,36/14/02/010,,,false,https://raw.githubusercontent.com/mykeels/inec-presidential-elections-2023/master/results/37-zamfara\3876-zurmi\26324-dauran-birnin-tsaba\polling-units.json
ZAMFARA,ZURMI,DAURAN / BIRNIN-TSABA,RIYOJI II/PRI. SCH.,36/14/02/036,,,false,https://raw.githubusercontent.com/mykeels/inec-presidential-elections-2023/master/results/37-zamfara\3876-zurmi\26324-dauran-birnin-tsaba\polling-units.json
ZAMFARA,ZURMI,DAURAN / BIRNIN-TSABA,SANGAMAWA  II/ YAR YARA,36/14/02/038,https://docs.inecelectionresults.net/elections_prod/1292/state/1/lga/3876/ward/26324/pu/178597/178597-1677457592.pdf,2023-02-27T00:27:00.051Z,false,https://raw.githubusercontent.com/mykeels/inec-presidential-elections-2023/master/results/37-zamfara\3876-zurmi\26324-dauran-birnin-tsaba\polling-units.json
ZAMFARA,ZURMI,DAURAN / BIRNIN-TSABA,SANGAMAWA / YAR YARA,36/14/02/019,https://docs.inecelectionresults.net/elections_prod/1292/state/1/lga/3876/ward/26324/pu/120920/120920-1677452486.pdf,2023-02-26T23:01:59.836Z,false,https://raw.githubusercontent.com/mykeels/inec-presidential-elections-2023/master/results/37-zamfara\3876-zurmi\26324-dauran-birnin-tsaba\polling-units.json
ZAMFARA,ZURMI,DAURAN / BIRNIN-TSABA,SH/MARAFA I / M.P.S. DAURAN,36/14/02/013,https://docs.inecelectionresults.net/elections_prod/1292/state/1/lga/3876/ward/26324/pu/120914/120914-1677460367.pdf,2023-02-27T01:13:00.167Z,false,https://raw.githubusercontent.com/mykeels/inec-presidential-elections-2023/master/results/37-zamfara\3876-zurmi\26324-dauran-birnin-tsaba\polling-units.json
ZAMFARA,ZURMI,DAURAN / BIRNIN-TSABA,SH/MARAFA II / M.P.S. DAURAN,36/14/02/014,https://docs.inecelectionresults.net/elections_prod/1292/state/1/lga/3876/ward/26324/pu/120915/120915-1677457130.pdf,2023-02-27T00:19:00.411Z,false,https://raw.githubusercontent.com/mykeels/inec-presidential-elections-2023/master/results/37-zamfara\3876-zurmi\26324-dauran-birnin-tsaba\polling-units.json
ZAMFARA,ZURMI,DAURAN / BIRNIN-TSABA,"SH/MARAFA VI/ M.P,S DAURAN",36/14/02/027,https://docs.inecelectionresults.net/elections_prod/1292/state/1/lga/3876/ward/26324/pu/178586/178586-1677457560.pdf,2023-02-27T00:26:59.906Z,false,https://raw.githubusercontent.com/mykeels/inec-presidential-elections-2023/master/results/37-zamfara\3876-zurmi\26324-dauran-birnin-tsaba\polling-units.json
ZAMFARA,ZURMI,DAURAN / BIRNIN-TSABA,SHIYAR  MARAFA  III / BAKIN KASUWA,36/14/02/015,https://docs.inecelectionresults.net/elections/1292/1677448803-120916.pdf,2023-02-26T22:00:59.836Z,false,https://raw.githubusercontent.com/mykeels/inec-presidential-elections-2023/master/results/37-zamfara\3876-zurmi\26324-dauran-birnin-tsaba\polling-units.json
ZAMFARA,ZURMI,DAURAN / BIRNIN-TSABA,SHIYAR 'DAN GALADIMA II/GEN. HOSPITAL,36/14/02/024,https://docs.inecelectionresults.net/elections_prod/1292/state/1/lga/3876/ward/26324/pu/178583/178583-1677459797.pdf,2023-02-27T01:04:00.949Z,false,https://raw.githubusercontent.com/mykeels/inec-presidential-elections-2023/master/results/37-zamfara\3876-zurmi\26324-dauran-birnin-tsaba\polling-units.json
ZAMFARA,ZURMI,DAURAN / BIRNIN-TSABA,SHIYAR DAN GALADIMA/MATOYA,36/14/02/023,https://docs.inecelectionresults.net/elections_prod/1292/state/1/lga/3876/ward/26324/pu/120924/120924-1677451950.pdf,2023-02-26T22:52:59.919Z,false,https://raw.githubusercontent.com/mykeels/inec-presidential-elections-2023/master/results/37-zamfara\3876-zurmi\26324-dauran-birnin-tsaba\polling-units.json
ZAMFARA,ZURMI,DAURAN / BIRNIN-TSABA,SHIYAR IRO  /BIRNIN  PRIMARY SCHOOL,36/14/02/004,,,false,https://raw.githubusercontent.com/mykeels/inec-presidential-elections-2023/master/results/37-zamfara\3876-zurmi\26324-dauran-birnin-tsaba\polling-units.json
ZAMFARA,ZURMI,DAURAN / BIRNIN-TSABA,SHIYAR IRO II/PRI.SCH.,36/14/02/032,,,false,https://raw.githubusercontent.com/mykeels/inec-presidential-elections-2023/master/results/37-zamfara\3876-zurmi\26324-dauran-birnin-tsaba\polling-units.json
ZAMFARA,ZURMI,DAURAN / BIRNIN-TSABA,SHIYAR MAGAJI  III/ ADULT EDU. CLASS,36/14/02/031,,,false,https://raw.githubusercontent.com/mykeels/inec-presidential-elections-2023/master/results/37-zamfara\3876-zurmi\26324-dauran-birnin-tsaba\polling-units.json
ZAMFARA,ZURMI,DAURAN / BIRNIN-TSABA,SHIYAR MAGAJI I / BIRNIN TSABA PRIMARY SCHOOL,36/14/02/002,https://docs.inecelectionresults.net/elections_prod/1292/state/1/lga/3876/ward/26324/pu/120903/120903-1677458329.pdf,2023-02-27T00:39:00.099Z,false,https://raw.githubusercontent.com/mykeels/inec-presidential-elections-2023/master/results/37-zamfara\3876-zurmi\26324-dauran-birnin-tsaba\polling-units.json
ZAMFARA,ZURMI,DAURAN / BIRNIN-TSABA,SHIYAR MAGAJI II / ADULT EDUCATION CLASS,36/14/02/003,https://docs.inecelectionresults.net/elections_prod/1292/state/1/lga/3876/ward/26324/pu/120904/120904-1677456604.pdf,2023-02-27T00:10:59.896Z,false,https://raw.githubusercontent.com/mykeels/inec-presidential-elections-2023/master/results/37-zamfara\3876-zurmi\26324-dauran-birnin-tsaba\polling-units.json
ZAMFARA,ZURMI,DAURAN / BIRNIN-TSABA,SHIYAR MARAFA IV/G.D.S.S DAURAN,36/14/02/025,https://docs.inecelectionresults.net/elections_prod/1292/state/1/lga/3876/ward/26324/pu/178584/178584-1677453659.pdf,2023-02-26T23:21:59.838Z,false,https://raw.githubusercontent.com/mykeels/inec-presidential-elections-2023/master/results/37-zamfara\3876-zurmi\26324-dauran-birnin-tsaba\polling-units.json
ZAMFARA,ZURMI,DAURAN / BIRNIN-TSABA,SHIYAR MARAFA V/G.D.S.S DAURAN,36/14/02/026,https://docs.inecelectionresults.net/elections_prod/1292/state/1/lga/3876/ward/26324/pu/178585/178585-1677474291.pdf,2023-02-27T05:05:00.086Z,false,https://raw.githubusercontent.com/mykeels/inec-presidential-elections-2023/master/results/37-zamfara\3876-zurmi\26324-dauran-birnin-tsaba\polling-units.json
ZAMFARA,ZURMI,DAURAN / BIRNIN-TSABA,TORAWA  /  YAR YARA,36/14/02/011,https://docs.inecelectionresults.net/elections_prod/1292/state/1/lga/3876/ward/26324/pu/120912/120912-1677459336.pdf,2023-02-27T00:56:00.312Z,false,https://raw.githubusercontent.com/mykeels/inec-presidential-elections-2023/master/results/37-zamfara\3876-zurmi\26324-dauran-birnin-tsaba\polling-units.json
ZAMFARA,ZURMI,DAURAN / BIRNIN-TSABA,YAR 'KAURA II/PRI. SCH.,36/14/02/028,https://docs.inecelectionresults.net/elections_prod/1292/state/1/lga/3876/ward/26324/pu/178587/178587-1677454780.pdf,2023-02-26T23:40:00.062Z,false,https://raw.githubusercontent.com/mykeels/inec-presidential-elections-2023/master/results/37-zamfara\3876-zurmi\26324-dauran-birnin-tsaba\polling-units.json
ZAMFARA,ZURMI,DAURAN / BIRNIN-TSABA,YAR 'KAURA III/PRI. SCH.,36/14/02/029,https://docs.inecelectionresults.net/elections_prod/1292/state/1/lga/3876/ward/26324/pu/178588/178588-1677590607.pdf,2023-02-28T13:28:48.825Z,true,https://raw.githubusercontent.com/mykeels/inec-presidential-elections-2023/master/results/37-zamfara\3876-zurmi\26324-dauran-birnin-tsaba\polling-units.json
ZAMFARA,ZURMI,DAURAN / BIRNIN-TSABA,YAR KAURA / DAN FILI,36/14/02/016,https://docs.inecelectionresults.net/elections_prod/1292/state/1/lga/3876/ward/26324/pu/120917/120917-1677453420.pdf,2023-02-26T23:17:59.757Z,false,https://raw.githubusercontent.com/mykeels/inec-presidential-elections-2023/master/results/37-zamfara\3876-zurmi\26324-dauran-birnin-tsaba\polling-units.json
ZAMFARA,ZURMI,DOLE,GARKAR KUKA   I / BAKIN KASUWA,36/14/03/002,https://docs.inecelectionresults.net/elections_prod/1292/state/1/lga/3876/ward/26325/pu/120926/120926-1677489222.pdf,2023-02-27T09:14:01.011Z,false,https://raw.githubusercontent.com/mykeels/inec-presidential-elections-2023/master/results/37-zamfara\3876-zurmi\26325-dole\polling-units.json
ZAMFARA,ZURMI,DOLE,GARKAR KUKA   II / M.P.S. DOLE,36/14/03/003,https://docs.inecelectionresults.net/elections_prod/1292/state/1/lga/3876/ward/26325/pu/120927/120927-1677488901.pdf,2023-02-27T09:09:00.075Z,false,https://raw.githubusercontent.com/mykeels/inec-presidential-elections-2023/master/results/37-zamfara\3876-zurmi\26325-dole\polling-units.json
ZAMFARA,ZURMI,DOLE,GARKAR KUKA   III / P. H. C.   DOLE,36/14/03/004,https://docs.inecelectionresults.net/elections_prod/1292/state/1/lga/3876/ward/26325/pu/120928/120928-1677489968.pdf,2023-02-27T09:27:01.012Z,false,https://raw.githubusercontent.com/mykeels/inec-presidential-elections-2023/master/results/37-zamfara\3876-zurmi\26325-dole\polling-units.json
ZAMFARA,ZURMI,DOLE,GARKAR KUKA IV / YAR KASUWA,36/14/03/005,https://docs.inecelectionresults.net/elections_prod/1292/state/1/lga/3876/ward/26325/pu/120929/120929-1677489951.pdf,2023-02-27T09:26:00.339Z,false,https://raw.githubusercontent.com/mykeels/inec-presidential-elections-2023/master/results/37-zamfara\3876-zurmi\26325-dole\polling-units.json
ZAMFARA,ZURMI,DOLE,GARKAR KUKA V/PRI. SCH. DOLE,36/14/03/013,https://docs.inecelectionresults.net/elections_prod/1292/state/1/lga/3876/ward/26325/pu/178598/178598-1677489186.pdf,2023-02-27T09:14:00.988Z,false,https://raw.githubusercontent.com/mykeels/inec-presidential-elections-2023/master/results/37-zamfara\3876-zurmi\26325-dole\polling-units.json
ZAMFARA,ZURMI,DOLE,GARKAR KUKA VI/P.H.C DOLE,36/14/03/014,https://docs.inecelectionresults.net/elections_prod/1292/state/1/lga/3876/ward/26325/pu/178599/178599-1677493886.pdf,2023-02-27T10:32:01.851Z,false,https://raw.githubusercontent.com/mykeels/inec-presidential-elections-2023/master/results/37-zamfara\3876-zurmi\26325-dole\polling-units.json
ZAMFARA,ZURMI,DOLE,GOBIRAWA KUKA / GARKAR TALANGE,36/14/03/001,https://docs.inecelectionresults.net/elections_prod/1292/state/1/lga/3876/ward/26325/pu/120925/120925-1677488423.pdf,2023-02-27T09:01:00.102Z,false,https://raw.githubusercontent.com/mykeels/inec-presidential-elections-2023/master/results/37-zamfara\3876-zurmi\26325-dole\polling-units.json
ZAMFARA,ZURMI,DOLE,GOTAWA I / YAR KUKA,36/14/03/008,https://docs.inecelectionresults.net/elections_prod/1292/state/1/lga/3876/ward/26325/pu/120932/120932-1677488602.pdf,2023-02-27T09:03:59.976Z,false,https://raw.githubusercontent.com/mykeels/inec-presidential-elections-2023/master/results/37-zamfara\3876-zurmi\26325-dole\polling-units.json
ZAMFARA,ZURMI,DOLE,GOTAWA II / GARKAR - DALA,36/14/03/009,https://docs.inecelectionresults.net/elections_prod/1292/state/1/lga/3876/ward/26325/pu/120933/120933-1677489957.pdf,2023-02-27T09:26:00.657Z,false,https://raw.githubusercontent.com/mykeels/inec-presidential-elections-2023/master/results/37-zamfara\3876-zurmi\26325-dole\polling-units.json
ZAMFARA,ZURMI,DOLE,MAJEMAWA   II / GARKAR SANGEGE,36/14/03/012,https://docs.inecelectionresults.net/elections_prod/1292/state/1/lga/3876/ward/26325/pu/120936/120936-1677488722.pdf,2023-02-27T09:06:00.946Z,false,https://raw.githubusercontent.com/mykeels/inec-presidential-elections-2023/master/results/37-zamfara\3876-zurmi\26325-dole\polling-units.json
ZAMFARA,ZURMI,DOLE,MAJEMAWA I / BAKIN MAJEMA,36/14/03/011,https://docs.inecelectionresults.net/elections_prod/1292/state/1/lga/3876/ward/26325/pu/120935/120935-1677488485.pdf,2023-02-27T09:02:00.110Z,false,https://raw.githubusercontent.com/mykeels/inec-presidential-elections-2023/master/results/37-zamfara\3876-zurmi\26325-dole\polling-units.json
ZAMFARA,ZURMI,DOLE,SHIYAR UBAN DAWAKI / YAR KATSINA,36/14/03/010,https://docs.inecelectionresults.net/elections_prod/1292/state/1/lga/3876/ward/26325/pu/120934/120934-1677489885.pdf,2023-02-27T09:25:00.491Z,false,https://raw.githubusercontent.com/mykeels/inec-presidential-elections-2023/master/results/37-zamfara\3876-zurmi\26325-dole\polling-units.json
ZAMFARA,ZURMI,DOLE,TUDUN BUGAJE  /  PRIMARY SCHOOL,36/14/03/007,https://docs.inecelectionresults.net/elections_prod/1292/state/1/lga/3876/ward/26325/pu/120931/120931-1677489148.pdf,2023-02-27T09:13:00.502Z,false,https://raw.githubusercontent.com/mykeels/inec-presidential-elections-2023/master/results/37-zamfara\3876-zurmi\26325-dole\polling-units.json
ZAMFARA,ZURMI,DOLE,TUKULLU / ADULT EDUCATION CLASS,36/14/03/006,https://docs.inecelectionresults.net/elections_prod/1292/state/1/lga/3876/ward/26325/pu/120930/120930-1677490645.pdf,2023-02-27T09:38:00.149Z,false,https://raw.githubusercontent.com/mykeels/inec-presidential-elections-2023/master/results/37-zamfara\3876-zurmi\26325-dole\polling-units.json
ZAMFARA,ZURMI,GALADIMA/YANRUWA,ALAWA   /  PRI. SCH.,36/14/04/014,https://docs.inecelectionresults.net/elections_prod/1292/state/1/lga/3876/ward/26326/pu/120950/120950-1677462726.pdf,2023-02-27T01:55:09.077Z,false,https://raw.githubusercontent.com/mykeels/inec-presidential-elections-2023/master/results/37-zamfara\3876-zurmi\26326-galadima-yanruwa\polling-units.json
ZAMFARA,ZURMI,GALADIMA/YANRUWA,BAICE ASIBITI  / DARHELA,36/14/04/016,https://docs.inecelectionresults.net/elections_prod/1292/state/1/lga/3876/ward/26326/pu/120952/120952-1677459781.pdf,2023-02-27T01:03:59.781Z,false,https://raw.githubusercontent.com/mykeels/inec-presidential-elections-2023/master/results/37-zamfara\3876-zurmi\26326-galadima-yanruwa\polling-units.json
ZAMFARA,ZURMI,GALADIMA/YANRUWA,BAICEN ALLAHUWA / FILIN BAICE,36/14/04/006,https://docs.inecelectionresults.net/elections_prod/1292/state/1/lga/3876/ward/26326/pu/120942/120942-1677455585.pdf,2023-02-26T23:53:59.899Z,false,https://raw.githubusercontent.com/mykeels/inec-presidential-elections-2023/master/results/37-zamfara\3876-zurmi\26326-galadima-yanruwa\polling-units.json
ZAMFARA,ZURMI,GALADIMA/YANRUWA,DOGUWAR GONA   /  PRIMARY SCH.,36/14/04/015,https://docs.inecelectionresults.net/elections_prod/1292/state/1/lga/3876/ward/26326/pu/120951/120951-1677460301.pdf,2023-02-27T01:12:00.267Z,false,https://raw.githubusercontent.com/mykeels/inec-presidential-elections-2023/master/results/37-zamfara\3876-zurmi\26326-galadima-yanruwa\polling-units.json
ZAMFARA,ZURMI,GALADIMA/YANRUWA,GARKAR MAMA GADAU  /  ADULT EDU. CLASS,36/14/04/021,https://docs.inecelectionresults.net/elections_prod/1292/state/1/lga/3876/ward/26326/pu/120957/120957-1677452623.pdf,2023-02-26T23:04:00.300Z,false,https://raw.githubusercontent.com/mykeels/inec-presidential-elections-2023/master/results/37-zamfara\3876-zurmi\26326-galadima-yanruwa\polling-units.json
ZAMFARA,ZURMI,GALADIMA/YANRUWA,GWALON KURA   / DAN HAJI,36/14/04/019,https://docs.inecelectionresults.net/elections_prod/1292/state/1/lga/3876/ward/26326/pu/120955/120955-1677453609.pdf,2023-02-26T23:20:59.875Z,false,https://raw.githubusercontent.com/mykeels/inec-presidential-elections-2023/master/results/37-zamfara\3876-zurmi\26326-galadima-yanruwa\polling-units.json
ZAMFARA,ZURMI,GALADIMA/YANRUWA,HUTSAYE  I / DAN FILI,36/14/04/017,https://docs.inecelectionresults.net/elections_prod/1292/state/1/lga/3876/ward/26326/pu/120953/120953-1677459322.pdf,2023-02-27T00:56:00.096Z,false,https://raw.githubusercontent.com/mykeels/inec-presidential-elections-2023/master/results/37-zamfara\3876-zurmi\26326-galadima-yanruwa\polling-units.json
ZAMFARA,ZURMI,GALADIMA/YANRUWA,HUTSAYE II / ADULT EDUCATION CLASS,36/14/04/018,https://docs.inecelectionresults.net/elections_prod/1292/state/1/lga/3876/ward/26326/pu/120954/120954-1677458829.pdf,2023-02-27T00:47:59.882Z,false,https://raw.githubusercontent.com/mykeels/inec-presidential-elections-2023/master/results/37-zamfara\3876-zurmi\26326-galadima-yanruwa\polling-units.json
ZAMFARA,ZURMI,GALADIMA/YANRUWA,KAYAWA  / TOWN  PRIMARY SCHOOL,36/14/04/013,https://docs.inecelectionresults.net/elections_prod/1292/state/1/lga/3876/ward/26326/pu/120949/120949-1677462798.pdf,2023-02-27T01:55:08.783Z,false,https://raw.githubusercontent.com/mykeels/inec-presidential-elections-2023/master/results/37-zamfara\3876-zurmi\26326-galadima-yanruwa\polling-units.json
ZAMFARA,ZURMI,GALADIMA/YANRUWA,KOFAR KASUWA   II  /  MARARRABA,36/14/04/005,https://docs.inecelectionresults.net/elections_prod/1292/state/1/lga/3876/ward/26326/pu/120941/120941-1677456538.pdf,2023-02-27T00:09:59.912Z,false,https://raw.githubusercontent.com/mykeels/inec-presidential-elections-2023/master/results/37-zamfara\3876-zurmi\26326-galadima-yanruwa\polling-units.json
ZAMFARA,ZURMI,GALADIMA/YANRUWA,KOFAR KASUWA  I / TSOHUWAR KASUWA,36/14/04/004,https://docs.inecelectionresults.net/elections_prod/1292/state/1/lga/3876/ward/26326/pu/120940/120940-1677456971.pdf,2023-02-27T00:16:59.823Z,false,https://raw.githubusercontent.com/mykeels/inec-presidential-elections-2023/master/results/37-zamfara\3876-zurmi\26326-galadima-yanruwa\polling-units.json
ZAMFARA,ZURMI,GALADIMA/YANRUWA,KWANGWAM   I    /      PRIMARY SCHOOL,36/14/04/012,https://docs.inecelectionresults.net/elections_prod/1292/state/1/lga/3876/ward/26326/pu/120948/120948-1677774844.pdf,2023-03-02T16:35:00.153Z,false,https://raw.githubusercontent.com/mykeels/inec-presidential-elections-2023/master/results/37-zamfara\3876-zurmi\26326-galadima-yanruwa\polling-units.json
ZAMFARA,ZURMI,GALADIMA/YANRUWA,RUWAN IDO  BIYU III   /  ASIBITI YARA,36/14/04/011,https://docs.inecelectionresults.net/elections_prod/1292/state/1/lga/3876/ward/26326/pu/120947/120947-1677463772.pdf,2023-02-27T02:10:00.161Z,false,https://raw.githubusercontent.com/mykeels/inec-presidential-elections-2023/master/results/37-zamfara\3876-zurmi\26326-galadima-yanruwa\polling-units.json
ZAMFARA,ZURMI,GALADIMA/YANRUWA,RUWAN IDO BIYU  I /  DAN TUDU,36/14/04/009,https://docs.inecelectionresults.net/elections_prod/1292/state/1/lga/3876/ward/26326/pu/120945/120945-1677773688.pdf,2023-03-02T16:15:00.507Z,false,https://raw.githubusercontent.com/mykeels/inec-presidential-elections-2023/master/results/37-zamfara\3876-zurmi\26326-galadima-yanruwa\polling-units.json
ZAMFARA,ZURMI,GALADIMA/YANRUWA,RUWAN IDO BIYU II / DAN TUDU,36/14/04/010,https://docs.inecelectionresults.net/elections_prod/1292/state/1/lga/3876/ward/26326/pu/120946/120946-1677774016.pdf,2023-03-02T16:21:00.191Z,false,https://raw.githubusercontent.com/mykeels/inec-presidential-elections-2023/master/results/37-zamfara\3876-zurmi\26326-galadima-yanruwa\polling-units.json
ZAMFARA,ZURMI,GALADIMA/YANRUWA,RUWAN IDO BIYU IV/'DAN JEKA PRI. SCH.,36/14/04/024,https://docs.inecelectionresults.net/elections_prod/1292/state/1/lga/3876/ward/26326/pu/178600/178600-1677775997.pdf,2023-03-02T16:54:01.316Z,true,https://raw.githubusercontent.com/mykeels/inec-presidential-elections-2023/master/results/37-zamfara\3876-zurmi\26326-galadima-yanruwa\polling-units.json
ZAMFARA,ZURMI,GALADIMA/YANRUWA,SABON GARI  /  MUH'D A PRI. SCH.,36/14/04/001,https://docs.inecelectionresults.net/elections_prod/1292/state/1/lga/3876/ward/26326/pu/120937/120937-1677458175.pdf,2023-02-27T00:36:59.844Z,false,https://raw.githubusercontent.com/mykeels/inec-presidential-elections-2023/master/results/37-zamfara\3876-zurmi\26326-galadima-yanruwa\polling-units.json
ZAMFARA,ZURMI,GALADIMA/YANRUWA,SAN YAWA  /  ASIBITI YARA,36/14/04/023,https://docs.inecelectionresults.net/elections/1292/1677450492-120959.pdf,2023-02-26T22:28:59.899Z,false,https://raw.githubusercontent.com/mykeels/inec-presidential-elections-2023/master/results/37-zamfara\3876-zurmi\26326-galadima-yanruwa\polling-units.json
ZAMFARA,ZURMI,GALADIMA/YANRUWA,TUDUN MARADUN  II /  J. N. I. PRIMARY SCHOOL,36/14/04/008,https://docs.inecelectionresults.net/elections_prod/1292/state/1/lga/3876/ward/26326/pu/120944/120944-1677454252.pdf,2023-02-26T23:31:00.233Z,false,https://raw.githubusercontent.com/mykeels/inec-presidential-elections-2023/master/results/37-zamfara\3876-zurmi\26326-galadima-yanruwa\polling-units.json
ZAMFARA,ZURMI,GALADIMA/YANRUWA,TUDUN MARADUN I /  HAYI,36/14/04/007,https://docs.inecelectionresults.net/elections_prod/1292/state/1/lga/3876/ward/26326/pu/120943/120943-1677774747.pdf,2023-03-02T16:33:01.139Z,true,https://raw.githubusercontent.com/mykeels/inec-presidential-elections-2023/master/results/37-zamfara\3876-zurmi\26326-galadima-yanruwa\polling-units.json
ZAMFARA,ZURMI,GALADIMA/YANRUWA,TUDUN SANSAMI    II  /  TOWN DISPEN.,36/14/04/003,https://docs.inecelectionresults.net/elections_prod/1292/state/1/lga/3876/ward/26326/pu/120939/120939-1677457340.pdf,2023-02-27T00:22:59.952Z,false,https://raw.githubusercontent.com/mykeels/inec-presidential-elections-2023/master/results/37-zamfara\3876-zurmi\26326-galadima-yanruwa\polling-units.json
ZAMFARA,ZURMI,GALADIMA/YANRUWA,TUDUN SANSAMI   I / TOWN PRI. SCH.,36/14/04/002,https://docs.inecelectionresults.net/elections_prod/1292/state/1/lga/3876/ward/26326/pu/120938/120938-1677457828.pdf,2023-02-27T00:31:00.200Z,false,https://raw.githubusercontent.com/mykeels/inec-presidential-elections-2023/master/results/37-zamfara\3876-zurmi\26326-galadima-yanruwa\polling-units.json
ZAMFARA,ZURMI,GALADIMA/YANRUWA,YAR KOFA KWANGWAMI  / DISPENSARY,36/14/04/022,https://docs.inecelectionresults.net/elections_prod/1292/state/1/lga/3876/ward/26326/pu/120958/120958-1677451932.pdf,2023-02-26T22:52:59.791Z,false,https://raw.githubusercontent.com/mykeels/inec-presidential-elections-2023/master/results/37-zamfara\3876-zurmi\26326-galadima-yanruwa\polling-units.json
ZAMFARA,ZURMI,GALADIMA/YANRUWA,YAR KUKA / FILIN GWARI GAMI,36/14/04/020,https://docs.inecelectionresults.net/elections_prod/1292/state/1/lga/3876/ward/26326/pu/120956/120956-1677453142.pdf,2023-02-26T23:13:00.873Z,false,https://raw.githubusercontent.com/mykeels/inec-presidential-elections-2023/master/results/37-zamfara\3876-zurmi\26326-galadima-yanruwa\polling-units.json
ZAMFARA,ZURMI,KANWA,FAKAI/BAKIN KASUWA,36/14/05/019,https://docs.inecelectionresults.net/elections_prod/1292/state/01/lga/14/ward/05/pu/019/019-1677422793.pdf,2023-02-26T15:22:01.598Z,false,https://raw.githubusercontent.com/mykeels/inec-presidential-elections-2023/master/results/37-zamfara\3876-zurmi\26327-kanwa\polling-units.json
ZAMFARA,ZURMI,KANWA,GABAN DUTSI/BAKIN KASUWA,36/14/05/021,https://docs.inecelectionresults.net/elections_prod/1292/state/01/lga/14/ward/05/pu/021/021-1677426875.pdf,2023-02-26T15:55:01.194Z,false,https://raw.githubusercontent.com/mykeels/inec-presidential-elections-2023/master/results/37-zamfara\3876-zurmi\26327-kanwa\polling-units.json
ZAMFARA,ZURMI,KANWA,GAMAWA/G. DUSTI / GARKAR LIMAN,36/14/05/007,https://docs.inecelectionresults.net/elections_prod/1292/state/01/lga/14/ward/05/pu/007/007-1677421114.pdf,2023-02-26T15:20:08.202Z,false,https://raw.githubusercontent.com/mykeels/inec-presidential-elections-2023/master/results/37-zamfara\3876-zurmi\26327-kanwa\polling-units.json
ZAMFARA,ZURMI,KANWA,GANDA SAMU / TUDUN BABI,36/14/05/012,https://docs.inecelectionresults.net/elections_prod/1292/state/01/lga/14/ward/05/pu/012/012-1677417253.pdf,2023-02-26T13:15:01.538Z,false,https://raw.githubusercontent.com/mykeels/inec-presidential-elections-2023/master/results/37-zamfara\3876-zurmi\26327-kanwa\polling-units.json
ZAMFARA,ZURMI,KANWA,GIDAN JODI / YAR TASHA,36/14/05/003,https://docs.inecelectionresults.net/elections_prod/1292/state/01/lga/14/ward/05/pu/003/003-1677423694.pdf,2023-02-26T15:22:34.085Z,false,https://raw.githubusercontent.com/mykeels/inec-presidential-elections-2023/master/results/37-zamfara\3876-zurmi\26327-kanwa\polling-units.json
ZAMFARA,ZURMI,KANWA,GIDAN ZAGI / BAKIN KASUWA,36/14/05/008,https://docs.inecelectionresults.net/elections_prod/1292/state/01/lga/14/ward/05/pu/008/008-1677413390.pdf,2023-02-26T12:45:13.075Z,false,https://raw.githubusercontent.com/mykeels/inec-presidential-elections-2023/master/results/37-zamfara\3876-zurmi\26327-kanwa\polling-units.json
ZAMFARA,ZURMI,KANWA,JABANDA/FAKAI / M.P.S. JABANDA,36/14/05/005,https://docs.inecelectionresults.net/elections_prod/1292/state/01/lga/14/ward/05/pu/005/005-1677414816.pdf,2023-02-26T12:46:10.407Z,false,https://raw.githubusercontent.com/mykeels/inec-presidential-elections-2023/master/results/37-zamfara\3876-zurmi\26327-kanwa\polling-units.json
ZAMFARA,ZURMI,KANWA,JINKIRAWA MAGAJI  / GARKAR MAGAJI,36/14/05/018,https://docs.inecelectionresults.net/elections_prod/1292/state/01/lga/14/ward/05/pu/018/018-1677415121.pdf,2023-02-26T12:46:21.404Z,false,https://raw.githubusercontent.com/mykeels/inec-presidential-elections-2023/master/results/37-zamfara\3876-zurmi\26327-kanwa\polling-units.json
ZAMFARA,ZURMI,KANWA,JINKIRAWA TSARA /  GARKAR TSAWA,36/14/05/014,https://docs.inecelectionresults.net/elections_prod/1292/state/01/lga/14/ward/05/pu/014/014-1677419327.pdf,2023-02-26T13:49:02.514Z,false,https://raw.githubusercontent.com/mykeels/inec-presidential-elections-2023/master/results/37-zamfara\3876-zurmi\26327-kanwa\polling-units.json
ZAMFARA,ZURMI,KANWA,KADAWA / YAR YARA,36/14/05/010,https://docs.inecelectionresults.net/elections_prod/1292/state/01/lga/14/ward/05/pu/010/010-1677428424.pdf,2023-02-26T16:21:01.105Z,false,https://raw.githubusercontent.com/mykeels/inec-presidential-elections-2023/master/results/37-zamfara\3876-zurmi\26327-kanwa\polling-units.json
ZAMFARA,ZURMI,KANWA,KAIWA LAMBA / PRIMARY SCHOOL,36/14/05/004,https://docs.inecelectionresults.net/elections_prod/1292/state/01/lga/14/ward/05/pu/004/004-1677424520.pdf,2023-02-26T15:23:03.175Z,false,https://raw.githubusercontent.com/mykeels/inec-presidential-elections-2023/master/results/37-zamfara\3876-zurmi\26327-kanwa\polling-units.json
ZAMFARA,ZURMI,KANWA,KANWA GABBAS  /  M.P.S. KANWA,36/14/05/001,https://docs.inecelectionresults.net/elections_prod/1292/state/01/lga/14/ward/05/pu/001/001-1677413993.pdf,2023-02-26T12:45:37.222Z,false,https://raw.githubusercontent.com/mykeels/inec-presidential-elections-2023/master/results/37-zamfara\3876-zurmi\26327-kanwa\polling-units.json
ZAMFARA,ZURMI,KANWA,KANWA YAMMA - DAN FILI,36/14/05/002,,,false,https://raw.githubusercontent.com/mykeels/inec-presidential-elections-2023/master/results/37-zamfara\3876-zurmi\26327-kanwa\polling-units.json
ZAMFARA,ZURMI,KANWA,KANWAN YAMMA II/MPS KANWA,36/14/05/020,https://docs.inecelectionresults.net/elections_prod/1292/state/01/lga/14/ward/05/pu/020/020-1677410505.pdf,2023-02-26T11:22:03.077Z,false,https://raw.githubusercontent.com/mykeels/inec-presidential-elections-2023/master/results/37-zamfara\3876-zurmi\26327-kanwa\polling-units.json
ZAMFARA,ZURMI,KANWA,KUFAN MALAN / GUZAWA,36/14/05/015,https://docs.inecelectionresults.net/elections_prod/1292/state/01/lga/14/ward/05/pu/015/015-1677419650.pdf,2023-02-26T13:55:01.016Z,false,https://raw.githubusercontent.com/mykeels/inec-presidential-elections-2023/master/results/37-zamfara\3876-zurmi\26327-kanwa\polling-units.json
ZAMFARA,ZURMI,KANWA,KWABRE/NAHYACE / DOGON MARKE,36/14/05/006,https://docs.inecelectionresults.net/elections/1292/1677449898-120965.pdf,2023-02-26T22:19:00.967Z,false,https://raw.githubusercontent.com/mykeels/inec-presidential-elections-2023/master/results/37-zamfara\3876-zurmi\26327-kanwa\polling-units.json
ZAMFARA,ZURMI,KANWA,MAGARYA   I / KWANA SARAKI,36/14/05/016,,,false,https://raw.githubusercontent.com/mykeels/inec-presidential-elections-2023/master/results/37-zamfara\3876-zurmi\26327-kanwa\polling-units.json
ZAMFARA,ZURMI,KANWA,MAGARYA   II / TOWN PRIMARY SCHOOL,36/14/05/017,https://docs.inecelectionresults.net/elections_prod/1292/state/01/lga/14/ward/05/pu/017/017-1677416401.pdf,2023-02-26T13:01:01.181Z,false,https://raw.githubusercontent.com/mykeels/inec-presidential-elections-2023/master/results/37-zamfara\3876-zurmi\26327-kanwa\polling-units.json
ZAMFARA,ZURMI,KANWA,NASAMU / TSAKAR GARI,36/14/05/013,https://docs.inecelectionresults.net/elections_prod/1292/state/01/lga/14/ward/05/pu/013/013-1677412683.pdf,2023-02-26T11:59:07.048Z,false,https://raw.githubusercontent.com/mykeels/inec-presidential-elections-2023/master/results/37-zamfara\3876-zurmi\26327-kanwa\polling-units.json
ZAMFARA,ZURMI,KANWA,TAKALMAWA / PRIMARY SCHOOL,36/14/05/009,https://docs.inecelectionresults.net/elections_prod/1292/state/01/lga/14/ward/05/pu/009/009-1677426133.pdf,2023-02-26T15:43:01.072Z,false,https://raw.githubusercontent.com/mykeels/inec-presidential-elections-2023/master/results/37-zamfara\3876-zurmi\26327-kanwa\polling-units.json
ZAMFARA,ZURMI,KANWA,TATAKA / BAKIN KASUWA,36/14/05/011,https://docs.inecelectionresults.net/elections_prod/1292/state/01/lga/14/ward/05/pu/011/011-1677420636.pdf,2023-02-26T14:11:02.038Z,false,https://raw.githubusercontent.com/mykeels/inec-presidential-elections-2023/master/results/37-zamfara\3876-zurmi\26327-kanwa\polling-units.json
ZAMFARA,ZURMI,KUTURU/MAYASA,BAICEN BIRANE / BAICEN GABAS,36/14/08/004,https://docs.inecelectionresults.net/elections_prod/1292/state/1/lga/3876/ward/26330/pu/121006/121006-1677458024.pdf,2023-02-27T00:34:00.045Z,false,https://raw.githubusercontent.com/mykeels/inec-presidential-elections-2023/master/results/37-zamfara\3876-zurmi\26330-kuturu-mayasa\polling-units.json
ZAMFARA,ZURMI,KUTURU/MAYASA,BIRANE / TOWN PRI. SCH.,36/14/08/003,https://docs.inecelectionresults.net/elections_prod/1292/state/1/lga/3876/ward/26330/pu/121005/121005-1677489676.pdf,2023-02-27T09:22:00.065Z,false,https://raw.githubusercontent.com/mykeels/inec-presidential-elections-2023/master/results/37-zamfara\3876-zurmi\26330-kuturu-mayasa\polling-units.json
ZAMFARA,ZURMI,KUTURU/MAYASA,BIRANE II/M.P.S,36/14/08/020,https://docs.inecelectionresults.net/elections_prod/1292/state/01/lga/14/ward/08/pu/020/020-1677425936.pdf,2023-02-26T15:39:01.059Z,false,https://raw.githubusercontent.com/mykeels/inec-presidential-elections-2023/master/results/37-zamfara\3876-zurmi\26330-kuturu-mayasa\polling-units.json
ZAMFARA,ZURMI,KUTURU/MAYASA,BUGAWA / YAR YARA,36/14/08/006,https://docs.inecelectionresults.net/elections_prod/1292/state/1/lga/3876/ward/26330/pu/121008/121008-1677458066.pdf,2023-02-27T00:34:59.832Z,false,https://raw.githubusercontent.com/mykeels/inec-presidential-elections-2023/master/results/37-zamfara\3876-zurmi\26330-kuturu-mayasa\polling-units.json
ZAMFARA,ZURMI,KUTURU/MAYASA,DADIN KOWA / GARKAR MAI GARI,36/14/08/007,https://docs.inecelectionresults.net/elections_prod/1292/state/01/lga/14/ward/08/pu/007/007-1677418637.pdf,2023-02-26T13:38:01.129Z,false,https://raw.githubusercontent.com/mykeels/inec-presidential-elections-2023/master/results/37-zamfara\3876-zurmi\26330-kuturu-mayasa\polling-units.json
ZAMFARA,ZURMI,KUTURU/MAYASA,DUHU / TOWN  PRIMARY SCHOOL,36/14/08/014,https://docs.inecelectionresults.net/elections_prod/1292/state/01/lga/14/ward/08/pu/014/014-1677424643.pdf,2023-02-26T15:23:05.867Z,false,https://raw.githubusercontent.com/mykeels/inec-presidential-elections-2023/master/results/37-zamfara\3876-zurmi\26330-kuturu-mayasa\polling-units.json
ZAMFARA,ZURMI,KUTURU/MAYASA,GIDAN DUWA  /  PRIMARY SCHOOL,36/14/08/010,https://docs.inecelectionresults.net/elections_prod/1292/state/1/lga/3876/ward/26330/pu/121012/121012-1677454607.pdf,2023-02-26T23:37:00.346Z,false,https://raw.githubusercontent.com/mykeels/inec-presidential-elections-2023/master/results/37-zamfara\3876-zurmi\26330-kuturu-mayasa\polling-units.json
ZAMFARA,ZURMI,KUTURU/MAYASA,GIDAN LADAN / MARARRABA,36/14/08/008,https://docs.inecelectionresults.net/elections_prod/1292/state/1/lga/3876/ward/26330/pu/121010/121010-1677458752.pdf,2023-02-27T00:46:00.208Z,false,https://raw.githubusercontent.com/mykeels/inec-presidential-elections-2023/master/results/37-zamfara\3876-zurmi\26330-kuturu-mayasa\polling-units.json
ZAMFARA,ZURMI,KUTURU/MAYASA,GIDAN TSIKA  /  PRIMARY SCHOOL,36/14/08/011,https://docs.inecelectionresults.net/elections_prod/1292/state/01/lga/14/ward/08/pu/011/011-1677414163.pdf,2023-02-26T12:45:44.022Z,false,https://raw.githubusercontent.com/mykeels/inec-presidential-elections-2023/master/results/37-zamfara\3876-zurmi\26330-kuturu-mayasa\polling-units.json
ZAMFARA,ZURMI,KUTURU/MAYASA,GIDAN TSIKA II/M.P.S,36/14/08/021,https://docs.inecelectionresults.net/elections_prod/1292/state/01/lga/14/ward/08/pu/021/021-1677418247.pdf,2023-02-26T13:31:01.414Z,false,https://raw.githubusercontent.com/mykeels/inec-presidential-elections-2023/master/results/37-zamfara\3876-zurmi\26330-kuturu-mayasa\polling-units.json
ZAMFARA,ZURMI,KUTURU/MAYASA,GOTAWA TOWN    /  PRIMARY SCHOOL,36/14/08/016,https://docs.inecelectionresults.net/elections_prod/1292/state/1/lga/3876/ward/26330/pu/121018/121018-1677454104.pdf,2023-02-26T23:29:00.359Z,false,https://raw.githubusercontent.com/mykeels/inec-presidential-elections-2023/master/results/37-zamfara\3876-zurmi\26330-kuturu-mayasa\polling-units.json
ZAMFARA,ZURMI,KUTURU/MAYASA,KAFACE MA'KOSA II/M.P.S,36/14/08/022,https://docs.inecelectionresults.net/elections_prod/1292/state/01/lga/14/ward/08/pu/022/022-1677407430.pdf,2023-02-26T10:31:03.017Z,false,https://raw.githubusercontent.com/mykeels/inec-presidential-elections-2023/master/results/37-zamfara\3876-zurmi\26330-kuturu-mayasa\polling-units.json
ZAMFARA,ZURMI,KUTURU/MAYASA,KOLUWA / PRI. SCH.,36/14/08/005,https://docs.inecelectionresults.net/elections/1292/1677449908-121007.pdf,2023-02-26T22:19:00.194Z,false,https://raw.githubusercontent.com/mykeels/inec-presidential-elections-2023/master/results/37-zamfara\3876-zurmi\26330-kuturu-mayasa\polling-units.json
ZAMFARA,ZURMI,KUTURU/MAYASA,KUTURU  /  M.P. SCHOOL,36/14/08/013,https://docs.inecelectionresults.net/elections_prod/1292/state/1/lga/3876/ward/26330/pu/121015/121015-1677489495.pdf,2023-02-27T09:19:00.275Z,false,https://raw.githubusercontent.com/mykeels/inec-presidential-elections-2023/master/results/37-zamfara\3876-zurmi\26330-kuturu-mayasa\polling-units.json
ZAMFARA,ZURMI,KUTURU/MAYASA,KUTURU II/MPS,36/14/08/023,https://docs.inecelectionresults.net/elections_prod/1292/state/01/lga/14/ward/08/pu/023/023-1677414501.pdf,2023-02-26T12:45:56.133Z,false,https://raw.githubusercontent.com/mykeels/inec-presidential-elections-2023/master/results/37-zamfara\3876-zurmi\26330-kuturu-mayasa\polling-units.json
ZAMFARA,ZURMI,KUTURU/MAYASA,MAKOSA   /   PRIMARY SCHOOL,36/14/08/012,https://docs.inecelectionresults.net/elections_prod/1292/state/1/lga/3876/ward/26330/pu/121014/121014-1677455044.pdf,2023-02-26T23:44:59.857Z,false,https://raw.githubusercontent.com/mykeels/inec-presidential-elections-2023/master/results/37-zamfara\3876-zurmi\26330-kuturu-mayasa\polling-units.json
ZAMFARA,ZURMI,KUTURU/MAYASA,SHIYAR GALADIMA / GARKAR KUTURU,36/14/08/002,https://docs.inecelectionresults.net/elections_prod/1292/state/1/lga/3876/ward/26330/pu/121004/121004-1677455557.pdf,2023-02-26T23:53:00.355Z,false,https://raw.githubusercontent.com/mykeels/inec-presidential-elections-2023/master/results/37-zamfara\3876-zurmi\26330-kuturu-mayasa\polling-units.json
ZAMFARA,ZURMI,KUTURU/MAYASA,SHIYAR GALADIMA II/ M.P.S MAYASA,36/14/08/018,https://docs.inecelectionresults.net/elections_prod/1292/state/01/lga/14/ward/08/pu/018/018-1677415561.pdf,2023-02-26T12:47:01.517Z,false,https://raw.githubusercontent.com/mykeels/inec-presidential-elections-2023/master/results/37-zamfara\3876-zurmi\26330-kuturu-mayasa\polling-units.json
ZAMFARA,ZURMI,KUTURU/MAYASA,SHIYAR GALADIMA III/ M.P.S MAYASA,36/14/08/019,https://docs.inecelectionresults.net/elections_prod/1292/state/1/lga/3876/ward/26330/pu/178612/178612-1677454424.pdf,2023-02-26T23:34:00.202Z,false,https://raw.githubusercontent.com/mykeels/inec-presidential-elections-2023/master/results/37-zamfara\3876-zurmi\26330-kuturu-mayasa\polling-units.json
ZAMFARA,ZURMI,KUTURU/MAYASA,SHIYAR SARKIN DIYA / YAR KASUWA,36/14/08/001,https://docs.inecelectionresults.net/elections_prod/1292/state/01/lga/14/ward/08/pu/001/001-1677405634.pdf,2023-02-26T10:06:00.969Z,false,https://raw.githubusercontent.com/mykeels/inec-presidential-elections-2023/master/results/37-zamfara\3876-zurmi\26330-kuturu-mayasa\polling-units.json
ZAMFARA,ZURMI,KUTURU/MAYASA,TSAKAUNA / ADULT EDUCATION  CLASS,36/14/08/009,https://docs.inecelectionresults.net/elections_prod/1292/state/01/lga/14/ward/08/pu/009/009-1677427777.pdf,2023-02-26T16:10:01.424Z,false,https://raw.githubusercontent.com/mykeels/inec-presidential-elections-2023/master/results/37-zamfara\3876-zurmi\26330-kuturu-mayasa\polling-units.json
ZAMFARA,ZURMI,KUTURU/MAYASA,TUNGAR BAZACE / BAKIN KASUWA,36/14/08/015,https://docs.inecelectionresults.net/elections_prod/1292/state/01/lga/14/ward/08/pu/015/015-1677411349.pdf,2023-02-26T11:37:01.201Z,false,https://raw.githubusercontent.com/mykeels/inec-presidential-elections-2023/master/results/37-zamfara\3876-zurmi\26330-kuturu-mayasa\polling-units.json
ZAMFARA,ZURMI,KUTURU/MAYASA,TUNGAR BAZACE II/B/KASUWA,36/14/08/024,https://docs.inecelectionresults.net/elections_prod/1292/state/1/lga/3876/ward/26330/pu/178617/178617-1677453696.pdf,2023-02-26T23:22:00.533Z,false,https://raw.githubusercontent.com/mykeels/inec-presidential-elections-2023/master/results/37-zamfara\3876-zurmi\26330-kuturu-mayasa\polling-units.json
ZAMFARA,ZURMI,KUTURU/MAYASA,YAKATAWA / B/ RANE/ YAKATAWA,36/14/08/017,https://docs.inecelectionresults.net/elections_prod/1292/state/01/lga/14/ward/08/pu/017/017-1677417016.pdf,2023-02-26T13:11:01.773Z,false,https://raw.githubusercontent.com/mykeels/inec-presidential-elections-2023/master/results/37-zamfara\3876-zurmi\26330-kuturu-mayasa\polling-units.json
ZAMFARA,ZURMI,KWASHBAWA,DAUDAWA / GARKAR LIMAN,36/14/06/009,https://docs.inecelectionresults.net/elections_prod/1292/state/1/lga/3876/ward/26328/pu/120986/120986-1677458369.pdf,2023-02-27T00:39:59.925Z,false,https://raw.githubusercontent.com/mykeels/inec-presidential-elections-2023/master/results/37-zamfara\3876-zurmi\26328-kwashbawa\polling-units.json
ZAMFARA,ZURMI,KWASHBAWA,FARU  /  PROJECT QUARTERS,36/14/06/014,https://docs.inecelectionresults.net/elections_prod/1292/state/1/lga/3876/ward/26328/pu/120991/120991-1677457738.pdf,2023-02-27T00:29:59.841Z,false,https://raw.githubusercontent.com/mykeels/inec-presidential-elections-2023/master/results/37-zamfara\3876-zurmi\26328-kwashbawa\polling-units.json
ZAMFARA,ZURMI,KWASHBAWA,GIDAN JAJA  /  M.P. SCHOOL,36/14/06/013,https://docs.inecelectionresults.net/elections_prod/1292/state/1/lga/3876/ward/26328/pu/120990/120990-1677458874.pdf,2023-02-27T00:48:00.421Z,false,https://raw.githubusercontent.com/mykeels/inec-presidential-elections-2023/master/results/37-zamfara\3876-zurmi\26328-kwashbawa\polling-units.json
ZAMFARA,ZURMI,KWASHBAWA,GIDAN KADA / PRIMARY SCHOOL,36/14/06/010,https://docs.inecelectionresults.net/elections_prod/1292/state/1/lga/3876/ward/26328/pu/120987/120987-1677464439.pdf,2023-02-27T02:21:00.085Z,false,https://raw.githubusercontent.com/mykeels/inec-presidential-elections-2023/master/results/37-zamfara\3876-zurmi\26328-kwashbawa\polling-units.json
ZAMFARA,ZURMI,KWASHBAWA,GIDAN KADA II/PRI. SCH.,36/14/06/019,https://docs.inecelectionresults.net/elections_prod/1292/state/01/lga/14/ward/06/pu/019/019-1677404599.pdf,2023-02-26T09:44:02.457Z,false,https://raw.githubusercontent.com/mykeels/inec-presidential-elections-2023/master/results/37-zamfara\3876-zurmi\26328-kwashbawa\polling-units.json
ZAMFARA,ZURMI,KWASHBAWA,GIDAN KAYYA    /  PRIMARY SCHOOL,36/14/06/012,https://docs.inecelectionresults.net/elections_prod/1292/state/1/lga/3876/ward/26328/pu/120989/120989-1677457500.pdf,2023-02-27T00:25:59.818Z,false,https://raw.githubusercontent.com/mykeels/inec-presidential-elections-2023/master/results/37-zamfara\3876-zurmi\26328-kwashbawa\polling-units.json
ZAMFARA,ZURMI,KWASHBAWA,GIDAN KAYYA II/M.P.S,36/14/06/020,https://docs.inecelectionresults.net/elections_prod/1292/state/1/lga/3876/ward/26328/pu/178608/178608-1677463416.pdf,2023-02-27T02:04:00.312Z,false,https://raw.githubusercontent.com/mykeels/inec-presidential-elections-2023/master/results/37-zamfara\3876-zurmi\26328-kwashbawa\polling-units.json
ZAMFARA,ZURMI,KWASHBAWA,GIDAN ZAKI / MARARRABAR HANYA,36/14/06/008,https://docs.inecelectionresults.net/elections_prod/1292/state/1/lga/3876/ward/26328/pu/120985/120985-1677456236.pdf,2023-02-27T00:04:59.821Z,false,https://raw.githubusercontent.com/mykeels/inec-presidential-elections-2023/master/results/37-zamfara\3876-zurmi\26328-kwashbawa\polling-units.json
ZAMFARA,ZURMI,KWASHBAWA,KORE / GARKAR MAI GARI,36/14/06/011,https://docs.inecelectionresults.net/elections_prod/1292/state/1/lga/3876/ward/26328/pu/120988/120988-1677464536.pdf,2023-02-27T02:22:59.952Z,false,https://raw.githubusercontent.com/mykeels/inec-presidential-elections-2023/master/results/37-zamfara\3876-zurmi\26328-kwashbawa\polling-units.json
ZAMFARA,ZURMI,KWASHBAWA,MAGAJIN GURBI /  DAN HILI,36/14/06/015,https://docs.inecelectionresults.net/elections_prod/1292/state/1/lga/3876/ward/26328/pu/120992/120992-1677459101.pdf,2023-02-27T00:51:59.979Z,false,https://raw.githubusercontent.com/mykeels/inec-presidential-elections-2023/master/results/37-zamfara\3876-zurmi\26328-kwashbawa\polling-units.json
ZAMFARA,ZURMI,KWASHBAWA,MALLAMAWA  / HAYIN MALLAMAWA,36/14/06/007,https://docs.inecelectionresults.net/elections_prod/1292/state/1/lga/3876/ward/26328/pu/120984/120984-1677456692.pdf,2023-02-27T00:12:00.076Z,false,https://raw.githubusercontent.com/mykeels/inec-presidential-elections-2023/master/results/37-zamfara\3876-zurmi\26328-kwashbawa\polling-units.json
ZAMFARA,ZURMI,KWASHBAWA,SH/AJIYA/KOFAR AJIYA,36/14/06/006,https://docs.inecelectionresults.net/elections_prod/1292/state/1/lga/3876/ward/26328/pu/120983/120983-1677463607.pdf,2023-02-27T02:07:00.062Z,false,https://raw.githubusercontent.com/mykeels/inec-presidential-elections-2023/master/results/37-zamfara\3876-zurmi\26328-kwashbawa\polling-units.json
ZAMFARA,ZURMI,KWASHBAWA,SHIYAR AJIYA II/'DAN FILI,36/14/06/018,https://docs.inecelectionresults.net/elections_prod/1292/state/1/lga/3876/ward/26328/pu/178606/178606-1677459586.pdf,2023-02-27T01:00:00.197Z,false,https://raw.githubusercontent.com/mykeels/inec-presidential-elections-2023/master/results/37-zamfara\3876-zurmi\26328-kwashbawa\polling-units.json
ZAMFARA,ZURMI,KWASHBAWA,SHIYAR ARDO / ADULT EDUCATION CLASS,36/14/06/001,https://docs.inecelectionresults.net/elections_prod/1292/state/1/lga/3876/ward/26328/pu/120978/120978-1677457068.pdf,2023-02-27T00:18:00.615Z,false,https://raw.githubusercontent.com/mykeels/inec-presidential-elections-2023/master/results/37-zamfara\3876-zurmi\26328-kwashbawa\polling-units.json
ZAMFARA,ZURMI,KWASHBAWA,SHIYAR MAGAJI  I/ GARKAR MAGAJI,36/14/06/002,https://docs.inecelectionresults.net/elections_prod/1292/state/1/lga/3876/ward/26328/pu/120979/120979-1677463946.pdf,2023-02-27T02:13:00.168Z,false,https://raw.githubusercontent.com/mykeels/inec-presidential-elections-2023/master/results/37-zamfara\3876-zurmi\26328-kwashbawa\polling-units.json
ZAMFARA,ZURMI,KWASHBAWA,SHIYAR MAGAJI II/ TOWN PRIMARY SCHOOL,36/14/06/003,https://docs.inecelectionresults.net/elections_prod/1292/state/1/lga/3876/ward/26328/pu/120980/120980-1677464264.pdf,2023-02-27T02:18:00.930Z,false,https://raw.githubusercontent.com/mykeels/inec-presidential-elections-2023/master/results/37-zamfara\3876-zurmi\26328-kwashbawa\polling-units.json
ZAMFARA,ZURMI,KWASHBAWA,SHIYAR MAGAJI III/'DAN FILI,36/14/06/016,https://docs.inecelectionresults.net/elections_prod/1292/state/1/lga/3876/ward/26328/pu/178604/178604-1677457989.pdf,2023-02-27T00:33:59.854Z,false,https://raw.githubusercontent.com/mykeels/inec-presidential-elections-2023/master/results/37-zamfara\3876-zurmi\26328-kwashbawa\polling-units.json
ZAMFARA,ZURMI,KWASHBAWA,SHIYAR MAGAJI IV/ TOWN PRI. SCH.,36/14/06/017,https://docs.inecelectionresults.net/elections_prod/1292/state/1/lga/3876/ward/26328/pu/178605/178605-1677459295.pdf,2023-02-27T00:55:00.335Z,false,https://raw.githubusercontent.com/mykeels/inec-presidential-elections-2023/master/results/37-zamfara\3876-zurmi\26328-kwashbawa\polling-units.json
ZAMFARA,ZURMI,KWASHBAWA,SHIYAR MARAFA / YAR YARA,36/14/06/004,https://docs.inecelectionresults.net/elections_prod/1292/state/1/lga/3876/ward/26328/pu/120981/120981-1677463740.pdf,2023-02-27T02:09:59.934Z,false,https://raw.githubusercontent.com/mykeels/inec-presidential-elections-2023/master/results/37-zamfara\3876-zurmi\26328-kwashbawa\polling-units.json
ZAMFARA,ZURMI,KWASHBAWA,UBAN DAWAKI / BAKIN KASUWA,36/14/06/005,https://docs.inecelectionresults.net/elections_prod/1292/state/1/lga/3876/ward/26328/pu/120982/120982-1677464083.pdf,2023-02-27T02:15:00.079Z,false,https://raw.githubusercontent.com/mykeels/inec-presidential-elections-2023/master/results/37-zamfara\3876-zurmi\26328-kwashbawa\polling-units.json
ZAMFARA,ZURMI,MASHEM,GANBIRU  /  YAR KASUWA,36/14/07/009,https://docs.inecelectionresults.net/elections_prod/1292/state/1/lga/3876/ward/26329/pu/121001/121001-1677454779.pdf,2023-02-26T23:39:59.963Z,false,https://raw.githubusercontent.com/mykeels/inec-presidential-elections-2023/master/results/37-zamfara\3876-zurmi\26329-mashem\polling-units.json
ZAMFARA,ZURMI,MASHEM,GARKUWA / DAN TABKI,36/14/07/007,https://docs.inecelectionresults.net/elections_prod/1292/state/1/lga/3876/ward/26329/pu/120999/120999-1677454244.pdf,2023-02-26T23:31:00.102Z,false,https://raw.githubusercontent.com/mykeels/inec-presidential-elections-2023/master/results/37-zamfara\3876-zurmi\26329-mashem\polling-units.json
ZAMFARA,ZURMI,MASHEM,GIDAN TABA/'DAN FILI,36/14/07/011,https://docs.inecelectionresults.net/elections_prod/1292/state/1/lga/3876/ward/26329/pu/178609/178609-1677455095.pdf,2023-02-26T23:45:00.507Z,false,https://raw.githubusercontent.com/mykeels/inec-presidential-elections-2023/master/results/37-zamfara\3876-zurmi\26329-mashem\polling-units.json
ZAMFARA,ZURMI,MASHEM,KALAGE / TOWN DISPENSARY,36/14/07/006,https://docs.inecelectionresults.net/elections_prod/1292/state/1/lga/3876/ward/26329/pu/120998/120998-1677454018.pdf,2023-02-26T23:27:00.275Z,false,https://raw.githubusercontent.com/mykeels/inec-presidential-elections-2023/master/results/37-zamfara\3876-zurmi\26329-mashem\polling-units.json
ZAMFARA,ZURMI,MASHEM,MASHEMA / ADULT EDUC. CLASS,36/14/07/001,https://docs.inecelectionresults.net/elections_prod/1292/state/1/lga/3876/ward/26329/pu/120993/120993-1677452214.pdf,2023-02-26T22:57:00.169Z,false,https://raw.githubusercontent.com/mykeels/inec-presidential-elections-2023/master/results/37-zamfara\3876-zurmi\26329-mashem\polling-units.json
ZAMFARA,ZURMI,MASHEM,MASHEMA / M.P.S. MASHEMA,36/14/07/010,https://docs.inecelectionresults.net/elections/1292/1677442042-121002.pdf,2023-02-26T20:08:00.180Z,false,https://raw.githubusercontent.com/mykeels/inec-presidential-elections-2023/master/results/37-zamfara\3876-zurmi\26329-mashem\polling-units.json
ZAMFARA,ZURMI,MASHEM,MASHEMA II/MPS,36/14/07/012,https://docs.inecelectionresults.net/elections_prod/1292/state/1/lga/3876/ward/26329/pu/178610/178610-1677455256.pdf,2023-02-26T23:48:00.140Z,false,https://raw.githubusercontent.com/mykeels/inec-presidential-elections-2023/master/results/37-zamfara\3876-zurmi\26329-mashem\polling-units.json
ZAMFARA,ZURMI,MASHEM,TUNFA / GARKAR LIMAN,36/14/07/003,https://docs.inecelectionresults.net/elections/1292/1677442142-120995.pdf,2023-02-26T20:09:59.778Z,false,https://raw.githubusercontent.com/mykeels/inec-presidential-elections-2023/master/results/37-zamfara\3876-zurmi\26329-mashem\polling-units.json
ZAMFARA,ZURMI,MASHEM,TUNGAR FULANI / GIDAN TABA,36/14/07/002,https://docs.inecelectionresults.net/elections_prod/1292/state/1/lga/3876/ward/26329/pu/120994/120994-1677453510.pdf,2023-02-26T23:19:00.143Z,false,https://raw.githubusercontent.com/mykeels/inec-presidential-elections-2023/master/results/37-zamfara\3876-zurmi\26329-mashem\polling-units.json
ZAMFARA,ZURMI,MASHEM,TUNGAR HABIBU / DAN HILI,36/14/07/008,https://docs.inecelectionresults.net/elections_prod/1292/state/1/lga/3876/ward/26329/pu/121000/121000-1677454568.pdf,2023-02-26T23:36:59.803Z,false,https://raw.githubusercontent.com/mykeels/inec-presidential-elections-2023/master/results/37-zamfara\3876-zurmi\26329-mashem\polling-units.json
ZAMFARA,ZURMI,MASHEM,TUNGAR NASARAWA I  /  TUNFA PRI. SCH.,36/14/07/004,https://docs.inecelectionresults.net/elections/1292/1677442050-120996.pdf,2023-02-26T20:08:00.417Z,false,https://raw.githubusercontent.com/mykeels/inec-presidential-elections-2023/master/results/37-zamfara\3876-zurmi\26329-mashem\polling-units.json
ZAMFARA,ZURMI,MASHEM,TUNGAR NASARAWA II   /   TOWN  P. SCHOOL,36/14/07/005,https://docs.inecelectionresults.net/elections_prod/1292/state/1/lga/3876/ward/26329/pu/120997/120997-1677453771.pdf,2023-02-26T23:23:00.232Z,false,https://raw.githubusercontent.com/mykeels/inec-presidential-elections-2023/master/results/37-zamfara\3876-zurmi\26329-mashem\polling-units.json
ZAMFARA,ZURMI,RUKUDAWA,'KAWARI II/BAKIN KASUWA,36/14/09/020,https://docs.inecelectionresults.net/elections_prod/1292/state/01/lga/14/ward/09/pu/020/020-1677410922.pdf,2023-02-26T11:29:02.186Z,false,https://raw.githubusercontent.com/mykeels/inec-presidential-elections-2023/master/results/37-zamfara\3876-zurmi\26331-rukudawa\polling-units.json
ZAMFARA,ZURMI,RUKUDAWA,DUNMBURUM  /  TOWN PRIMARY SCHOOL,36/14/09/004,https://docs.inecelectionresults.net/elections_prod/1292/state/01/lga/14/ward/09/pu/004/004-1677413200.pdf,2023-02-26T12:45:05.285Z,false,https://raw.githubusercontent.com/mykeels/inec-presidential-elections-2023/master/results/37-zamfara\3876-zurmi\26331-rukudawa\polling-units.json
ZAMFARA,ZURMI,RUKUDAWA,GIDAN BADIYE / GARKAR BADIYE,36/14/09/012,https://docs.inecelectionresults.net/elections_prod/1292/state/01/lga/14/ward/09/pu/012/012-1677412319.pdf,2023-02-26T11:53:02.009Z,false,https://raw.githubusercontent.com/mykeels/inec-presidential-elections-2023/master/results/37-zamfara\3876-zurmi\26331-rukudawa\polling-units.json
ZAMFARA,ZURMI,RUKUDAWA,GIDAN FULANI / GARKAR ARDO,36/14/09/005,https://docs.inecelectionresults.net/elections_prod/1292/state/01/lga/14/ward/09/pu/005/005-1677418596.pdf,2023-02-26T13:37:02.033Z,false,https://raw.githubusercontent.com/mykeels/inec-presidential-elections-2023/master/results/37-zamfara\3876-zurmi\26331-rukudawa\polling-units.json
ZAMFARA,ZURMI,RUKUDAWA,GIDAN GOBIRAWA / YAR KASUWA,36/14/09/003,https://docs.inecelectionresults.net/elections_prod/1292/state/1/lga/3876/ward/26331/pu/121022/121022-1677484952.pdf,2023-02-27T08:03:00.612Z,false,https://raw.githubusercontent.com/mykeels/inec-presidential-elections-2023/master/results/37-zamfara\3876-zurmi\26331-rukudawa\polling-units.json
ZAMFARA,ZURMI,RUKUDAWA,GIDAN GOBIRAWA II/'YAR KASUWA,36/14/09/018,https://docs.inecelectionresults.net/elections_prod/1292/state/01/lga/14/ward/09/pu/018/018-1677421860.pdf,2023-02-26T15:20:36.439Z,false,https://raw.githubusercontent.com/mykeels/inec-presidential-elections-2023/master/results/37-zamfara\3876-zurmi\26331-rukudawa\polling-units.json
ZAMFARA,ZURMI,RUKUDAWA,GIDAN MADAWAKI / PRI. SCH.,36/14/09/009,https://docs.inecelectionresults.net/elections_prod/1292/state/01/lga/14/ward/09/pu/009/009-1677415612.pdf,2023-02-26T12:47:02.976Z,false,https://raw.githubusercontent.com/mykeels/inec-presidential-elections-2023/master/results/37-zamfara\3876-zurmi\26331-rukudawa\polling-units.json
ZAMFARA,ZURMI,RUKUDAWA,KAURA DAWA / GARKAR GALADIMA,36/14/09/011,https://docs.inecelectionresults.net/elections_prod/1292/state/01/lga/14/ward/09/pu/011/011-1677410270.pdf,2023-02-26T11:19:01.623Z,false,https://raw.githubusercontent.com/mykeels/inec-presidential-elections-2023/master/results/37-zamfara\3876-zurmi\26331-rukudawa\polling-units.json
ZAMFARA,ZURMI,RUKUDAWA,KAWARI BAKIN KASUWA,36/14/09/016,https://docs.inecelectionresults.net/elections_prod/1292/state/01/lga/14/ward/09/pu/016/016-1677426694.pdf,2023-02-26T15:52:00.659Z,false,https://raw.githubusercontent.com/mykeels/inec-presidential-elections-2023/master/results/37-zamfara\3876-zurmi\26331-rukudawa\polling-units.json
ZAMFARA,ZURMI,RUKUDAWA,KIMA / GARKAR MAI GARI,36/14/09/010,https://docs.inecelectionresults.net/elections_prod/1292/state/01/lga/14/ward/09/pu/010/010-1677420726.pdf,2023-02-26T14:12:59.975Z,false,https://raw.githubusercontent.com/mykeels/inec-presidential-elections-2023/master/results/37-zamfara\3876-zurmi\26331-rukudawa\polling-units.json
ZAMFARA,ZURMI,RUKUDAWA,LABANDI / PRIMARY SCHOOL,36/14/09/002,https://docs.inecelectionresults.net/elections_prod/1292/state/01/lga/14/ward/09/pu/002/002-1677419326.pdf,2023-02-26T13:49:02.940Z,false,https://raw.githubusercontent.com/mykeels/inec-presidential-elections-2023/master/results/37-zamfara\3876-zurmi\26331-rukudawa\polling-units.json
ZAMFARA,ZURMI,RUKUDAWA,LAMBAR GABAS / BARAN BAUSHI,36/14/09/013,https://docs.inecelectionresults.net/elections_prod/1292/state/1/lga/3876/ward/26331/pu/121032/121032-1677482560.pdf,2023-02-27T07:23:00.351Z,false,https://raw.githubusercontent.com/mykeels/inec-presidential-elections-2023/master/results/37-zamfara\3876-zurmi\26331-rukudawa\polling-units.json
ZAMFARA,ZURMI,RUKUDAWA,MADOBIYA  PRIMARY SCHOOL,36/14/09/007,https://docs.inecelectionresults.net/elections_prod/1292/state/01/lga/14/ward/09/pu/007/007-1677414416.pdf,2023-02-26T12:45:53.796Z,false,https://raw.githubusercontent.com/mykeels/inec-presidential-elections-2023/master/results/37-zamfara\3876-zurmi\26331-rukudawa\polling-units.json
ZAMFARA,ZURMI,RUKUDAWA,MADUDDUKI / BAKIN GARI,36/14/09/014,https://docs.inecelectionresults.net/elections_prod/1292/state/1/lga/3876/ward/26331/pu/121033/121033-1677482158.pdf,2023-02-27T07:16:59.888Z,false,https://raw.githubusercontent.com/mykeels/inec-presidential-elections-2023/master/results/37-zamfara\3876-zurmi\26331-rukudawa\polling-units.json
ZAMFARA,ZURMI,RUKUDAWA,MAI RABBANA / YAR TASHA,36/14/09/008,https://docs.inecelectionresults.net/elections_prod/1292/state/01/lga/14/ward/09/pu/008/008-1677411374.pdf,2023-02-26T11:37:00.883Z,false,https://raw.githubusercontent.com/mykeels/inec-presidential-elections-2023/master/results/37-zamfara\3876-zurmi\26331-rukudawa\polling-units.json
ZAMFARA,ZURMI,RUKUDAWA,RUKUDAWA  / M.P.S. RUKUDAWA,36/14/09/001,https://docs.inecelectionresults.net/elections_prod/1292/state/01/lga/14/ward/09/pu/001/001-1677418980.pdf,2023-02-26T13:43:59.851Z,false,https://raw.githubusercontent.com/mykeels/inec-presidential-elections-2023/master/results/37-zamfara\3876-zurmi\26331-rukudawa\polling-units.json
ZAMFARA,ZURMI,RUKUDAWA,RUKUDAWA II/MPS,36/14/09/017,https://docs.inecelectionresults.net/elections_prod/1292/state/1/lga/3876/ward/26331/pu/178618/178618-1677490328.pdf,2023-02-27T09:33:00.269Z,false,https://raw.githubusercontent.com/mykeels/inec-presidential-elections-2023/master/results/37-zamfara\3876-zurmi\26331-rukudawa\polling-units.json
ZAMFARA,ZURMI,RUKUDAWA,TSANU / TOWN PRIMARY SCHOOL,36/14/09/006,https://docs.inecelectionresults.net/elections_prod/1292/state/01/lga/14/ward/09/pu/006/006-1677420408.pdf,2023-02-26T14:07:02.265Z,false,https://raw.githubusercontent.com/mykeels/inec-presidential-elections-2023/master/results/37-zamfara\3876-zurmi\26331-rukudawa\polling-units.json
ZAMFARA,ZURMI,RUKUDAWA,TSANU II/M.P.S,36/14/09/019,https://docs.inecelectionresults.net/elections_prod/1292/state/01/lga/14/ward/09/pu/019/019-1677415409.pdf,2023-02-26T12:46:32.541Z,false,https://raw.githubusercontent.com/mykeels/inec-presidential-elections-2023/master/results/37-zamfara\3876-zurmi\26331-rukudawa\polling-units.json
ZAMFARA,ZURMI,RUKUDAWA,TUNGAR BUZU / YAR YARA,36/14/09/015,https://docs.inecelectionresults.net/elections_prod/1292/state/01/lga/14/ward/09/pu/015/015-1677409344.pdf,2023-02-26T11:03:02.979Z,false,https://raw.githubusercontent.com/mykeels/inec-presidential-elections-2023/master/results/37-zamfara\3876-zurmi\26331-rukudawa\polling-units.json
ZAMFARA,ZURMI,YAN BUKI/ DUTSI,BAYAN DUTSI / YAR YARA,36/14/10/016,https://docs.inecelectionresults.net/elections_prod/1292/state/01/lga/14/ward/10/pu/016/016-1677412879.pdf,2023-02-26T12:03:02.736Z,false,https://raw.githubusercontent.com/mykeels/inec-presidential-elections-2023/master/results/37-zamfara\3876-zurmi\26332-yan-buki-dutsi\polling-units.json
ZAMFARA,ZURMI,YAN BUKI/ DUTSI,DUNU / GARKAR MAI GARI,36/14/10/005,https://docs.inecelectionresults.net/elections_prod/1292/state/1/lga/3876/ward/26332/pu/121040/121040-1677482561.pdf,2023-02-27T07:23:00.175Z,false,https://raw.githubusercontent.com/mykeels/inec-presidential-elections-2023/master/results/37-zamfara\3876-zurmi\26332-yan-buki-dutsi\polling-units.json
ZAMFARA,ZURMI,YAN BUKI/ DUTSI,GIDAN BARMO / YAR KASUWA,36/14/10/004,https://docs.inecelectionresults.net/elections_prod/1292/state/01/lga/14/ward/10/pu/004/004-1677416553.pdf,2023-02-26T13:03:02.332Z,false,https://raw.githubusercontent.com/mykeels/inec-presidential-elections-2023/master/results/37-zamfara\3876-zurmi\26332-yan-buki-dutsi\polling-units.json
ZAMFARA,ZURMI,YAN BUKI/ DUTSI,GIDAN DAN NUNU / BAKIN KASUWA,36/14/10/018,https://docs.inecelectionresults.net/elections_prod/1292/state/1/lga/3876/ward/26332/pu/121053/121053-1677454871.pdf,2023-02-26T23:41:59.867Z,false,https://raw.githubusercontent.com/mykeels/inec-presidential-elections-2023/master/results/37-zamfara\3876-zurmi\26332-yan-buki-dutsi\polling-units.json
ZAMFARA,ZURMI,YAN BUKI/ DUTSI,GIDAN KARA   /   PRIMARY SCHOOL,36/14/10/008,https://docs.inecelectionresults.net/elections_prod/1292/state/1/lga/3876/ward/26332/pu/121043/121043-1677457306.pdf,2023-02-27T00:22:00.731Z,false,https://raw.githubusercontent.com/mykeels/inec-presidential-elections-2023/master/results/37-zamfara\3876-zurmi\26332-yan-buki-dutsi\polling-units.json
ZAMFARA,ZURMI,YAN BUKI/ DUTSI,GIDAN ZAGO / ADULT EDUCATION CLASS,36/14/10/007,https://docs.inecelectionresults.net/elections_prod/1292/state/1/lga/3876/ward/26332/pu/121042/121042-1677457797.pdf,2023-02-27T00:30:00.317Z,false,https://raw.githubusercontent.com/mykeels/inec-presidential-elections-2023/master/results/37-zamfara\3876-zurmi\26332-yan-buki-dutsi\polling-units.json
ZAMFARA,ZURMI,YAN BUKI/ DUTSI,MADUBA / PRIMARY SCHOOL,36/14/10/006,https://docs.inecelectionresults.net/elections_prod/1292/state/01/lga/14/ward/10/pu/006/006-1677405524.pdf,2023-02-26T09:59:02.353Z,false,https://raw.githubusercontent.com/mykeels/inec-presidential-elections-2023/master/results/37-zamfara\3876-zurmi\26332-yan-buki-dutsi\polling-units.json
ZAMFARA,ZURMI,YAN BUKI/ DUTSI,MAI ZUMA / PRIMARY SCHOOL,36/14/10/013,https://docs.inecelectionresults.net/elections_prod/1292/state/1/lga/3876/ward/26332/pu/121048/121048-1677455356.pdf,2023-02-26T23:50:00.136Z,false,https://raw.githubusercontent.com/mykeels/inec-presidential-elections-2023/master/results/37-zamfara\3876-zurmi\26332-yan-buki-dutsi\polling-units.json
ZAMFARA,ZURMI,YAN BUKI/ DUTSI,MARESUWA I / TOWN PRIMARY SCHOOL,36/14/10/011,https://docs.inecelectionresults.net/elections_prod/1292/state/1/lga/3876/ward/26332/pu/121046/121046-1677456276.pdf,2023-02-27T00:05:00.754Z,false,https://raw.githubusercontent.com/mykeels/inec-presidential-elections-2023/master/results/37-zamfara\3876-zurmi\26332-yan-buki-dutsi\polling-units.json
ZAMFARA,ZURMI,YAN BUKI/ DUTSI,MARESUWA II / GARKAR MAI GARI,36/14/10/012,https://docs.inecelectionresults.net/elections_prod/1292/state/1/lga/3876/ward/26332/pu/121047/121047-1677455826.pdf,2023-02-26T23:58:00.952Z,false,https://raw.githubusercontent.com/mykeels/inec-presidential-elections-2023/master/results/37-zamfara\3876-zurmi\26332-yan-buki-dutsi\polling-units.json
ZAMFARA,ZURMI,YAN BUKI/ DUTSI,RIMAYE / TOWN DISPEN.,36/14/10/003,https://docs.inecelectionresults.net/elections_prod/1292/state/1/lga/3876/ward/26332/pu/121038/121038-1677482281.pdf,2023-02-27T07:18:59.813Z,false,https://raw.githubusercontent.com/mykeels/inec-presidential-elections-2023/master/results/37-zamfara\3876-zurmi\26332-yan-buki-dutsi\polling-units.json
ZAMFARA,ZURMI,YAN BUKI/ DUTSI,RIMAYE II/DISPENSARY,36/14/10/020,https://docs.inecelectionresults.net/elections_prod/1292/state/01/lga/14/ward/10/pu/020/020-1677427530.pdf,2023-02-26T16:06:01.456Z,false,https://raw.githubusercontent.com/mykeels/inec-presidential-elections-2023/master/results/37-zamfara\3876-zurmi\26332-yan-buki-dutsi\polling-units.json
ZAMFARA,ZURMI,YAN BUKI/ DUTSI,SH/AUCHI I /  M.P.S DUTSI,36/14/10/010,https://docs.inecelectionresults.net/elections_prod/1292/state/01/lga/14/ward/10/pu/010/010-1677421197.pdf,2023-02-26T15:20:11.287Z,false,https://raw.githubusercontent.com/mykeels/inec-presidential-elections-2023/master/results/37-zamfara\3876-zurmi\26332-yan-buki-dutsi\polling-units.json
ZAMFARA,ZURMI,YAN BUKI/ DUTSI,SH/DARMA   /   R.H.C. DUTSI,36/14/10/009,https://docs.inecelectionresults.net/elections_prod/1292/state/1/lga/3876/ward/26332/pu/121044/121044-1677456744.pdf,2023-02-27T00:12:59.873Z,false,https://raw.githubusercontent.com/mykeels/inec-presidential-elections-2023/master/results/37-zamfara\3876-zurmi\26332-yan-buki-dutsi\polling-units.json
ZAMFARA,ZURMI,YAN BUKI/ DUTSI,SH/MAKERA / BAKIN MAKERA,36/14/10/002,https://docs.inecelectionresults.net/elections_prod/1292/state/1/lga/3876/ward/26332/pu/121037/121037-1677494513.pdf,2023-02-27T10:42:00.751Z,false,https://raw.githubusercontent.com/mykeels/inec-presidential-elections-2023/master/results/37-zamfara\3876-zurmi\26332-yan-buki-dutsi\polling-units.json
ZAMFARA,ZURMI,YAN BUKI/ DUTSI,SHIYAR AUCHI II  /  YAR KASUWA,36/14/10/015,https://docs.inecelectionresults.net/elections_prod/1292/state/1/lga/3876/ward/26332/pu/121050/121050-1677453493.pdf,2023-02-26T23:18:59.917Z,false,https://raw.githubusercontent.com/mykeels/inec-presidential-elections-2023/master/results/37-zamfara\3876-zurmi\26332-yan-buki-dutsi\polling-units.json
ZAMFARA,ZURMI,YAN BUKI/ DUTSI,TUNGAR MATA / TUNDUN MATSARA,36/14/10/017,https://docs.inecelectionresults.net/elections_prod/1292/state/01/lga/14/ward/10/pu/017/017-1677419155.pdf,2023-02-26T13:46:02.520Z,false,https://raw.githubusercontent.com/mykeels/inec-presidential-elections-2023/master/results/37-zamfara\3876-zurmi\26332-yan-buki-dutsi\polling-units.json
ZAMFARA,ZURMI,YAN BUKI/ DUTSI,YAR DONUWA / BAKIN KASUWA,36/14/10/014,https://docs.inecelectionresults.net/elections_prod/1292/state/1/lga/3876/ward/26332/pu/121049/121049-1677483456.pdf,2023-02-27T07:38:00.280Z,false,https://raw.githubusercontent.com/mykeels/inec-presidential-elections-2023/master/results/37-zamfara\3876-zurmi\26332-yan-buki-dutsi\polling-units.json
ZAMFARA,ZURMI,YAN BUKI/ DUTSI,YAR TANBUS / M.P.S. YANBUKI,36/14/10/001,https://docs.inecelectionresults.net/elections_prod/1292/state/01/lga/14/ward/10/pu/001/001-1677409915.pdf,2023-02-26T11:13:01.364Z,false,https://raw.githubusercontent.com/mykeels/inec-presidential-elections-2023/master/results/37-zamfara\3876-zurmi\26332-yan-buki-dutsi\polling-units.json
ZAMFARA,ZURMI,YAN BUKI/ DUTSI,YAR TANBUS II MPS,36/14/10/019,https://docs.inecelectionresults.net/elections_prod/1292/state/01/lga/14/ward/10/pu/019/019-1677424730.pdf,2023-02-26T15:24:02.354Z,false,https://raw.githubusercontent.com/mykeels/inec-presidential-elections-2023/master/results/37-zamfara\3876-zurmi\26332-yan-buki-dutsi\polling-units.json
ZAMFARA,ZURMI,ZURMI,ALI BAWA / SHIYAR ALI BAWA,36/14/11/020,https://docs.inecelectionresults.net/elections_prod/1292/state/1/lga/3876/ward/26333/pu/121073/121073-1677478301.pdf,2023-02-27T06:12:00.453Z,false,https://raw.githubusercontent.com/mykeels/inec-presidential-elections-2023/master/results/37-zamfara\3876-zurmi\26333-zurmi\polling-units.json
ZAMFARA,ZURMI,ZURMI,ALIBAWA II/ ATIKU M.P.S,36/14/11/030,https://docs.inecelectionresults.net/elections_prod/1292/state/1/lga/3876/ward/26333/pu/178631/178631-1677478191.pdf,2023-02-27T06:10:00.802Z,false,https://raw.githubusercontent.com/mykeels/inec-presidential-elections-2023/master/results/37-zamfara\3876-zurmi\26333-zurmi\polling-units.json
ZAMFARA,ZURMI,ZURMI,AWALA II/G.G.D.S.S ZURMI,36/14/11/025,https://docs.inecelectionresults.net/elections_prod/1292/state/1/lga/3876/ward/26333/pu/178626/178626-1677481898.pdf,2023-02-27T07:12:00.419Z,false,https://raw.githubusercontent.com/mykeels/inec-presidential-elections-2023/master/results/37-zamfara\3876-zurmi\26333-zurmi\polling-units.json
ZAMFARA,ZURMI,ZURMI,AWALA ZUMI/ AWALA,36/14/11/021,https://docs.inecelectionresults.net/elections_prod/1292/state/1/lga/3876/ward/26333/pu/121074/121074-1677479318.pdf,2023-02-27T06:29:00.224Z,false,https://raw.githubusercontent.com/mykeels/inec-presidential-elections-2023/master/results/37-zamfara\3876-zurmi\26333-zurmi\polling-units.json
ZAMFARA,ZURMI,ZURMI,BAKON GEBE / YAR MAGASA,36/14/11/012,https://docs.inecelectionresults.net/elections_prod/1292/state/1/lga/3876/ward/26333/pu/121065/121065-1677484234.pdf,2023-02-27T07:51:00.435Z,false,https://raw.githubusercontent.com/mykeels/inec-presidential-elections-2023/master/results/37-zamfara\3876-zurmi\26333-zurmi\polling-units.json
ZAMFARA,ZURMI,ZURMI,DADA SHIYAR SABON GARI  ZAWAYYA DADA,36/14/11/007,,,false,https://raw.githubusercontent.com/mykeels/inec-presidential-elections-2023/master/results/37-zamfara\3876-zurmi\26333-zurmi\polling-units.json
ZAMFARA,ZURMI,ZURMI,GIDAN GADAJE / GARKAR GADAJE,36/14/11/011,https://docs.inecelectionresults.net/elections_prod/1292/state/1/lga/3876/ward/26333/pu/121064/121064-1677479236.pdf,2023-02-27T06:28:00.421Z,false,https://raw.githubusercontent.com/mykeels/inec-presidential-elections-2023/master/results/37-zamfara\3876-zurmi\26333-zurmi\polling-units.json
ZAMFARA,ZURMI,ZURMI,GIDAN SHAHO  / GARKAR SARKIN NOMA,36/14/11/006,https://docs.inecelectionresults.net/elections_prod/1292/state/1/lga/3876/ward/26333/pu/121059/121059-1677479210.pdf,2023-02-27T06:27:00.201Z,false,https://raw.githubusercontent.com/mykeels/inec-presidential-elections-2023/master/results/37-zamfara\3876-zurmi\26333-zurmi\polling-units.json
ZAMFARA,ZURMI,ZURMI,GIDIDI/GARKAR ARDO,36/14/11/022,https://docs.inecelectionresults.net/elections_prod/1292/state/1/lga/3876/ward/26333/pu/121075/121075-1677484597.pdf,2023-02-27T07:57:00.445Z,false,https://raw.githubusercontent.com/mykeels/inec-presidential-elections-2023/master/results/37-zamfara\3876-zurmi\26333-zurmi\polling-units.json
ZAMFARA,ZURMI,ZURMI,KADAMUTSA I / M.P.S.  KADAMUTSA,36/14/11/002,,,false,https://raw.githubusercontent.com/mykeels/inec-presidential-elections-2023/master/results/37-zamfara\3876-zurmi\26333-zurmi\polling-units.json
ZAMFARA,ZURMI,ZURMI,KADAMUTSA II  - M.P.S. KADAMUTSA,36/14/11/003,https://docs.inecelectionresults.net/elections_prod/1292/state/1/lga/3876/ward/26333/pu/121056/121056-1677457012.pdf,2023-02-27T00:17:00.091Z,false,https://raw.githubusercontent.com/mykeels/inec-presidential-elections-2023/master/results/37-zamfara\3876-zurmi\26333-zurmi\polling-units.json
ZAMFARA,ZURMI,ZURMI,KADAMUTSA III/ M.P.S KADAMUTSA,36/14/11/034,https://docs.inecelectionresults.net/elections_prod/1292/state/1/lga/3876/ward/26333/pu/178635/178635-1677479577.pdf,2023-02-27T06:33:00.890Z,false,https://raw.githubusercontent.com/mykeels/inec-presidential-elections-2023/master/results/37-zamfara\3876-zurmi\26333-zurmi\polling-units.json
ZAMFARA,ZURMI,ZURMI,KADAMUTSA IV/M.P.S,36/14/11/035,https://docs.inecelectionresults.net/elections_prod/1292/state/1/lga/3876/ward/26333/pu/178636/178636-1677480688.pdf,2023-02-27T06:52:00.132Z,false,https://raw.githubusercontent.com/mykeels/inec-presidential-elections-2023/master/results/37-zamfara\3876-zurmi\26333-zurmi\polling-units.json
ZAMFARA,ZURMI,ZURMI,KATANGA I / ISAU M.P.S. ZURMI,36/14/11/016,https://docs.inecelectionresults.net/elections_prod/1292/state/1/lga/3876/ward/26333/pu/121069/121069-1677478400.pdf,2023-02-27T06:13:59.906Z,false,https://raw.githubusercontent.com/mykeels/inec-presidential-elections-2023/master/results/37-zamfara\3876-zurmi\26333-zurmi\polling-units.json
ZAMFARA,ZURMI,ZURMI,KATANGA II   /  BAKIN KOTU,36/14/11/017,https://docs.inecelectionresults.net/elections_prod/1292/state/1/lga/3876/ward/26333/pu/121070/121070-1677478319.pdf,2023-02-27T06:12:59.781Z,false,https://raw.githubusercontent.com/mykeels/inec-presidential-elections-2023/master/results/37-zamfara\3876-zurmi\26333-zurmi\polling-units.json
ZAMFARA,ZURMI,ZURMI,KATANGA III/ ISAU M.P.S,36/14/11/026,https://docs.inecelectionresults.net/elections_prod/1292/state/1/lga/3876/ward/26333/pu/178627/178627-1677486398.pdf,2023-02-27T08:27:00.083Z,false,https://raw.githubusercontent.com/mykeels/inec-presidential-elections-2023/master/results/37-zamfara\3876-zurmi\26333-zurmi\polling-units.json
ZAMFARA,ZURMI,ZURMI,KATANGA IV/ISAU M.P.S,36/14/11/027,https://docs.inecelectionresults.net/elections_prod/1292/state/1/lga/3876/ward/26333/pu/178628/178628-1677481038.pdf,2023-02-27T06:57:59.847Z,false,https://raw.githubusercontent.com/mykeels/inec-presidential-elections-2023/master/results/37-zamfara\3876-zurmi\26333-zurmi\polling-units.json
ZAMFARA,ZURMI,ZURMI,KOFAR KUKA / YAR KOFA,36/14/11/015,,,false,https://raw.githubusercontent.com/mykeels/inec-presidential-elections-2023/master/results/37-zamfara\3876-zurmi\26333-zurmi\polling-units.json
ZAMFARA,ZURMI,ZURMI,"KOFAR KUKA II/COURT LODGE, ZURMI",36/14/11/029,https://docs.inecelectionresults.net/elections_prod/1292/state/1/lga/3876/ward/26333/pu/178630/178630-1677477864.pdf,2023-02-27T06:05:00.358Z,false,https://raw.githubusercontent.com/mykeels/inec-presidential-elections-2023/master/results/37-zamfara\3876-zurmi\26333-zurmi\polling-units.json
ZAMFARA,ZURMI,ZURMI,MADUBA  / YAR KASUWA,36/14/11/001,,,false,https://raw.githubusercontent.com/mykeels/inec-presidential-elections-2023/master/results/37-zamfara\3876-zurmi\26333-zurmi\polling-units.json
ZAMFARA,ZURMI,ZURMI,MAJEMAWA I   /  J.N.I  ZURMI,36/14/11/013,https://docs.inecelectionresults.net/elections_prod/1292/state/1/lga/3876/ward/26333/pu/121066/121066-1677480692.pdf,2023-02-27T06:52:00.252Z,false,https://raw.githubusercontent.com/mykeels/inec-presidential-elections-2023/master/results/37-zamfara\3876-zurmi\26333-zurmi\polling-units.json
ZAMFARA,ZURMI,ZURMI,MAJEMAWA II  /  J.N.I. ZURMI,36/14/11/014,https://docs.inecelectionresults.net/elections_prod/1292/state/1/lga/3876/ward/26333/pu/121067/121067-1677452648.pdf,2023-02-26T23:04:59.901Z,false,https://raw.githubusercontent.com/mykeels/inec-presidential-elections-2023/master/results/37-zamfara\3876-zurmi\26333-zurmi\polling-units.json
ZAMFARA,ZURMI,ZURMI,MAJEMAWA III/ J.N.I ZURMI,36/14/11/031,,,false,https://raw.githubusercontent.com/mykeels/inec-presidential-elections-2023/master/results/37-zamfara\3876-zurmi\26333-zurmi\polling-units.json
ZAMFARA,ZURMI,ZURMI,MAJEMAWA IV/GIRLS' FOCAL PRI. SCH ZURMI,36/14/11/032,https://docs.inecelectionresults.net/elections_prod/1292/state/1/lga/3876/ward/26333/pu/178633/178633-1677484208.pdf,2023-02-27T07:51:00.076Z,false,https://raw.githubusercontent.com/mykeels/inec-presidential-elections-2023/master/results/37-zamfara\3876-zurmi\26333-zurmi\polling-units.json
ZAMFARA,ZURMI,ZURMI,MARMARO  /  PRI. SCH.,36/14/11/010,https://docs.inecelectionresults.net/elections_prod/1292/state/1/lga/3876/ward/26333/pu/121063/121063-1677478344.pdf,2023-02-27T06:12:59.959Z,false,https://raw.githubusercontent.com/mykeels/inec-presidential-elections-2023/master/results/37-zamfara\3876-zurmi\26333-zurmi\polling-units.json
ZAMFARA,ZURMI,ZURMI,NASARAWA I / M.P.S. NASARAWA,36/14/11/004,,,false,https://raw.githubusercontent.com/mykeels/inec-presidential-elections-2023/master/results/37-zamfara\3876-zurmi\26333-zurmi\polling-units.json
ZAMFARA,ZURMI,ZURMI,NASARAWA II / M.P.S. NASARAWA,36/14/11/005,https://docs.inecelectionresults.net/elections_prod/1292/state/1/lga/3876/ward/26333/pu/121058/121058-1677486698.pdf,2023-02-27T08:32:00.338Z,false,https://raw.githubusercontent.com/mykeels/inec-presidential-elections-2023/master/results/37-zamfara\3876-zurmi\26333-zurmi\polling-units.json
ZAMFARA,ZURMI,ZURMI,"NASARAWA IV/ M.P,S NASARAWA",36/14/11/024,https://docs.inecelectionresults.net/elections_prod/1292/state/1/lga/3876/ward/26333/pu/178625/178625-1677486536.pdf,2023-02-27T08:29:00.526Z,false,https://raw.githubusercontent.com/mykeels/inec-presidential-elections-2023/master/results/37-zamfara\3876-zurmi\26333-zurmi\polling-units.json
ZAMFARA,ZURMI,ZURMI,NASARAWAIII/ M.P.S NASARAWA,36/14/11/023,https://docs.inecelectionresults.net/elections_prod/1292/state/1/lga/3876/ward/26333/pu/178624/178624-1677484578.pdf,2023-02-27T07:57:00.238Z,false,https://raw.githubusercontent.com/mykeels/inec-presidential-elections-2023/master/results/37-zamfara\3876-zurmi\26333-zurmi\polling-units.json
ZAMFARA,ZURMI,ZURMI,RIMNI  /   YAR KOFAR,36/14/11/009,https://docs.inecelectionresults.net/elections_prod/1292/state/1/lga/3876/ward/26333/pu/121062/121062-1677456617.pdf,2023-02-27T00:11:00.249Z,false,https://raw.githubusercontent.com/mykeels/inec-presidential-elections-2023/master/results/37-zamfara\3876-zurmi\26333-zurmi\polling-units.json
ZAMFARA,ZURMI,ZURMI,SH/GALADIMA  /  YAR YARA,36/14/11/008,https://docs.inecelectionresults.net/elections_prod/1292/state/1/lga/3876/ward/26333/pu/121061/121061-1677494418.pdf,2023-02-27T10:41:01.290Z,false,https://raw.githubusercontent.com/mykeels/inec-presidential-elections-2023/master/results/37-zamfara\3876-zurmi\26333-zurmi\polling-units.json
ZAMFARA,ZURMI,ZURMI,SHIYAR GORA / WOMEN CENTRE ZURMI,36/14/11/018,https://docs.inecelectionresults.net/elections_prod/1292/state/1/lga/3876/ward/26333/pu/121071/121071-1677479335.pdf,2023-02-27T06:29:00.548Z,false,https://raw.githubusercontent.com/mykeels/inec-presidential-elections-2023/master/results/37-zamfara\3876-zurmi\26333-zurmi\polling-units.json
ZAMFARA,ZURMI,ZURMI,SHIYAR GORA II/WOMEN CENTRE,36/14/11/028,https://docs.inecelectionresults.net/elections_prod/1292/state/1/lga/3876/ward/26333/pu/178629/178629-1677483675.pdf,2023-02-27T07:42:00.926Z,false,https://raw.githubusercontent.com/mykeels/inec-presidential-elections-2023/master/results/37-zamfara\3876-zurmi\26333-zurmi\polling-units.json
ZAMFARA,ZURMI,ZURMI,SHIYAR MAMMAN  /  TOWN DISPENSARY ZURMI,36/14/11/019,https://docs.inecelectionresults.net/elections_prod/1292/state/1/lga/3876/ward/26333/pu/121072/121072-1677479142.pdf,2023-02-27T06:26:00.249Z,false,https://raw.githubusercontent.com/mykeels/inec-presidential-elections-2023/master/results/37-zamfara\3876-zurmi\26333-zurmi\polling-units.json
ZAMFARA,ZURMI,ZURMI,SHIYAR MAMMAN II/TOWN DISPENSARY,36/14/11/033,https://docs.inecelectionresults.net/elections_prod/1292/state/1/lga/3876/ward/26333/pu/178634/178634-1677479445.pdf,2023-02-27T06:31:00.620Z,false,https://raw.githubusercontent.com/mykeels/inec-presidential-elections-2023/master/results/37-zamfara\3876-zurmi\26333-zurmi\polling-units.json